x,t=1.00e+00s,t=2.00e+00s,t=3.00e+00s,t=4.00e+00s,t=5.00e+00s,t=6.00e+00s,t=7.00e+00s,t=8.00e+00s,t=9.00e+00s
3.030303030303030300e-04,1.816217274223718632e+25,1.816217324021848586e+25,1.816217373963043471e+25,1.816217423969067667e+25,1.816217474011620559e+25,1.816217524074168242e+25,1.816217574136780565e+25,1.816217624156545864e+25,1.816217674026967204e+25
0.000000000000000000e+00,1.816217273789524282e+25,1.816217323586886725e+25,1.816217373526835855e+25,1.816217423532289035e+25,1.816217473574523241e+25,1.816217523636893542e+25,1.816217573699504790e+25,1.816217623719642892e+25,1.816217673591361743e+25
6.060606060606060601e-04,1.816217278782021969e+25,1.816217328621707235e+25,1.816217378575642067e+25,1.816217428587550583e+25,1.816217478633440879e+25,1.816217528697810058e+25,1.816217578760402409e+25,1.816217628776149336e+25,1.816217678632628998e+25
3.030303030303030300e-04,1.816217274223717343e+25,1.816217324021847298e+25,1.816217373963042827e+25,1.816217423969066164e+25,1.816217474011619485e+25,1.816217524074167598e+25,1.816217574136779491e+25,1.816217624156545864e+25,1.816217674026964412e+25
9.090909090909090901e-04,1.816217285973799536e+25,1.816217335860493864e+25,1.816217385831594821e+25,1.816217435852030565e+25,1.816217485902889494e+25,1.816217535969962140e+25,1.816217586032309248e+25,1.816217636041287522e+25,1.816217685874710082e+25
6.060606060606060601e-04,1.816217278782021325e+25,1.816217328621706806e+25,1.816217378575640994e+25,1.816217428587549724e+25,1.816217478633438732e+25,1.816217528697809843e+25,1.816217578760400905e+25,1.816217628776148477e+25,1.816217678632627495e+25
1.212121212121212120e-03,1.816217296000078352e+25,1.816217345929293929e+25,1.816217395919930975e+25,1.816217445950973140e+25,1.816217496008221263e+25,1.816217546078718286e+25,1.816217596140296595e+25,1.816217646138897798e+25,1.816217695937871714e+25
9.090909090909090901e-04,1.816217285973799107e+25,1.816217335860493434e+25,1.816217385831593533e+25,1.816217435852030565e+25,1.816217485902889065e+25,1.816217535969959993e+25,1.816217586032310322e+25,1.816217636041286019e+25,1.816217685874708364e+25
1.515151515151515150e-03,1.816217308891085750e+25,1.816217358857935334e+25,1.816217408868823580e+25,1.816217458911792011e+25,1.816217508976471716e+25,1.816217559050827337e+25,1.816217609110673057e+25,1.816217659094249820e+25,1.816217708844736776e+25
1.212121212121212120e-03,1.816217296000077493e+25,1.816217345929292640e+25,1.816217395919930330e+25,1.816217445950971637e+25,1.816217496008220833e+25,1.816217546078716568e+25,1.816217596140295951e+25,1.816217646138897154e+25,1.816217695937869996e+25
1.818181818181818180e-03,1.816217324657501813e+25,1.816217374657208756e+25,1.816217424687983774e+25,1.816217474743515628e+25,1.816217524816260208e+25,1.816217574894557321e+25,1.816217624951109230e+25,1.816217674913576874e+25,1.816217724597896207e+25
1.515151515151515150e-03,1.816217308891084032e+25,1.816217358857934261e+25,1.816217408868822936e+25,1.816217458911791366e+25,1.816217508976471071e+25,1.816217559050826478e+25,1.816217609110672198e+25,1.816217659094248746e+25,1.816217708844735917e+25
2.121212121212120993e-03,1.816217343304607202e+25,1.816217393332720629e+25,1.816217443382340461e+25,1.816217493450518631e+25,1.816217543531561732e+25,1.816217593613474134e+25,1.816217643664397058e+25,1.816217693597706813e+25,1.816217743193213740e+25
1.818181818181818180e-03,1.816217324657502672e+25,1.816217374657209830e+25,1.816217424687983989e+25,1.816217474743516272e+25,1.816217524816259778e+25,1.816217574894557536e+25,1.816217624951110089e+25,1.816217674913576659e+25,1.816217724597896422e+25
2.424242424242424240e-03,1.816217364835472389e+25,1.816217414887970279e+25,1.816217464955011356e+25,1.816217515035486233e+25,1.816217565124691919e+25,1.816217615209424826e+25,1.816217665251373202e+25,1.816217715144847350e+25,1.816217764622217765e+25
2.121212121212120993e-03,1.816217343304608276e+25,1.816217393332720200e+25,1.816217443382340675e+25,1.816217493450519490e+25,1.816217543531561732e+25,1.816217593613473060e+25,1.816217643664396629e+25,1.816217693597707458e+25,1.816217743193212666e+25
2.727272727272727487e-03,1.816217389252027533e+25,1.816217439325362886e+25,1.816217489408216530e+25,1.816217539500330553e+25,1.816217589597220580e+25,1.816217639683430312e+25,1.816217689711740234e+25,1.816217739551190994e+25,1.816217788872183368e+25
2.424242424242424240e-03,1.816217364835471745e+25,1.816217414887970708e+25,1.816217464955011571e+25,1.816217515035487736e+25,1.816217565124692778e+25,1.816217615209423538e+25,1.816217665251371913e+25,1.816217715144847565e+25,1.816217764622218838e+25
3.030303030303030300e-03,1.816217416555539220e+25,1.816217466646628894e+25,1.816217516743633167e+25,1.816217566846507586e+25,1.816217616950283304e+25,1.816217667035975922e+25,1.816217717044259700e+25,1.816217766810815631e+25,1.816217815925319936e+25
2.727272727272727487e-03,1.816217389252027963e+25,1.816217439325363745e+25,1.816217489408217604e+25,1.816217539500331412e+25,1.816217589597222083e+25,1.816217639683429023e+25,1.816217689711739589e+25,1.816217739551192283e+25,1.816217788872184227e+25
3.333333333333333114e-03,1.816217446746851410e+25,1.816217496853034887e+25,1.816217546962562426e+25,1.816217597075170745e+25,1.816217647184713101e+25,1.816217697267099238e+25,1.816217747246687695e+25,1.816217796915227319e+25,1.816217845757373574e+25
3.030303030303030300e-03,1.816217416555540938e+25,1.816217466646630397e+25,1.816217516743633381e+25,1.816217566846508230e+25,1.816217616950284378e+25,1.816217667035977855e+25,1.816217717044260129e+25,1.816217766810815202e+25,1.816217815925321010e+25
3.636363636363636360e-03,1.816217479826516007e+25,1.816217529945515882e+25,1.816217580066021357e+25,1.816217630187234427e+25,1.816217680301085065e+25,1.816217730376349932e+25,1.816217780315549161e+25,1.816217829852606092e+25,1.816217878335605034e+25
3.333333333333333114e-03,1.816217446746850766e+25,1.816217496853035317e+25,1.816217546962561996e+25,1.816217597075170315e+25,1.816217647184714389e+25,1.816217697267099023e+25,1.816217747246687265e+25,1.816217796915226889e+25,1.816217845757374218e+25
3.939393939393939607e-03,1.816217515794885199e+25,1.816217565924760574e+25,1.816217616054799803e+25,1.816217666183409452e+25,1.816217716299710154e+25,1.816217766362712030e+25,1.816217816245770023e+25,1.816217865606726638e+25,1.816217913616019249e+25
3.636363636363636360e-03,1.816217479826516007e+25,1.816217529945516311e+25,1.816217580066021786e+25,1.816217630187233783e+25,1.816217680301085065e+25,1.816217730376350576e+25,1.816217780315548731e+25,1.816217829852606092e+25,1.816217878335605034e+25
4.242424242424241987e-03,1.816217554652170941e+25,1.816217604791256230e+25,1.816217654929503356e+25,1.816217705064218730e+25,1.816217755180619075e+25,1.816217805224441345e+25,1.816217855030152346e+25,1.816217904155459352e+25,1.816217951539627419e+25
3.939393939393939607e-03,1.816217515794886058e+25,1.816217565924759286e+25,1.816217616054798515e+25,1.816217666183407304e+25,1.816217716299708651e+25,1.816217766362712889e+25,1.816217816245767661e+25,1.816217865606724705e+25,1.816217913616018175e+25
4.545454545454545234e-03,1.816217596398473951e+25,1.816217646545351384e+25,1.816217696690576543e+25,1.816217746830010584e+25,1.816217796943499585e+25,1.816217846958839350e+25,1.816217896658639679e+25,1.816217945468743760e+25,1.816217992027427487e+25
4.242424242424241987e-03,1.816217554652171156e+25,1.816217604791255800e+25,1.816217654929502067e+25,1.816217705064217656e+25,1.816217755180618646e+25,1.816217805224442419e+25,1.816217855030151917e+25,1.816217904155459567e+25,1.816217951539627634e+25
4.848484848484848481e-03,1.816217641033821717e+25,1.816217691187271094e+25,1.816217741338335691e+25,1.816217791480948866e+25,1.816217841587628197e+25,1.816217891561930193e+25,1.816217941117305160e+25,1.816217989505830498e+25,1.816218034973668769e+25
4.545454545454545234e-03,1.816217596398475454e+25,1.816217646545351814e+25,1.816217696690576973e+25,1.816217746830010369e+25,1.816217796943498941e+25,1.816217846958839780e+25,1.816217896658639034e+25,1.816217945468743760e+25,1.816217992027427487e+25
5.151515151515151728e-03,1.816217688558181167e+25,1.816217738717151295e+25,1.816217788872980514e+25,1.816217839017001579e+25,1.816217889111743478e+25,1.816217939028013380e+25,1.816217988386964674e+25,1.816218036211546419e+25,1.816218080236846908e+25
4.848484848484848481e-03,1.816217641033822790e+25,1.816217691187271094e+25,1.816217741338336550e+25,1.816217791480949725e+25,1.816217841587628626e+25,1.816217891561930193e+25,1.816217941117305589e+25,1.816217989505830069e+25,1.816218034973669198e+25
5.454545454545454974e-03,1.816217738971471985e+25,1.816217789135049325e+25,1.816217839294593476e+25,1.816217889437917683e+25,1.816217939513886924e+25,1.816217989349043791e+25,1.816218038441284918e+25,1.816218085511255082e+25,1.816218127627644686e+25
5.151515151515151728e-03,1.816217688558180737e+25,1.816217738717150221e+25,1.816217788872979870e+25,1.816217839017003727e+25,1.816217889111743693e+25,1.816217939028014024e+25,1.816217988386965318e+25,1.816218036211545345e+25,1.816218080236846478e+25
5.757575757575757354e-03,1.816217792273584007e+25,1.816217842440958527e+25,1.816217892603164054e+25,1.816217942743166963e+25,1.816217992791149553e+25,1.816218042513759808e+25,1.816218091244187092e+25,1.816218137304030125e+25,1.816218176892816014e+25
5.454545454545454974e-03,1.816217738971471341e+25,1.816217789135047178e+25,1.816217839294593261e+25,1.816217889437917253e+25,1.816217939513885206e+25,1.816217989349043147e+25,1.816218038441284274e+25,1.816218085511253793e+25,1.816218127627644042e+25
6.060606060606060601e-03,1.816217848464377214e+25,1.816217898634827146e+25,1.816217948798568339e+25,1.816217998931881192e+25,1.816218048939339047e+25,1.816218098506494250e+25,1.816218146746308923e+25,1.816218191453453509e+25,1.816218227693637437e+25
5.757575757575757354e-03,1.816217792273584221e+25,1.816217842440958956e+25,1.816217892603164484e+25,1.816217942743166533e+25,1.816217992791149767e+25,1.816218042513760667e+25,1.816218091244187307e+25,1.816218137304031199e+25,1.816218176892815585e+25
6.363636363636363848e-03,1.816217907543688830e+25,1.816217957716551244e+25,1.816218007880561302e+25,1.816218058002733869e+25,1.816218107952499576e+25,1.816218157305515870e+25,1.816218204880162086e+25,1.816218247775151522e+25,1.816218279577133142e+25
6.060606060606060601e-03,1.816217848464377214e+25,1.816217898634826502e+25,1.816217948798567695e+25,1.816217998931880547e+25,1.816218048939338618e+25,1.816218098506494250e+25,1.816218146746307634e+25,1.816218191453453509e+25,1.816218227693638296e+25
6.666666666666666227e-03,1.816217969511341900e+25,1.816218019685985867e+25,1.816218069848758974e+25,1.816218119953788608e+25,1.816218169822229110e+25,1.816218218880738422e+25,1.816218265553519889e+25,1.816218306020009833e+25,1.816218331937644021e+25
6.363636363636363848e-03,1.816217907543688615e+25,1.816217957716549097e+25,1.816218007880561087e+25,1.816218058002732365e+25,1.816218107952496784e+25,1.816218157305513723e+25,1.816218204880159079e+25,1.816218247775150878e+25,1.816218279577132498e+25
6.969696969696969474e-03,1.816218034367143365e+25,1.816218084542942464e+25,1.816218134702593560e+25,1.816218184782266781e+25,1.816218234536738177e+25,1.816218283190561713e+25,1.816218328640404285e+25,1.816218365851488118e+25,1.816218383965572175e+25
6.666666666666666227e-03,1.816217969511342759e+25,1.816218019685985437e+25,1.816218069848759189e+25,1.816218119953788823e+25,1.816218169822228036e+25,1.816218218880739496e+25,1.816218265553520319e+25,1.816218306020010048e+25,1.816218331937645739e+25
7.272727272727272721e-03,1.816218102110889646e+25,1.816218152287185243e+25,1.816218202441254169e+25,1.816218252484218734e+25,1.816218302079517355e+25,1.816218350177490518e+25,1.816218393968753300e+25,1.816218426815052352e+25,1.816218434579029729e+25
6.969696969696969474e-03,1.816218034367144224e+25,1.816218084542943108e+25,1.816218134702592271e+25,1.816218184782267640e+25,1.816218234536737533e+25,1.816218283190562787e+25,1.816218328640404714e+25,1.816218365851488548e+25,1.816218383965572819e+25
7.575757575757575968e-03,1.816218172742361053e+25,1.816218222918422575e+25,1.816218273063602851e+25,1.816218323054049415e+25,1.816218372427476038e+25,1.816218419762091564e+25,1.816218461303631793e+25,1.816218488296957291e+25,1.816218482332781665e+25
7.272727272727272721e-03,1.816218102110889002e+25,1.816218152287186102e+25,1.816218202441254599e+25,1.816218252484218090e+25,1.816218302079517784e+25,1.816218350177489873e+25,1.816218393968753729e+25,1.816218426815052137e+25,1.816218434579029300e+25
7.878787878787879215e-03,1.816218246261332531e+25,1.816218296436291320e+25,1.816218346568043167e+25,1.816218396483856728e+25,1.816218445548334327e+25,1.816218491834655710e+25,1.816218530324310076e+25,1.816218549468742399e+25,1.816218525297054077e+25
7.575757575757575968e-03,1.816218172742359980e+25,1.816218222918423219e+25,1.816218273063603496e+25,1.816218323054049415e+25,1.816218372427477327e+25,1.816218419762091134e+25,1.816218461303631364e+25,1.816218488296956862e+25,1.816218482332781665e+25
8.181818181818182462e-03,1.816218322667564206e+25,1.816218372840329555e+25,1.816218422952325196e+25,1.816218472762480415e+25,1.816218521396983254e+25,1.816218566243680563e+25,1.816218600593071710e+25,1.816218609212529048e+25,1.816218560896349428e+25
7.878787878787879215e-03,1.816218246261332102e+25,1.816218296436291105e+25,1.816218346568042522e+25,1.816218396483855869e+25,1.816218445548333683e+25,1.816218491834656355e+25,1.816218530324311579e+25,1.816218549468742613e+25,1.816218525297053648e+25
8.484848484848483974e-03,1.816218401960804178e+25,1.816218452129944359e+25,1.816218502213279899e+25,1.816218551874151503e+25,1.816218599910374633e+25,1.816218642779978879e+25,1.816218671512688393e+25,1.816218666020554369e+25,1.816218585695295603e+25
8.181818181818182462e-03,1.816218322667563777e+25,1.816218372840328696e+25,1.816218422952324552e+25,1.816218472762479770e+25,1.816218521396982395e+25,1.816218566243680348e+25,1.816218600593071925e+25,1.816218609212528619e+25,1.816218560896350501e+25
8.787878787878787221e-03,1.816218484140783796e+25,1.816218534304357485e+25,1.816218584346419248e+25,1.816218633796587487e+25,1.816218681000411810e+25,1.816218721154782830e+25,1.816218742268586721e+25,1.816218717860181063e+25,1.816218595114432902e+25
8.484848484848483974e-03,1.816218401960804822e+25,1.816218452129944144e+25,1.816218502213279040e+25,1.816218551874151503e+25,1.816218599910373129e+25,1.816218642779978020e+25,1.816218671512688178e+25,1.816218666020552865e+25,1.816218585695295388e+25
9.090909090909090468e-03,1.816218569207212077e+25,1.816218619362515377e+25,1.816218669345372734e+25,1.816218718498280274e+25,1.816218764543983201e+25,1.816218800969557888e+25,1.816218811750209914e+25,1.816218761992718081e+25,1.816218583053414619e+25
8.787878787878787221e-03,1.816218484140784870e+25,1.816218534304356411e+25,1.816218584346420322e+25,1.816218633796587487e+25,1.816218681000411595e+25,1.816218721154782830e+25,1.816218742268586721e+25,1.816218717860182137e+25,1.816218595114432902e+25
9.393939393939393714e-03,1.816218657159765610e+25,1.816218707302980724e+25,1.816218757201061869e+25,1.816218805934658409e+25,1.816218850369065056e+25,1.816218881674440653e+25,1.816218878444140989e+25,1.816218794730403853e+25,1.816218541392052962e+25
9.090909090909090468e-03,1.816218569207212077e+25,1.816218619362514948e+25,1.816218669345372519e+25,1.816218718498279629e+25,1.816218764543983845e+25,1.816218800969557888e+25,1.816218811750209484e+25,1.816218761992718081e+25,1.816218583053413975e+25
9.696969696969696961e-03,1.816218747998078892e+25,1.816218798123749495e+25,1.816218847900525731e+25,1.816218896042656741e+25,1.816218938235315516e+25,1.816218962511029877e+25,1.816218940289056563e+25,1.816218811110897589e+25,1.816218459330444575e+25
9.393939393939393714e-03,1.816218657159766039e+25,1.816218707302979436e+25,1.816218757201061654e+25,1.816218805934658409e+25,1.816218850369065485e+25,1.816218881674439364e+25,1.816218878444140559e+25,1.816218794730404497e+25,1.816218541392053177e+25
1.000000000000000021e-02,1.816218841721723287e+25,1.816218891821999466e+25,1.816218941425227670e+25,1.816218988733013179e+25,1.816219027806997201e+25,1.816219042433720929e+25,1.816218994478983851e+25,1.816218804461715910e+25,1.816218322517418377e+25
9.696969696969696961e-03,1.816218747998079536e+25,1.816218798123749065e+25,1.816218847900525731e+25,1.816218896042656097e+25,1.816218938235315516e+25,1.816218962511028804e+25,1.816218940289055919e+25,1.816218811110898878e+25,1.816218459330445434e+25
1.030303030303030346e-02,1.816218938330173304e+25,1.816218988393713340e+25,1.816219037748620278e+25,1.816219083879374725e+25,1.816219118615232613e+25,1.816219120001610261e+25,1.816219037196751126e+25,1.816218765818074726e+25,1.816218111900996799e+25
1.000000000000000021e-02,1.816218841721722643e+25,1.816218891821999036e+25,1.816218941425227670e+25,1.816218988733012535e+25,1.816219027806997631e+25,1.816219042433720284e+25,1.816218994478983851e+25,1.816218804461715696e+25,1.816218322517419021e+25
1.060606060606060670e-02,1.816219037822769668e+25,1.816219087833130062e+25,1.816219136832639624e+25,1.816219181302886270e+25,1.816219210005395936e+25,1.816219193230048461e+25,1.816219063253214119e+25,1.816218683145872099e+25,1.816217802214476939e+25
1.030303030303030346e-02,1.816218938330174163e+25,1.816218988393713340e+25,1.816219037748620278e+25,1.816219083879375369e+25,1.816219118615233472e+25,1.816219120001609831e+25,1.816219037196750911e+25,1.816218765818074941e+25,1.816218111900997444e+25
1.090909090909090995e-02,1.816219140198649302e+25,1.816219190131947890e+25,1.816219238622673479e+25,1.816219280750373880e+25,1.816219301063844760e+25,1.816219259387048280e+25,1.816219065599520822e+25,1.816218540305890737e+25,1.816217359985661891e+25
1.060606060606060670e-02,1.816219037822771171e+25,1.816219087833130277e+25,1.816219136832639624e+25,1.816219181302886270e+25,1.816219210005394862e+25,1.816219193230048461e+25,1.816219063253213689e+25,1.816218683145873388e+25,1.816217802214478228e+25
1.121212121212121146e-02,1.816219245456649346e+25,1.816219295278152727e+25,1.816219343040330315e+25,1.816219381863512514e+25,1.816219390515972166e+25,1.816219314714214188e+25,1.816219034668513903e+25,1.816218315675051861e+25,1.816216740923370785e+25
1.090909090909090995e-02,1.816219140198650806e+25,1.816219190131948105e+25,1.816219238622674123e+25,1.816219280750373665e+25,1.816219301063844116e+25,1.816219259387048065e+25,1.816219065599520393e+25,1.816218540305891596e+25,1.816217359985661676e+25
1.151515151515151471e-02,1.816219353595158113e+25,1.816219403254302926e+25,1.816219449973035174e+25,1.816219484135258304e+25,1.816219476584423189e+25,1.816219354044704824e+25,1.816218957486516215e+25,1.816217980313892245e+25,1.816215886492266150e+25
1.121212121212121146e-02,1.816219245456649991e+25,1.816219295278152298e+25,1.816219343040329241e+25,1.816219381863512514e+25,1.816219390515971092e+25,1.816219314714215477e+25,1.816219034668512399e+25,1.816218315675051432e+25,1.816216740923369282e+25
1.181818181818181795e-02,1.816219464611902492e+25,1.816219514035038207e+25,1.816219559259108522e+25,1.816219586848302965e+25,1.816219556792097990e+25,1.816219370280730249e+25,1.816218816477094583e+25,1.816217495534752228e+25,1.816214719432081392e+25
1.151515151515151471e-02,1.816219353595159402e+25,1.816219403254302926e+25,1.816219449973035174e+25,1.816219484135257660e+25,1.816219476584422545e+25,1.816219354044706542e+25,1.816218957486516215e+25,1.816217980313891815e+25,1.816215886492266150e+25
1.212121212121212120e-02,1.816219578503626682e+25,1.816219627583414981e+25,1.816219670666315679e+25,1.816219688988190682e+25,1.816219627688656068e+25,1.816219353679783787e+25,1.816218587852183941e+25,1.816216809680061050e+25,1.816213137906925505e+25
1.181818181818181795e-02,1.816219464611904210e+25,1.816219514035038637e+25,1.816219559259108522e+25,1.816219586848302750e+25,1.816219556792096702e+25,1.816219370280729819e+25,1.816218816477094583e+25,1.816217495534752873e+25,1.816214719432080963e+25
1.242424242424242445e-02,1.816219695265605146e+25,1.816219743845568129e+25,1.816219783861074695e+25,1.816219789120773465e+25,1.816219684471197844e+25,1.816219290880796847e+25,1.816218239451529384e+25,1.816215853861556417e+25,1.816211007881117187e+25
1.212121212121212120e-02,1.816219578503626682e+25,1.816219627583414122e+25,1.816219670666315679e+25,1.816219688988191112e+25,1.816219627688654350e+25,1.816219353679784646e+25,1.816218587852184585e+25,1.816216809680061695e+25,1.816213137906925076e+25
1.272727272727272770e-02,1.816219814890931576e+25,1.816219862742899320e+25,1.816219898364283902e+25,1.816219885219418810e+25,1.816219720458669331e+25,1.816219163577126313e+25,1.816217727845757563e+25,1.816214536335729336e+25,1.816208153204697583e+25
1.242424242424242445e-02,1.816219695265605146e+25,1.816219743845567270e+25,1.816219783861075339e+25,1.816219789120774968e+25,1.816219684471198058e+25,1.816219290880797277e+25,1.816218239451529384e+25,1.816215853861556417e+25,1.816211007881116113e+25
1.303030303030303094e-02,1.816219937369453528e+25,1.816219984160651968e+25,1.816220013487915093e+25,1.816219974421610043e+25,1.816219726364348577e+25,1.816218946710782787e+25,1.816216994458587944e+25,1.816212735093263918e+25,1.816204342748878378e+25
1.272727272727272770e-02,1.816219814890931790e+25,1.816219862742898676e+25,1.816219898364283687e+25,1.816219885219418810e+25,1.816219720458669761e+25,1.816219163577125239e+25,1.816217727845757134e+25,1.816214536335728691e+25,1.816208153204696509e+25
1.333333333333333245e-02,1.816220062686179635e+25,1.816220107931225067e+25,1.816220128244116127e+25,1.816220052686312292e+25,1.816219689289998678e+25,1.816218606018716635e+25,1.816215960385129779e+25,1.816210288115261327e+25,1.816199273752139038e+25
1.303030303030303094e-02,1.816219937369455031e+25,1.816219984160651753e+25,1.816220013487914878e+25,1.816219974421610257e+25,1.816219726364348577e+25,1.816218946710781498e+25,1.816216994458589447e+25,1.816212735093264132e+25,1.816204342748879237e+25
1.363636363636363570e-02,1.816220190818905559e+25,1.816220233809766826e+25,1.816220241214910852e+25,1.816220114312067282e+25,1.816219591336819311e+25,1.816218094703730206e+25,1.816214519480489027e+25,1.816206980588958239e+25,1.816192550312952583e+25
1.333333333333333245e-02,1.816220062686178776e+25,1.816220107931224852e+25,1.816220128244115912e+25,1.816220052686311647e+25,1.816219689289999108e+25,1.816218606018715346e+25,1.816215960385129564e+25,1.816210288115261971e+25,1.816199273752139468e+25
1.393939393939393895e-02,1.816220321734674083e+25,1.816220361438518495e+25,1.816220350365522005e+25,1.816220151259806699e+25,1.816219407689642853e+25,1.816217348924994104e+25,1.816212529159268299e+25,1.816202528171945249e+25,1.816183655685468631e+25
1.363636363636363570e-02,1.816220190818904270e+25,1.816220233809768544e+25,1.816220241214910637e+25,1.816220114312066637e+25,1.816219591336819311e+25,1.816218094703730206e+25,1.816214519480490101e+25,1.816206980588958884e+25,1.816192550312952368e+25
1.424242424242424220e-02,1.816220455384498315e+25,1.816220490294699233e+25,1.816220452777084873e+25,1.816220152202159031e+25,1.816219103978156082e+25,1.816216281700006875e+25,1.816209798172699387e+25,1.816196555135343300e+25,1.816171916688052065e+25
1.393939393939393895e-02,1.816220321734673439e+25,1.816220361438519784e+25,1.816220350365520502e+25,1.816220151259807772e+25,1.816219407689643282e+25,1.816217348924994104e+25,1.816212529159268944e+25,1.816202528171945893e+25,1.816183655685468416e+25
1.454545454545454544e-02,1.816220591695475693e+25,1.816220619614364280e+25,1.816220544264152106e+25,1.816220101190146764e+25,1.816218632647440211e+25,1.816214774673195269e+25,1.816206070405571189e+25,1.816188565890102818e+25,1.816156458108015021e+25
1.424242424242424220e-02,1.816220455384498315e+25,1.816220490294699233e+25,1.816220452777082725e+25,1.816220152202159675e+25,1.816219103978155438e+25,1.816216281700006875e+25,1.816209798172699387e+25,1.816196555135343300e+25,1.816171916688052710e+25
1.484848484848484869e-02,1.816220730559004104e+25,1.816220748281177119e+25,1.816220618827722122e+25,1.816219975785314343e+25,1.816217927973412449e+25,1.816212667025886912e+25,1.816201003445600903e+25,1.816177907990617563e+25,1.816136144463958866e+25
1.454545454545454544e-02,1.816220591695475693e+25,1.816220619614364066e+25,1.816220544264152106e+25,1.816220101190147194e+25,1.816218632647438708e+25,1.816214774673195054e+25,1.816206070405572478e+25,1.816188565890102603e+25,1.816156458108015021e+25
1.515151515151515194e-02,1.816220871813208807e+25,1.816220874663965433e+25,1.816220667873559564e+25,1.816219744445988450e+25,1.816216899228110967e+25,1.816209740564795678e+25,1.816194140306552181e+25,1.816163724197757980e+25,1.816109505852736280e+25
1.484848484848484869e-02,1.816220730559004318e+25,1.816220748281176474e+25,1.816220618827722767e+25,1.816219975785313913e+25,1.816217927973411805e+25,1.816212667025886268e+25,1.816201003445600689e+25,1.816177907990617349e+25,1.816136144463957578e+25
1.545454545454545518e-02,1.816221015216654875e+25,1.816220996379520805e+25,1.816220679095969591e+25,1.816219362874346265e+25,1.816215421323859834e+25,1.816205699714674812e+25,1.816184872212367345e+25,1.816144890547332571e+25,1.816074643842909443e+25
1.515151515151515194e-02,1.816220871813209022e+25,1.816220874663965433e+25,1.816220667873559134e+25,1.816219744445987591e+25,1.816216899228110537e+25,1.816209740564796322e+25,1.816194140306552181e+25,1.816163724197756477e+25,1.816109505852735206e+25
1.575757575757575843e-02,1.816221160409082166e+25,1.816221109946366367e+25,1.816220634885146915e+25,1.816218768917770878e+25,1.816213322029243028e+25,1.816200144733761850e+25,1.816172389747279028e+25,1.816119936585275766e+25,1.816029112461303120e+25
1.545454545454545518e-02,1.816221015216655089e+25,1.816220996379521449e+25,1.816220679095969376e+25,1.816219362874345621e+25,1.816215421323859405e+25,1.816205699714674812e+25,1.816184872212367775e+25,1.816144890547331712e+25,1.816074643842909013e+25
1.606060606060605994e-02,1.816221306852707090e+25,1.816221210279507587e+25,1.816220510056670329e+25,1.816217875462281147e+25,1.816210364533779830e+25,1.816192535941358932e+25,1.816155618916152284e+25,1.816086942969397523e+25,1.815969768234917092e+25
1.575757575757575843e-02,1.816221160409083240e+25,1.816221109946367012e+25,1.816220634885146915e+25,1.816218768917770663e+25,1.816213322029242599e+25,1.816200144733762709e+25,1.816172389747278383e+25,1.816119936585275337e+25,1.816029112461302476e+25
1.636363636363636492e-02,1.816221453744440125e+25,1.816221289953413946e+25,1.816220268617730343e+25,1.816216560541952382e+25,1.816206223716756048e+25,1.816182146061456585e+25,1.816133137704065221e+25,1.816043410469210744e+25,1.815892581979208773e+25
1.606060606060605994e-02,1.816221306852706661e+25,1.816221210279505869e+25,1.816220510056670114e+25,1.816217875462281147e+25,1.816210364533778541e+25,1.816192535941358073e+25,1.816155618916152069e+25,1.816086942969396449e+25,1.815969768234916662e+25
1.666666666666666644e-02,1.816221599884622818e+25,1.816221338127328573e+25,1.816219859165937383e+25,1.816214653595419562e+25,1.816200453915687478e+25,1.816167996903389370e+25,1.816103067532658539e+25,1.815986092987986325e+25,1.815792403552017828e+25
1.636363636363636492e-02,1.816221453744440125e+25,1.816221289953413946e+25,1.816220268617730343e+25,1.816216560541952382e+25,1.816206223716757122e+25,1.816182146061455940e+25,1.816133137704065221e+25,1.816043410469211388e+25,1.815892581979210276e+25
1.696969696969696795e-02,1.816221743480648347e+25,1.816221338978871123e+25,1.816219208349573300e+25,1.816211916400644000e+25,1.816192445248726216e+25,1.816148775469311074e+25,1.816062932535765081e+25,1.815910785553071674e+25,1.815662669112568977e+25
1.666666666666666644e-02,1.816221599884622818e+25,1.816221338127329218e+25,1.816219859165937383e+25,1.816214653595418488e+25,1.816200453915687048e+25,1.816167996903388725e+25,1.816103067532658110e+25,1.815986092987986754e+25,1.815792403552018258e+25
1.727272727272727293e-02,1.816221881853131214e+25,1.816221269422044342e+25,1.816218211583158201e+25,1.816208016674669571e+25,1.816181364568955235e+25,1.816122723137590437e+25,1.816009477765509399e+25,1.815812056242521929e+25,1.815495038540782335e+25
1.696969696969696795e-02,1.816221743480647917e+25,1.816221338978870909e+25,1.816219208349572226e+25,1.816211916400641638e+25,1.816192445248724713e+25,1.816148775469308712e+25,1.816062932535764007e+25,1.815910785553069741e+25,1.815662669112569407e+25
1.757575757575757444e-02,1.816222010996156497e+25,1.816221095784457530e+25,1.816216719882615053e+25,1.816202491586180092e+25,1.816166075847850972e+25,1.816087489748807665e+25,1.815938435236582065e+25,1.815682908715746837e+25,1.815278948602485617e+25
1.727272727272727293e-02,1.816221881853131858e+25,1.816221269422044772e+25,1.816218211583158201e+25,1.816208016674668927e+25,1.816181364568954590e+25,1.816122723137589793e+25,1.816009477765509399e+25,1.815812056242522144e+25,1.815495038540782980e+25
1.787878787878787942e-02,1.816222124918997510e+25,1.816220768971823008e+25,1.816214521222854609e+25,1.816194697429519177e+25,1.816145033114780434e+25,1.816039942132480762e+25,1.815844224063936941e+25,1.815514359382795028e+25,1.815001065233065250e+25
1.757575757575757444e-02,1.816222010996155423e+25,1.816221095784455812e+25,1.816216719882614838e+25,1.816202491586179019e+25,1.816166075847850113e+25,1.816087489748808094e+25,1.815938435236581635e+25,1.815682908715745763e+25,1.815278948602484543e+25
1.818181818181818094e-02,1.816222214660510578e+25,1.816220217435398357e+25,1.816211314175990494e+25,1.816183740362974523e+25,1.816116136912629948e+25,1.815975913762647441e+25,1.815719567795051874e+25,1.815294910290765038e+25,1.814644616028418340e+25
1.787878787878787942e-02,1.816222124918996007e+25,1.816220768971823008e+25,1.816214521222854824e+25,1.816194697429520036e+25,1.816145033114781078e+25,1.816039942132479688e+25,1.815844224063937585e+25,1.815514359382795028e+25,1.815001065233064820e+25
1.848484848484848592e-02,1.816222266813141174e+25,1.816219336950967988e+25,1.816206670690373939e+25,1.816168381308801799e+25,1.816076542437199107e+25,1.815889878714487589e+25,1.815555008340425880e+25,1.815009895565545696e+25,1.814188581791320463e+25
1.818181818181818094e-02,1.816222214660508645e+25,1.816220217435397283e+25,1.816211314175988776e+25,1.816183740362974094e+25,1.816116136912627585e+25,1.815975913762647012e+25,1.815719567795051659e+25,1.815294910290763964e+25,1.814644616028416192e+25
1.878787878787878743e-02,1.816222261312109480e+25,1.816217975774696358e+25,1.816199983622953104e+25,1.816146905702367737e+25,1.816022403954610926e+25,1.815774528802793938e+25,1.815338291645438504e+25,1.814640675805319039e+25,1.813606723950257245e+25
1.848484848484848592e-02,1.816222266813142677e+25,1.816219336950967344e+25,1.816206670690373080e+25,1.816168381308801799e+25,1.816076542437198677e+25,1.815889878714487589e+25,1.815555008340426094e+25,1.815009895565546126e+25,1.814188581791320893e+25
1.909090909090909241e-02,1.816222168123293955e+25,1.816215913101890222e+25,1.816190392909258777e+25,1.816116945576443676e+25,1.815948535554604189e+25,1.815620227610662165e+25,1.815053595438968826e+25,1.814163651320173249e+25,1.812866423078430036e+25
1.878787878787878743e-02,1.816222261312108407e+25,1.816217975774695284e+25,1.816199983622952674e+25,1.816146905702368166e+25,1.816022403954609852e+25,1.815774528802793508e+25,1.815338291645437430e+25,1.814640675805317965e+25,1.813606723950257245e+25
1.939393939393939392e-02,1.816221942280323181e+25,1.816212827834302903e+25,1.816176681869621332e+25,1.816075237239030039e+25,1.815847962591173047e+25,1.815414308973079284e+25,1.814680564112452513e+25,1.813549061770982173e+25,1.811927302905575736e+25
1.909090909090909241e-02,1.816222168123294170e+25,1.816215913101890222e+25,1.816190392909259207e+25,1.816116945576444965e+25,1.815948535554605048e+25,1.815620227610661521e+25,1.815053595438968826e+25,1.814163651320173894e+25,1.812866423078431110e+25
1.969696969696969543e-02,1.816221516446674981e+25,1.816208253338519893e+25,1.816157131868870500e+25,1.816017292255293033e+25,1.815711331057773206e+25,1.815140180311396829e+25,1.814193110182137943e+25,1.812759536903782224e+25,1.810739614540084658e+25
1.939393939393939392e-02,1.816221942280322967e+25,1.816212827834302258e+25,1.816176681869621547e+25,1.816075237239030039e+25,1.815847962591173691e+25,1.815414308973079070e+25,1.814680564112452084e+25,1.813549061770982817e+25,1.811927302905575736e+25
2.000000000000000042e-02,1.816220789766595440e+25,1.816201511979311681e+25,1.816129319052020769e+25,1.815936952216694170e+25,1.815526133407257098e+25,1.814776183031665513e+25,1.813557936139733743e+25,1.811748361156292995e+25,1.809242357615458593e+25
1.969696969696969543e-02,1.816221516446674337e+25,1.816208253338518819e+25,1.816157131868869641e+25,1.816017292255293248e+25,1.815711331057772777e+25,1.815140180311396185e+25,1.814193110182136869e+25,1.812759536903781365e+25,1.810739614540083370e+25
2.030303030303030193e-02,1.816219611150156497e+25,1.816191620492536969e+25,1.816089830749434757e+25,1.815825788441164145e+25,1.815275698734250167e+25,1.814294153118636345e+25,1.812732725232548216e+25,1.810457414540640092e+25,1.807361119368406141e+25
2.000000000000000042e-02,1.816220789766595440e+25,1.816201511979312325e+25,1.816129319052020769e+25,1.815936952216694385e+25,1.815526133407257098e+25,1.814776183031665513e+25,1.813557936139734173e+25,1.811748361156293639e+25,1.809242357615457734e+25
2.060606060606060691e-02,1.816217754209660973e+25,1.816177153376082755e+25,1.816033870830037208e+25,1.815672295793662262e+25,1.814937882617536474e+25,1.813657615355025318e+25,1.811663945472796801e+25,1.808814754174748029e+25,1.805005619984636408e+25
2.030303030303030193e-02,1.816219611150155424e+25,1.816191620492536539e+25,1.816089830749434327e+25,1.815825788441163071e+25,1.815275698734250596e+25,1.814294153118635271e+25,1.812732725232546927e+25,1.810457414540639662e+25,1.807361119368404637e+25
2.090909090909090842e-02,1.816214879671234472e+25,1.816156045936849344e+25,1.815954712065169044e+25,1.815460814680873474e+25,1.814483377204184749e+25,1.812819534783689377e+25,1.810284208861805772e+25,1.806731806144861243e+25,1.802066963753457886e+25
2.060606060606060691e-02,1.816217754209660328e+25,1.816177153376082755e+25,1.816033870830036993e+25,1.815672295793662047e+25,1.814937882617537118e+25,1.813657615355024674e+25,1.811663945472797660e+25,1.808814754174749747e+25,1.805005619984637053e+25
2.121212121212121340e-02,1.816210478993631556e+25,1.816125310753836715e+25,1.815842938534916994e+25,1.815170096357483120e+25,1.813873545426909412e+25,1.811719539948104970e+25,1.808509128659283079e+25,1.804100147251346148e+25,1.798414611567449502e+25
2.090909090909090842e-02,1.816214879671234901e+25,1.816156045936849129e+25,1.815954712065167970e+25,1.815460814680872830e+25,1.814483377204183676e+25,1.812819534783688303e+25,1.810284208861805343e+25,1.806731806144859955e+25,1.802066963753459175e+25
2.151515151515151492e-02,1.816203789785248551e+25,1.816080630149517013e+25,1.815685401116028188e+25,1.814771403405913997e+25,1.813057665010438971e+25,1.810280525376568215e+25,1.806233623148234149e+25,1.800787872049471608e+25,1.793893112022218985e+25
2.121212121212121340e-02,1.816210478993632200e+25,1.816125310753838003e+25,1.815842938534916350e+25,1.815170096357483335e+25,1.813873545426908768e+25,1.811719539948104755e+25,1.808509128659283938e+25,1.804100147251346148e+25,1.798414611567449931e+25
2.181818181818181990e-02,1.816193668893397420e+25,1.816015771483231876e+25,1.815463782727597072e+25,1.814226009158269011e+25,1.811969449045552216e+25,1.808404537579828125e+25,1.803327626793224266e+25,1.796635564049911250e+25,1.788318656683104395e+25
2.151515151515151492e-02,1.816203789785248980e+25,1.816080630149515939e+25,1.815685401116025611e+25,1.814771403405913138e+25,1.813057665010436609e+25,1.810280525376568645e+25,1.806233623148233504e+25,1.800787872049470749e+25,1.793893112022218126e+25
2.212121212121212141e-02,1.816178401955299983e+25,1.815921749874010223e+25,1.815152635600938360e+25,1.813481926742359018e+25,1.810522691992553357e+25,1.805967852101160373e+25,1.799631191470837327e+25,1.791451922689399806e+25,1.781475560672308225e+25
2.181818181818181990e-02,1.816193668893398064e+25,1.816015771483231232e+25,1.815463782727596428e+25,1.814226009158269011e+25,1.811969449045552216e+25,1.808404537579828125e+25,1.803327626793224481e+25,1.796635564049911465e+25,1.788318656683103322e+25
2.242424242424242292e-02,1.816155417558295714e+25,1.815785631844283584e+25,1.814716708471168072e+25,1.812469660713484503e+25,1.808605875608003828e+25,1.802815162364160841e+25,1.794948994503338064e+25,1.785009141373745144e+25,1.773112812918658791e+25
2.212121212121212141e-02,1.816178401955299983e+25,1.815921749874010223e+25,1.815152635600938360e+25,1.813481926742360521e+25,1.810522691992552712e+25,1.805967852101160373e+25,1.799631191470837327e+25,1.791451922689400021e+25,1.781475560672308869e+25
2.272727272727272790e-02,1.816120858169290579e+25,1.815588829997574054e+25,1.814107325220228063e+25,1.811096733158621012e+25,1.806075562404906223e+25,1.798752828687763859e+25,1.789044319815838006e+25,1.777038187924726255e+25,1.762940890958111746e+25
2.242424242424242292e-02,1.816155417558294640e+25,1.815785631844282725e+25,1.814716708471166999e+25,1.812469660713484717e+25,1.808605875608002110e+25,1.802815162364159338e+25,1.794948994503336990e+25,1.785009141373745144e+25,1.773112812918657503e+25
2.303030303030302942e-02,1.816068935972301458e+25,1.815304678727437751e+25,1.813257506203366613e+25,1.809240694480230029e+25,1.802748410561465124e+25,1.793541183438437878e+25,1.781632647040786518e+25,1.767224207945750779e+25,1.750629091996518926e+25
2.272727272727272790e-02,1.816120858169289076e+25,1.815588829997574054e+25,1.814107325220227204e+25,1.811096733158620153e+25,1.806075562404905364e+25,1.798752828687763000e+25,1.789044319815837791e+25,1.777038187924726255e+25,1.762940890958111961e+25
2.333333333333333440e-02,1.815990965657045672e+25,1.814894998225364739e+25,1.812075437888565879e+25,1.806740291780596920e+25,1.798391671623223602e+25,1.786885962446140042e+25,1.772375073924926704e+25,1.755202353778399299e+25,1.735803692829740343e+25
2.303030303030302942e-02,1.816068935972300385e+25,1.815304678727436678e+25,1.813257506203366184e+25,1.809240694480228956e+25,1.802748410561464265e+25,1.793541183438437878e+25,1.781632647040785230e+25,1.767224207945747343e+25,1.750629091996517852e+25
2.363636363636363591e-02,1.815873911954928970e+25,1.814305241155922527e+25,1.810435795492069608e+25,1.803384443166657335e+25,1.792712091509947469e+25,1.778429040862835280e+25,1.760871912214789469e+25,1.740554435140110047e+25,1.718047312487867378e+25
2.333333333333333440e-02,1.815990965657045672e+25,1.814894998225363880e+25,1.812075437888565449e+25,1.806740291780597565e+25,1.798391671623224032e+25,1.786885962446140042e+25,1.772375073924927133e+25,1.755202353778398225e+25,1.735803692829740772e+25
2.393939393939394089e-02,1.815698208185107904e+25,1.813457663860127983e+25,1.808168309590321015e+25,1.798898667323961717e+25,1.785343239852452232e+25,1.767738801102637019e+25,1.746656936870627364e+25,1.722806888328600283e+25,1.696899907704934213e+25
2.363636363636363591e-02,1.815873911954929399e+25,1.814305241155920809e+25,1.810435795492068749e+25,1.803384443166656476e+25,1.792712091509946610e+25,1.778429040862832273e+25,1.760871912214789040e+25,1.740554435140109833e+25,1.718047312487866090e+25
2.424242424242424240e-02,1.815434479513119674e+25,1.812241760533490227e+25,1.805042848489379478e+25,1.792928663629433648e+25,1.775831459176169920e+25,1.754300657996845071e+25,1.729192930705395639e+25,1.701430662295194384e+25,1.671861875117473030e+25
2.393939393939394089e-02,1.815698208185108549e+25,1.813457663860127983e+25,1.808168309590321015e+25,1.798898667323960858e+25,1.785343239852452876e+25,1.767738801102637234e+25,1.746656936870627149e+25,1.722806888328599639e+25,1.696899907704934857e+25
2.454545454545454392e-02,1.815038620373674443e+25,1.810500931861737278e+25,1.800750178508943941e+25,1.785020856362870694e+25,1.763620873010691828e+25,1.737508515862516437e+25,1.707869344793430628e+25,1.675843711610709438e+25,1.642399756036629298e+25
2.424242424242424240e-02,1.815434479513120748e+25,1.812241760533490227e+25,1.805042848489379907e+25,1.792928663629432575e+25,1.775831459176168846e+25,1.754300657996845500e+25,1.729192930705395639e+25,1.701430662295193310e+25,1.671861875117473674e+25
2.484848484848484890e-02,1.814444398485965460e+25,1.808014016618828802e+25,1.794877491826073428e+25,1.774599944822425254e+25,1.748038240646496150e+25,1.716658232743581000e+25,1.682003076683209703e+25,1.645416853955203578e+25,1.607955028461587388e+25
2.454545454545454392e-02,1.815038620373673155e+25,1.810500931861736204e+25,1.800750178508943082e+25,1.785020856362870050e+25,1.763620873010690110e+25,1.737508515862515148e+25,1.707869344793429554e+25,1.675843711610707505e+25,1.642399756036627795e+25
2.515151515151515041e-02,1.813552341338765506e+25,1.804469886836576080e+25,1.786877802793498810e+25,1.760943888440643198e+25,1.728278913799738800e+25,1.690944508961285828e+25,1.650843533236740456e+25,1.609483774528546020e+25,1.567956414197856557e+25
2.484848484848484890e-02,1.814444398485965460e+25,1.808014016618828373e+25,1.794877491826073858e+25,1.774599944822424609e+25,1.748038240646497009e+25,1.716658232743581215e+25,1.682003076683209059e+25,1.645416853955203363e+25,1.607955028461585884e+25
2.545454545454545539e-02,1.812213034603043576e+25,1.799432795774715082e+25,1.776032483682488258e+25,1.743157362908812188e+25,1.703395747113350990e+25,1.659462977547650198e+25,1.613583263081158353e+25,1.567355919059456520e+25,1.521836013837852522e+25
2.515151515151515041e-02,1.813552341338764432e+25,1.804469886836575866e+25,1.786877802793498166e+25,1.760943888440642769e+25,1.728278913799738370e+25,1.690944508961284325e+25,1.650843533236738953e+25,1.609483774528545590e+25,1.567956414197855268e+25
2.575757575757575690e-02,1.810202019810553360e+25,1.792295597512297781e+25,1.761406654898778440e+25,1.720145618870621865e+25,1.672293534315967797e+25,1.621219612016763979e+25,1.569375475184651663e+25,1.518342885642396524e+25,1.469049397800680881e+25
2.545454545454545539e-02,1.812213034603043576e+25,1.799432795774715726e+25,1.776032483682487614e+25,1.743157362908811758e+25,1.703395747113350131e+25,1.659462977547649983e+25,1.613583263081157065e+25,1.567355919059456091e+25,1.521836013837851877e+25
2.606060606060606188e-02,1.807182061572272023e+25,1.782217397914413789e+25,1.741798033031164702e+25,1.690591927802129480e+25,1.633732350417428664e+25,1.575149817318582604e+25,1.517359655173275905e+25,1.461778678196820803e+25,1.409099520323467558e+25
2.575757575757575690e-02,1.810202019810553575e+25,1.792295597512297781e+25,1.761406654898776293e+25,1.720145618870621220e+25,1.672293534315966723e+25,1.621219612016763120e+25,1.569375475184651019e+25,1.518342885642395880e+25,1.469049397800678948e+25
2.636363636363636340e-02,1.802646422962568773e+25,1.768041805412928017e+25,1.715681412988086071e+25,1.652943460864849403e+25,1.586343997300085364e+25,1.520149639555320127e+25,1.456696193042612955e+25,1.397053799819473291e+25,1.341563984750715803e+25
2.606060606060606188e-02,1.807182061572272667e+25,1.782217397914414218e+25,1.741798033031164057e+25,1.690591927802130124e+25,1.633732350417429308e+25,1.575149817318582389e+25,1.517359655173275475e+25,1.461778678196820588e+25,1.409099520323466270e+25
2.666666666666666491e-02,1.795833580814701710e+25,1.748192037906217829e+25,1.681153540090429414e+25,1.605412515042640305e+25,1.528666428452085663e+25,1.455121296547130731e+25,1.386610387875054016e+25,1.323652631654607615e+25,1.266124782265518884e+25
2.636363636363636340e-02,1.802646422962568773e+25,1.768041805412928017e+25,1.715681412988084997e+25,1.652943460864850047e+25,1.586343997300084934e+25,1.520149639555320342e+25,1.456696193042612311e+25,1.397053799819472432e+25,1.341563984750714944e+25
2.696969696969696989e-02,1.785598987748097670e+25,1.720540292320076432e+25,1.635887115392148141e+25,1.546002369208093904e+25,1.459201331787769090e+25,1.379034548018481149e+25,1.306445350915659384e+25,1.241194868669186392e+25,1.182599175207595489e+25
2.666666666666666491e-02,1.795833580814700851e+25,1.748192037906216756e+25,1.681153540090426837e+25,1.605412515042640305e+25,1.528666428452083731e+25,1.455121296547130301e+25,1.386610387875052513e+25,1.323652631654606756e+25,1.266124782265517381e+25
2.727272727272727140e-02,1.770222227719932891e+25,1.682252046114477418e+25,1.577108513968462224e+25,1.472569420666259034e+25,1.376499632783693536e+25,1.291004137032394847e+25,1.215722169449978696e+25,1.149479000357504887e+25,1.090969938836139756e+25
2.696969696969696989e-02,1.785598987748098744e+25,1.720540292320076647e+25,1.635887115392147712e+25,1.546002369208093260e+25,1.459201331787769519e+25,1.379034548018480075e+25,1.306445350915658311e+25,1.241194868669186392e+25,1.182599175207595274e+25
2.757575757575757638e-02,1.747116986801577120e+25,1.629613175496143081e+25,1.501621846474985599e+25,1.382935004272523321e+25,1.279278088241600618e+25,1.190381515335312330e+25,1.114204251797024326e+25,1.048524998094297659e+25,9.914127665400636387e+24
2.727272727272727140e-02,1.770222227719933106e+25,1.682252046114477848e+25,1.577108513968461365e+25,1.472569420666258390e+25,1.376499632783693107e+25,1.291004137032394417e+25,1.215722169449978482e+25,1.149479000357504672e+25,1.090969938836139326e+25
2.787878787878787790e-02,1.712394819043755702e+25,1.557862104292146734e+25,1.405912275569219908e+25,1.275060341488438735e+25,1.166566842487005981e+25,1.076856268154914822e+25,1.001961155001250765e+25,9.386126062503891443e+24,8.843183516056122716e+24
2.757575757575757638e-02,1.747116986801577120e+25,1.629613175496142867e+25,1.501621846474985170e+25,1.382935004272522032e+25,1.279278088241600403e+25,1.190381515335311685e+25,1.114204251797023897e+25,1.048524998094298518e+25,9.914127665400634239e+24
2.818181818181818288e-02,1.660208940823512204e+25,1.461075987632094828e+25,1.286373109358625283e+25,1.147294672695476592e+25,1.037882308968809057e+25,9.505591942900517926e+24,8.794256063546059104e+24,8.203110727232345155e+24,7.703065596024229540e+24
2.787878787878787790e-02,1.712394819043755057e+25,1.557862104292146949e+25,1.405912275569219693e+25,1.275060341488437661e+25,1.166566842487005551e+25,1.076856268154913748e+25,1.001961155001249906e+25,9.386126062503885000e+24,8.843183516056120568e+24
2.848484848484848439e-02,1.581767038183101714e+25,1.332208122865736015e+25,1.139711194632781279e+25,9.986973143685039244e+24,8.934117622571318181e+24,8.121552516052633459e+24,7.474361818637703162e+24,6.944959624679558727e+24,6.502302712983207876e+24
2.818181818181818288e-02,1.660208940823512204e+25,1.461075987632094398e+25,1.286373109358625069e+25,1.147294672695477022e+25,1.037882308968809487e+25,9.505591942900516852e+24,8.794256063546055882e+24,8.203110727232340860e+24,7.703065596024224171e+24
2.878787878787878937e-02,1.463845999209642090e+25,1.163458157992639294e+25,9.635864334672723742e+24,8.294160842496308048e+24,7.341859440237790531e+24,6.629112793499862592e+24,6.072576071146137486e+24,5.623490402575297691e+24,5.251669594127171016e+24
2.848484848484848439e-02,1.581767038183100855e+25,1.332208122865734941e+25,1.139711194632780420e+25,9.986973143685034949e+24,8.934117622571312813e+24,8.121552516052629164e+24,7.474361818637701015e+24,6.944959624679549064e+24,6.502302712983202508e+24
2.909090909090909088e-02,1.286557068094820781e+25,9.473015192186317252e+24,7.575187353798209268e+24,6.410744196123241052e+24,5.622053581453547809e+24,5.047216882426046988e+24,4.605713407649327899e+24,4.253382100918574640e+24,3.963968786245808185e+24
2.878787878787878937e-02,1.463845999209641446e+25,1.163458157992639079e+25,9.635864334672719447e+24,8.294160842496300531e+24,7.341859440237787310e+24,6.629112793499861518e+24,6.072576071146137486e+24,5.623490402575293396e+24,5.251669594127172089e+24
2.939393939393939240e-02,1.019982822367289345e+25,6.787494026891258680e+24,5.240193139356896663e+24,4.370773297861267066e+24,3.804781812245645769e+24,3.400765952506482592e+24,3.094313463742072403e+24,2.851761894268707292e+24,2.653678579471089731e+24
2.909090909090909088e-02,1.286557068094819922e+25,9.473015192186317252e+24,7.575187353798208194e+24,6.410744196123238905e+24,5.622053581453549956e+24,5.047216882426048061e+24,4.605713407649327362e+24,4.253382100918574640e+24,3.963968786245806574e+24
2.969696969696969738e-02,6.191160061742176772e+24,3.598198707479069439e+24,2.697156495492747096e+24,2.226999587669786097e+24,1.929285916651764975e+24,1.719625298537603765e+24,1.561838540952919534e+24,1.437588645223870977e+24,1.336479846885707097e+24
2.939393939393939240e-02,1.019982822367288272e+25,6.787494026891255458e+24,5.240193139356895589e+24,4.370773297861263308e+24,3.804781812245639863e+24,3.400765952506482055e+24,3.094313463742069719e+24,2.851761894268705144e+24,2.653678579471088657e+24
2.999999999999999889e-02,1.624208406473433657e+23,7.877628604410371663e+22,5.834865262771214221e+22,4.799918980922474286e+22,4.151124989202111503e+22,3.696394025274358681e+22,3.355107349421185879e+22,3.086834550313694580e+22,2.868796050274976268e+22
2.969696969696969738e-02,6.191160061742168182e+24,3.598198707479067291e+24,2.697156495492744412e+24,2.226999587669785560e+24,1.929285916651763632e+24,1.719625298537601886e+24,1.561838540952916850e+24,1.437588645223869903e+24,1.336479846885704950e+24
