x,t=1.00e+00s,t=2.00e+00s,t=3.00e+00s,t=4.00e+00s,t=5.00e+00s,t=6.00e+00s,t=7.00e+00s,t=8.00e+00s,t=9.00e+00s
3.030303030303030300e-04,5.575778709476067093e+24,5.575779123300694032e+24,5.575779538462154238e+24,5.575779954236882086e+24,5.575780370367663797e+24,5.575780786733771062e+24,5.575781203266961144e+24,5.575781619921089989e+24,5.575782036654608083e+24
0.000000000000000000e+00,5.575778705135233841e+24,5.575779118955954507e+24,5.575779534103442111e+24,5.575779949871677043e+24,5.575780365998702805e+24,5.575780782362331873e+24,5.575781198893761018e+24,5.575781615546622848e+24,5.575782032279298055e+24
6.060606060606060601e-04,5.575778754979930260e+24,5.575779169249687610e+24,5.575779584553493769e+24,5.575780000394942861e+24,5.575780416564754014e+24,5.575780832956754562e+24,5.575781249508355021e+24,5.575781666175821887e+24,5.575782082918064134e+24
3.030303030303030300e-04,5.575778709476064946e+24,5.575779123300692958e+24,5.575779538462147795e+24,5.575779954236876718e+24,5.575780370367660576e+24,5.575780786733767840e+24,5.575781203266957923e+24,5.575781619921086767e+24,5.575782036654603788e+24
9.090909090909090901e-04,5.575778826809115790e+24,5.575779241571415694e+24,5.575779657063155664e+24,5.575780072999971283e+24,5.575780489227567999e+24,5.575780905658550745e+24,5.575781322238123252e+24,5.575781738925882765e+24,5.575782155681236473e+24
6.060606060606060601e-04,5.575778754979924892e+24,5.575779169249681167e+24,5.575779584553484106e+24,5.575780000394937492e+24,5.575780416564748645e+24,5.575780832956748120e+24,5.575781249508351800e+24,5.575781666175818666e+24,5.575782082918064134e+24
1.212121212121212120e-03,5.575778926993212625e+24,5.575779342185128444e+24,5.575779757885041184e+24,5.575780173938329874e+24,5.575780590239717349e+24,5.575781006721615858e+24,5.575781423338144412e+24,5.575781840052764650e+24,5.575782256825078110e+24
9.090909090909090901e-04,5.575778826809109348e+24,5.575779241571409252e+24,5.575779657063148147e+24,5.575780072999963767e+24,5.575780489227563705e+24,5.575780905658548597e+24,5.575781322238114662e+24,5.575781738925880617e+24,5.575782155681235399e+24
1.515151515151515150e-03,5.575779055834646593e+24,5.575779471395570969e+24,5.575779887305493651e+24,5.575780303487228707e+24,5.575780719873876652e+24,5.575781136416122673e+24,5.575781553077035419e+24,5.575781969823954884e+24,5.575782386615903861e+24
1.212121212121212120e-03,5.575778926993204035e+24,5.575779342185118780e+24,5.575779757885040110e+24,5.575780173938327726e+24,5.575780590239715202e+24,5.575781006721612637e+24,5.575781423338136896e+24,5.575781840052762502e+24,5.575782256825070594e+24
1.818181818181818180e-03,5.575779213439637603e+24,5.575779629314641127e+24,5.575780045425617670e+24,5.575780461740063994e+24,5.575780878218896970e+24,5.575781294828176693e+24,5.575781711539112923e+24,5.575782128322342042e+24,5.575782545135028195e+24
1.515151515151515150e-03,5.575779055834636929e+24,5.575779471395565601e+24,5.575779887305491504e+24,5.575780303487226559e+24,5.575780719873871283e+24,5.575781136416116230e+24,5.575781553077030050e+24,5.575781969823953811e+24,5.575782386615898492e+24
2.121212121212120993e-03,5.575779399860097852e+24,5.575779816000723628e+24,5.575780232297848349e+24,5.575780648743447942e+24,5.575781065317362904e+24,5.575781481997672796e+24,5.575781898762347656e+24,5.575782315584287316e+24,5.575782732416906412e+24
1.818181818181818180e-03,5.575779213439635456e+24,5.575779629314644348e+24,5.575780045425616597e+24,5.575780461740063994e+24,5.575780878218898044e+24,5.575781294828175619e+24,5.575781711539113996e+24,5.575782128322340968e+24,5.575782545135029268e+24
2.424242424242424240e-03,5.575779615125689457e+24,5.575780031490066924e+24,5.575780447955664958e+24,5.575780864526769937e+24,5.575781281195351347e+24,5.575781697948233301e+24,5.575782114768491481e+24,5.575782531629779484e+24,5.575782948479126404e+24
2.121212121212120993e-03,5.575779399860093557e+24,5.575779816000719333e+24,5.575780232297842980e+24,5.575780648743442573e+24,5.575781065317359683e+24,5.575781481997669574e+24,5.575781898762348730e+24,5.575782315584285168e+24,5.575782732416897822e+24
2.727272727272727487e-03,5.575779859254756225e+24,5.575780275807209235e+24,5.575780692422834772e+24,5.575781109111209538e+24,5.575781525871462730e+24,5.575781942696354106e+24,5.575782359572248219e+24,5.575782776471630433e+24,5.575783193331605250e+24
2.424242424242424240e-03,5.575779615125687310e+24,5.575780031490063702e+24,5.575780447955661737e+24,5.575780864526769937e+24,5.575781281195347052e+24,5.575781697948231154e+24,5.575782114768488260e+24,5.575782531629779484e+24,5.575782948479123182e+24
3.030303030303030300e-03,5.575780132259022340e+24,5.575780548969439953e+24,5.575780965717127144e+24,5.575781382513057556e+24,5.575781799360157134e+24,5.575782216254764419e+24,5.575782633184665597e+24,5.575783050118829531e+24,5.575783466979715954e+24
2.727272727272727487e-03,5.575779859254754077e+24,5.575780275807207087e+24,5.575780692422830477e+24,5.575781109111209538e+24,5.575781525871461656e+24,5.575781942696353032e+24,5.575782359572248219e+24,5.575782776471630433e+24,5.575783193331603102e+24
3.333333333333333114e-03,5.575780434146052316e+24,5.575780850989161869e+24,5.575781267852096992e+24,5.575781684745269758e+24,5.575782101673156597e+24,5.575782518633791488e+24,5.575782935614525752e+24,5.575783352577844998e+24,5.575783769425350450e+24
3.030303030303030300e-03,5.575780132259019119e+24,5.575780548969435658e+24,5.575780965717124997e+24,5.575781382513054334e+24,5.575781799360158207e+24,5.575782216254760124e+24,5.575782633184663450e+24,5.575783050118830605e+24,5.575783466979713807e+24
3.636363636363636360e-03,5.575780764920654368e+24,5.575781181875294558e+24,5.575781598838161758e+24,5.575782015818216344e+24,5.575782432820104396e+24,5.575782849842020954e+24,5.575783266868912158e+24,5.575783683853086691e+24,5.575784100667010868e+24
3.333333333333333114e-03,5.575780434146049095e+24,5.575780850989157575e+24,5.575781267852094844e+24,5.575781684745266537e+24,5.575782101673153376e+24,5.575782518633786119e+24,5.575782935614518236e+24,5.575783352577837482e+24,5.575783769425346155e+24
3.939393939393939607e-03,5.575781124585738335e+24,5.575781541634193496e+24,5.575781958683275722e+24,5.575782375740213444e+24,5.575782792808961252e+24,5.575783209886589978e+24,5.575783626953455517e+24,5.575784043946889999e+24,5.575784460699256557e+24
3.636363636363636360e-03,5.575780764920652220e+24,5.575781181875291337e+24,5.575781598838160684e+24,5.575782015818217418e+24,5.575782432820101175e+24,5.575782849842015585e+24,5.575783266868906789e+24,5.575783683853079175e+24,5.575784100667009794e+24
4.242424242424241987e-03,5.575781513142857923e+24,5.575781930270279279e+24,5.575782347393435733e+24,5.575782764517848464e+24,5.575783181646220082e+24,5.575783598773326831e+24,5.575784015872301545e+24,5.575784432859267807e+24,5.575784849511685107e+24
3.939393939393939607e-03,5.575781124585738335e+24,5.575781541634189201e+24,5.575781958683272501e+24,5.575782375740214518e+24,5.575782792808958031e+24,5.575783209886592126e+24,5.575783626953448000e+24,5.575784043946885704e+24,5.575784460699259778e+24
4.545454545454545234e-03,5.575781930592620870e+24,5.575782347786525098e+24,5.575782764973086007e+24,5.575783182156262481e+24,5.575783599337105714e+24,5.575784016506847530e+24,5.575784433628095944e+24,5.575784850587385437e+24,5.575785267087381864e+24
4.242424242424241987e-03,5.575781513142857923e+24,5.575781930270280353e+24,5.575782347393435733e+24,5.575782764517850612e+24,5.575783181646221156e+24,5.575783598773330053e+24,5.575784015872301545e+24,5.575784432859271028e+24,5.575784849511689402e+24
4.848484848484848481e-03,5.575782376934909063e+24,5.575782794184758462e+24,5.575783211425396230e+24,5.575783628659362839e+24,5.575784045885681186e+24,5.575784463090538655e+24,5.575784880221670863e+24,5.575785297124715611e+24,5.575785713400607087e+24
4.545454545454545234e-03,5.575781930592618722e+24,5.575782347786521877e+24,5.575782764973082785e+24,5.575783182156259259e+24,5.575783599337104640e+24,5.575784016506843235e+24,5.575784433628087354e+24,5.575784850587384363e+24,5.575785267087380790e+24
5.151515151515151728e-03,5.575782852169086848e+24,5.575783269465956475e+24,5.575783686752517107e+24,5.575784104030008915e+24,5.575784521294968009e+24,5.575784938526557354e+24,5.575785355651770023e+24,5.575785772459909953e+24,5.575786188413687472e+24
4.848484848484848481e-03,5.575782376934902621e+24,5.575782794184757388e+24,5.575783211425388713e+24,5.575783628659358544e+24,5.575784045885677965e+24,5.575784463090535434e+24,5.575784880221664420e+24,5.575785297124712390e+24,5.575785713400606014e+24
5.454545454545454974e-03,5.575783356294118064e+24,5.575783773630412270e+24,5.575784190955777931e+24,5.575784608270193573e+24,5.575785025567030988e+24,5.575785442815741146e+24,5.575785859914496817e+24,5.575786276575094956e+24,5.575786692072508578e+24
5.151515151515151728e-03,5.575782852169081479e+24,5.575783269465952180e+24,5.575783686752513886e+24,5.575784104030008915e+24,5.575784521294965862e+24,5.575784938526558428e+24,5.575785355651767876e+24,5.575785772459907806e+24,5.575786188413681030e+24
5.757575757575757354e-03,5.575783889308680934e+24,5.575784306677875663e+24,5.575784724035820799e+24,5.575785141381123698e+24,5.575785558702991109e+24,5.575785975957421090e+24,5.575786393002502554e+24,5.575786809443532302e+24,5.575787224300379468e+24
5.454545454545454974e-03,5.575783356294115917e+24,5.575783773630412270e+24,5.575784190955775783e+24,5.575784608270194647e+24,5.575785025567029914e+24,5.575785442815741146e+24,5.575785859914494669e+24,5.575786276575098178e+24,5.575786692072508578e+24
6.060606060606060601e-03,5.575784451211217460e+24,5.575784868607709927e+24,5.575785285992760601e+24,5.575785703363364080e+24,5.575786120703087816e+24,5.575786537949136169e+24,5.575786954903923462e+24,5.575787371026261268e+24,5.575787784989403049e+24
5.757575757575757354e-03,5.575783889308682008e+24,5.575784306677877811e+24,5.575784724035822946e+24,5.575785141381127993e+24,5.575785558702992182e+24,5.575785975957418943e+24,5.575786393002504702e+24,5.575786809443536597e+24,5.575787224300380542e+24
6.363636363636363848e-03,5.575785041999976368e+24,5.575785459418907892e+24,5.575785876826217234e+24,5.575786294216837407e+24,5.575786711566522247e+24,5.575787128786147961e+24,5.575787545600665917e+24,5.575787961267375338e+24,5.575788373988494182e+24
6.060606060606060601e-03,5.575784451211217460e+24,5.575784868607706706e+24,5.575785285992755233e+24,5.575785703363359785e+24,5.575786120703082448e+24,5.575786537949131874e+24,5.575786954903919167e+24,5.575787371026259120e+24,5.575787784989401976e+24
6.666666666666666227e-03,5.575785661673068946e+24,5.575786079110213279e+24,5.575786496535446593e+24,5.575786913940934870e+24,5.575787331291443269e+24,5.575787748460816792e+24,5.575788165066124744e+24,5.575788580087416545e+24,5.575788991086746350e+24
6.363636363636363848e-03,5.575785041999973147e+24,5.575785459418904671e+24,5.575785876826212939e+24,5.575786294216837407e+24,5.575786711566524395e+24,5.575787128786149035e+24,5.575787545600662696e+24,5.575787961267374264e+24,5.575788373988495256e+24
6.969696969696969474e-03,5.575786310228515215e+24,5.575786727680153989e+24,5.575787145119387823e+24,5.575787562534490383e+24,5.575787979874641470e+24,5.575788396961503302e+24,5.575788813261800930e+24,5.575789227374041427e+24,5.575789635990366611e+24
6.666666666666666227e-03,5.575785661673070020e+24,5.575786079110211131e+24,5.575786496535447667e+24,5.575786913940935943e+24,5.575787331291445417e+24,5.575787748460820014e+24,5.575788165066120449e+24,5.575788580087415471e+24,5.575788991086751719e+24
7.272727272727272721e-03,5.575786987664220304e+24,5.575787405127068942e+24,5.575787822576662238e+24,5.575788239995707578e+24,5.575788657311185151e+24,5.575789074271074865e+24,5.575789490132499850e+24,5.575789902968895616e+24,5.575790308290550313e+24
6.969696969696969474e-03,5.575786310228515215e+24,5.575786727680155062e+24,5.575787145119386749e+24,5.575787562534486088e+24,5.575787979874639322e+24,5.575788396961502228e+24,5.575788813261797709e+24,5.575789227374038206e+24,5.575789635990362316e+24
7.575757575757575968e-03,5.575787693978032435e+24,5.575788111449168212e+24,5.575788528905620571e+24,5.575788946322117922e+24,5.575789363593860916e+24,5.575789780364718382e+24,5.575790195599535556e+24,5.575790606649244254e+24,5.575791007419068989e+24
7.272727272727272721e-03,5.575786987664219230e+24,5.575787405127073237e+24,5.575787822576657943e+24,5.575788239995704357e+24,5.575788657311180856e+24,5.575789074271070570e+24,5.575789490132495555e+24,5.575789902968895616e+24,5.575790308290543871e+24
7.878787878787879215e-03,5.575788429167728962e+24,5.575788846644508326e+24,5.575789264104344045e+24,5.575789681510370266e+24,5.575790098712274944e+24,5.575790515206735159e+24,5.575790929551017707e+24,5.575791338102139918e+24,5.575791732586698775e+24
7.575757575757575968e-03,5.575787693978031361e+24,5.575788111449169286e+24,5.575788528905618423e+24,5.575788946322116848e+24,5.575789363593857695e+24,5.575789780364714087e+24,5.575790195599533408e+24,5.575790606649239959e+24,5.575791007419068989e+24
8.181818181818182462e-03,5.575789193231048584e+24,5.575789610711050248e+24,5.575790028170588540e+24,5.575790445555958115e+24,5.575790862651560206e+24,5.575791278745938848e+24,5.575791691828061505e+24,5.575792096888270805e+24,5.575792482697909478e+24
7.878787878787879215e-03,5.575788429167728962e+24,5.575788846644508326e+24,5.575789264104342971e+24,5.575789681510367044e+24,5.575790098712271723e+24,5.575790515206734085e+24,5.575790929551013412e+24,5.575791338102133476e+24,5.575791732586696627e+24
8.484848484848483974e-03,5.575789986165678462e+24,5.575790403646635756e+24,5.575790821101738421e+24,5.575791238452781544e+24,5.575791655390473794e+24,5.575792070909017580e+24,5.575792482205244517e+24,5.575792882391311255e+24,5.575793256232988124e+24
8.181818181818182462e-03,5.575789193231049658e+24,5.575789610711047027e+24,5.575790028170588540e+24,5.575790445555959189e+24,5.575790862651562354e+24,5.575791278745942070e+24,5.575791691828063652e+24,5.575792096888269732e+24,5.575792482697910552e+24
8.787878787878787221e-03,5.575790807969289650e+24,5.575791225448986371e+24,5.575791642894700238e+24,5.575792060192484693e+24,5.575792476898576199e+24,5.575792891590998059e+24,5.575793300362921318e+24,5.575793693747087004e+24,5.575794051085132995e+24
8.484848484848483974e-03,5.575789986165677388e+24,5.575790403646628240e+24,5.575790821101737347e+24,5.575791238452779397e+24,5.575791655390475941e+24,5.575792070909017580e+24,5.575792482205245590e+24,5.575792882391312329e+24,5.575793256232989198e+24
9.090909090909090468e-03,5.575791658639490925e+24,5.575792076115715165e+24,5.575792493545715894e+24,5.575792910763452896e+24,5.575793327132157541e+24,5.575793740641530659e+24,5.575794145847918098e+24,5.575794529744542904e+24,5.575794864335618535e+24
8.787878787878787221e-03,5.575790807969283208e+24,5.575791225448978855e+24,5.575791642894698090e+24,5.575792060192484693e+24,5.575792476898577273e+24,5.575792891590995912e+24,5.575793300362918097e+24,5.575793693747088078e+24,5.575794051085131921e+24
9.393939393939393714e-03,5.575792538173884621e+24,5.575792955644252674e+24,5.575793373050086695e+24,5.575793790149350245e+24,5.575794206028255747e+24,5.575794617845248541e+24,5.575795018018069601e+24,5.575795388687467518e+24,5.575795691943835074e+24
9.090909090909090468e-03,5.575791658639485556e+24,5.575792076115707649e+24,5.575792493545711599e+24,5.575792910763455043e+24,5.575793327132156468e+24,5.575793740641529586e+24,5.575794145847917024e+24,5.575794529744542904e+24,5.575794864335618535e+24
9.696969696969696961e-03,5.575793446570033345e+24,5.575793864031852265e+24,5.575794281401751368e+24,5.575794698326900166e+24,5.575795113496006487e+24,5.575795522893542198e+24,5.575795915963660950e+24,5.575796268201628697e+24,5.575796528320512963e+24
9.393939393939393714e-03,5.575792538173879253e+24,5.575792955644248379e+24,5.575793373050081326e+24,5.575793790149347024e+24,5.575794206028254673e+24,5.575794617845243173e+24,5.575795018018068527e+24,5.575795388687463223e+24,5.575795691943834000e+24
1.000000000000000021e-02,5.575794383825463195e+24,5.575794801275445185e+24,5.575795218592660072e+24,5.575795635262681369e+24,5.575796049403996648e+24,5.575796455344214683e+24,5.575796838396563808e+24,5.575797164966033173e+24,5.575797365740782005e+24
9.696969696969696961e-03,5.575793446570029050e+24,5.575793864031845822e+24,5.575794281401748147e+24,5.575794698326898018e+24,5.575795113496006487e+24,5.575795522893536830e+24,5.575795915963656655e+24,5.575796268201626550e+24,5.575796528320512963e+24
1.030303030303030346e-02,5.575795349937674500e+24,5.575795767371563247e+24,5.575796184611804804e+24,5.575796600908306755e+24,5.575797013561992465e+24,5.575797414563668124e+24,5.575797783493759979e+24,5.575798074338874640e+24,5.575798193538091996e+24
1.000000000000000021e-02,5.575794383825459973e+24,5.575794801275444111e+24,5.575795218592657924e+24,5.575795635262678148e+24,5.575796049403995574e+24,5.575796455344211461e+24,5.575796838396558439e+24,5.575797164966033173e+24,5.575797365740785226e+24
1.060606060606060670e-02,5.575796344904094574e+24,5.575796762316109053e+24,5.575797179443776296e+24,5.575797595193403282e+24,5.575798005694265626e+24,5.575798399644235272e+24,5.575798748676772290e+24,5.575798989837569979e+24,5.575798996998692431e+24
1.030303030303030346e-02,5.575795349937668057e+24,5.575795767371563247e+24,5.575796184611803730e+24,5.575796600908304607e+24,5.575797013561989243e+24,5.575797414563664902e+24,5.575797783493756758e+24,5.575798074338874640e+24,5.575798193538091996e+24
1.090909090909090995e-02,5.575797368722076645e+24,5.575797786104065008e+24,5.575798203066596127e+24,5.575798618015191311e+24,5.575799025401072789e+24,5.575799409286076487e+24,5.575799730301062217e+24,5.575799902416865451e+24,5.575799755847681238e+24
1.060606060606060670e-02,5.575796344904089206e+24,5.575796762316109053e+24,5.575797179443774149e+24,5.575797595193396840e+24,5.575798005694264552e+24,5.575798399644234198e+24,5.575798748676769068e+24,5.575798989837567831e+24,5.575798996998684915e+24
1.121212121212121146e-02,5.575798421388882671e+24,5.575798838729010135e+24,5.575799255448496571e+24,5.575799669223188072e+24,5.575800072102666383e+24,5.575800441628553954e+24,5.575800723219176955e+24,5.575800799467977247e+24,5.575800442179074273e+24
1.090909090909090995e-02,5.575797368722077719e+24,5.575797786104063934e+24,5.575798203066596127e+24,5.575798618015193459e+24,5.575799025401073863e+24,5.575799409286078634e+24,5.575799730301067585e+24,5.575799902416864377e+24,5.575799755847678017e+24
1.151515151515151471e-02,5.575799502901595295e+24,5.575799920182411408e+24,5.575800336543053326e+24,5.575800748596658017e+24,5.575801144958264684e+24,5.575801494009757540e+24,5.575801720167014693e+24,5.575801663432929812e+24,5.575801017630183918e+24
1.121212121212121146e-02,5.575798421388879450e+24,5.575798838729007987e+24,5.575799255448496571e+24,5.575799669223184851e+24,5.575800072102662088e+24,5.575800441628550733e+24,5.575800723219175881e+24,5.575800799467976174e+24,5.575800442179068904e+24
1.181818181818181795e-02,5.575800613257055568e+24,5.575801030452534976e+24,5.575801446281931315e+24,5.575801855811428823e+24,5.575802242748749814e+24,5.575802562623866256e+24,5.575802710902703003e+24,5.575802469889013312e+24,5.575801429531264656e+24
1.151515151515151471e-02,5.575799502901592073e+24,5.575799920182407113e+24,5.575800336543045810e+24,5.575800748596652648e+24,5.575801144958263610e+24,5.575801494009756466e+24,5.575801720167011472e+24,5.575801663432926591e+24,5.575801017630177475e+24
1.212121212121212120e-02,5.575801752451725511e+24,5.575802169522780790e+24,5.575802584564013050e+24,5.575802990391148891e+24,5.575803363707014389e+24,5.575803642033521300e+24,5.575803681000094203e+24,5.575803184905028333e+24,5.575801605668331953e+24
1.181818181818181795e-02,5.575800613257053420e+24,5.575801030452531754e+24,5.575801446281925947e+24,5.575801855811424528e+24,5.575802242748750888e+24,5.575802562623861961e+24,5.575802710902705150e+24,5.575802469889014386e+24,5.575801429531259287e+24
1.242424242424242445e-02,5.575802920481488399e+24,5.575803337369143206e+24,5.575803751239189424e+24,5.575804151635550646e+24,5.575804505272759683e+24,5.575804724476638730e+24,5.575804610160569409e+24,5.575803761398509361e+24,5.575801447173152062e+24
1.212121212121212120e-02,5.575801752451727659e+24,5.575802169522776495e+24,5.575802584564008755e+24,5.575802990391142449e+24,5.575803363707012241e+24,5.575803642033514857e+24,5.575803681000093129e+24,5.575803184905028333e+24,5.575801605668324436e+24
1.272727272727272770e-02,5.575804117341330930e+24,5.575804533956364835e+24,5.575804946084023352e+24,5.575805338515216326e+24,5.575805663738621466e+24,5.575805798882258515e+24,5.575805469854563545e+24,5.575804134125293250e+24,5.575800818890272479e+24
1.242424242424242445e-02,5.575802920481490546e+24,5.575803337369141058e+24,5.575803751239182981e+24,5.575804151635547425e+24,5.575804505272761830e+24,5.575804724476633361e+24,5.575804610160570483e+24,5.575803761398503992e+24,5.575801447173144546e+24
1.303030303030303094e-02,5.575805343024848235e+24,5.575805759232042783e+24,5.575806168765517431e+24,5.575806549516998888e+24,5.575806833739665894e+24,5.575806849474993695e+24,5.575806220031840508e+24,5.575804212800850997e+24,5.575799536353207925e+24
1.272727272727272770e-02,5.575804117341332004e+24,5.575804533956360540e+24,5.575804946084023352e+24,5.575805338515216326e+24,5.575805663738620392e+24,5.575805798882255294e+24,5.575805469854562471e+24,5.575804134125284660e+24,5.575800818890272479e+24
1.333333333333333245e-02,5.575806597523476148e+24,5.575807013117695111e+24,5.575807418786845949e+24,5.575807782417408796e+24,5.575808007518024538e+24,5.575807853799020079e+24,5.575806804540461729e+24,5.575803872675012073e+24,5.575797348215351564e+24
1.303030303030303094e-02,5.575805343024848235e+24,5.575805759232042783e+24,5.575806168765517431e+24,5.575806549517003183e+24,5.575806833739668042e+24,5.575806849474995843e+24,5.575806220031842656e+24,5.575804212800844554e+24,5.575799536353207925e+24
1.363636363636363570e-02,5.575807880825335865e+24,5.575808295495159754e+24,5.575808695406411936e+24,5.575809033950445544e+24,5.575809173864601553e+24,5.575808779924087278e+24,5.575807144758937729e+24,5.575802941644114043e+24,5.575793912604449164e+24
1.333333333333333245e-02,5.575806597523472927e+24,5.575807013117695111e+24,5.575807418786838433e+24,5.575807782417405575e+24,5.575808007518022391e+24,5.575807853799017932e+24,5.575806804540457434e+24,5.575803872675007778e+24,5.575797348215348343e+24
1.393939393939393895e-02,5.575809192913348447e+24,5.575809606185815464e+24,5.575809997517021143e+24,5.575810299321260255e+24,5.575810316597962698e+24,5.575809582501046511e+24,5.575807130760903798e+24,5.575801182666231780e+24,5.575788765376914194e+24
1.363636363636363570e-02,5.575807880825332644e+24,5.575808295495155459e+24,5.575808695406409789e+24,5.575809033950443396e+24,5.575809173864599406e+24,5.575808779924084057e+24,5.575807144758934508e+24,5.575802941644107600e+24,5.575793912604443795e+24
1.424242424242424220e-02,5.575810533762404442e+24,5.575810944919070711e+24,5.575811323465601858e+24,5.575811571494695425e+24,5.575811412380839454e+24,5.575810197202406281e+24,5.575806609080461122e+24,5.575798269822705873e+24,5.575781277606649547e+24
1.393939393939393895e-02,5.575809192913344152e+24,5.575809606185810095e+24,5.575809997517016848e+24,5.575810299321258107e+24,5.575810316597961624e+24,5.575809582501048659e+24,5.575807130760901651e+24,5.575801182666226412e+24,5.575788765376909899e+24
1.454545454545454544e-02,5.575811903334904632e+24,5.575812311284292262e+24,5.575812670784423716e+24,5.575812840155413209e+24,5.575812427589870965e+24,5.575810532899809653e+24,5.575805365805003659e+24,5.575793755807826833e+24,5.575770598811306155e+24
1.424242424242424220e-02,5.575810533762401221e+24,5.575810944919065342e+24,5.575811323465598637e+24,5.575811571494691130e+24,5.575811412380836233e+24,5.575810197202403060e+24,5.575806609080457900e+24,5.575798269822701578e+24,5.575781277606640957e+24
1.484848484848484869e-02,5.575813301573845139e+24,5.575813704657760671e+24,5.575814035790644600e+24,5.575814090189758699e+24,5.575813313834748408e+24,5.575810460677620657e+24,5.575803103262273102e+24,5.575787027888708598e+24,5.575755581346297563e+24
1.454545454545454544e-02,5.575811903334903559e+24,5.575812311284292262e+24,5.575812670784419421e+24,5.575812840155408914e+24,5.575812427589869891e+24,5.575810532899805358e+24,5.575805365805003659e+24,5.575793755807821465e+24,5.575770598811305081e+24
1.515151515151515194e-02,5.575814728392045641e+24,5.575815124091411301e+24,5.575815412989920081e+24,5.575815299471653820e+24,5.575814001553560834e+24,5.575809798432184102e+24,5.575799407948063178e+24,5.575777248404364239e+24,5.575734680020511449e+24
1.484848484848484869e-02,5.575813301573845139e+24,5.575813704657757450e+24,5.575814035790642452e+24,5.575814090189756552e+24,5.575813313834748408e+24,5.575810460677615288e+24,5.575803103262270955e+24,5.575787027888708598e+24,5.575755581346296489e+24
1.545454545454545518e-02,5.575816183655426924e+24,5.575816568143746825e+24,5.575816794189064246e+24,5.575816435637373240e+24,5.575814390873229317e+24,5.575808289327112123e+24,5.575793706510546545e+24,5.575763274600894079e+24,5.575705819232551813e+24
1.515151515151515194e-02,5.575814728392042420e+24,5.575815124091407006e+24,5.575815412989919008e+24,5.575815299471652747e+24,5.575814001553557613e+24,5.575809798432178733e+24,5.575799407948061030e+24,5.575777248404361018e+24,5.575734680020510375e+24
1.575757575757575843e-02,5.575817667156911434e+24,5.575818034622571913e+24,5.575818167176578833e+24,5.575817451393206702e+24,5.575814338589454257e+24,5.575805571717968970e+24,5.575785205497848266e+24,5.575743550944666177e+24,5.575666217701796234e+24
1.545454545454545518e-02,5.575816183655420482e+24,5.575816568143745751e+24,5.575816794189062098e+24,5.575816435637370019e+24,5.575814390873222875e+24,5.575808289327106755e+24,5.575793706510546545e+24,5.575763274600890858e+24,5.575705819232550739e+24
1.606060606060605994e-02,5.575819178575895969e+24,5.575819520193991216e+24,5.575819513762428014e+24,5.575818277697797587e+24,5.575813639652071289e+24,5.575801137263880165e+24,5.575772809101974616e+24,5.575715964914340855e+24,5.575612158068807323e+24
1.575757575757575843e-02,5.575817667156911434e+24,5.575818034622574061e+24,5.575818167176578833e+24,5.575817451393207776e+24,5.575814338589453183e+24,5.575805571717973265e+24,5.575785205497850413e+24,5.575743550944667251e+24,5.575666217701795160e+24
1.636363636363636492e-02,5.575820717415064119e+24,5.575821019788104004e+24,5.575820806868316161e+24,5.575818813870486418e+24,5.575812000887653246e+24,5.575794272725941053e+24,5.575755007183875675e+24,5.575677654519915238e+24,5.575538685142596711e+24
1.606060606060605994e-02,5.575819178575898117e+24,5.575819520193989068e+24,5.575819513762420498e+24,5.575818277697798661e+24,5.575813639652068068e+24,5.575801137263882313e+24,5.575772809101976764e+24,5.575715964914345150e+24,5.575612158068805176e+24
1.666666666666666644e-02,5.575822282901966014e+24,5.575822525696144061e+24,5.575822006212738217e+24,5.575818913261139584e+24,5.575809003780445626e+24,5.575783979304708395e+24,5.575729723302195128e+24,5.575624752281696281e+24,5.575439212240985527e+24
1.636363636363636492e-02,5.575820717415066266e+24,5.575821019788102930e+24,5.575820806868315088e+24,5.575818813870486418e+24,5.575812000887647878e+24,5.575794272725938905e+24,5.575755007183874601e+24,5.575677654519915238e+24,5.575538685142597785e+24
1.696969696969696795e-02,5.575823873835744906e+24,5.575824026199453107e+24,5.575823051918608068e+24,5.575818362523294309e+24,5.575804051869578541e+24,5.575768861149628977e+24,5.575694109118639345e+24,5.575552045945764333e+24,5.575305009755673063e+24
1.666666666666666644e-02,5.575822282901966014e+24,5.575822525696148356e+24,5.575822006212743586e+24,5.575818913261140658e+24,5.575809003780443478e+24,5.575783979304707321e+24,5.575729723302196202e+24,5.575624752281698429e+24,5.575439212240984454e+24
1.727272727272727293e-02,5.575825488348224237e+24,5.575825503488222326e+24,5.575823855053518987e+24,5.575816851686250999e+24,5.575796296574632553e+24,5.575746971698219064e+24,5.575644267201004990e+24,5.575452530609324361e+24,5.575124543621490293e+24
1.696969696969696795e-02,5.575823873835741684e+24,5.575824026199453107e+24,5.575823051918606995e+24,5.575818362523292162e+24,5.575804051869577467e+24,5.575768861149627903e+24,5.575694109118639345e+24,5.575552045945767554e+24,5.575305009755670916e+24
1.757575757575757444e-02,5.575827123531562973e+24,5.575826930503842074e+24,5.575824283647253187e+24,5.575813931020244247e+24,5.575784532858561863e+24,5.575715602536803577e+24,5.575574878631517472e+24,5.575316819948063752e+24,5.574882623629652853e+24
1.727272727272727293e-02,5.575825488348221016e+24,5.575825503488216958e+24,5.575823855053516839e+24,5.575816851686252073e+24,5.575796296574636848e+24,5.575746971698219064e+24,5.575644267201001769e+24,5.575452530609322214e+24,5.575124543621492441e+24
1.787878787878787942e-02,5.575828774857738155e+24,5.575828266150689799e+24,5.575824142049985394e+24,5.575808948987332701e+24,5.575767052843757410e+24,5.575670994217894146e+24,5.575478704642559907e+24,5.575132375628330685e+24,5.574559312369319322e+24
1.757575757575757444e-02,5.575827123531558678e+24,5.575826930503845295e+24,5.575824283647252114e+24,5.575813931020246395e+24,5.575784532858562937e+24,5.575715602536802504e+24,5.575574878631520694e+24,5.575316819948064825e+24,5.574882623629651780e+24
1.818181818181818094e-02,5.575830435273273168e+24,5.575829448039266326e+24,5.575823140500361854e+24,5.575800963168851848e+24,5.575741441005261121e+24,5.575607941547517027e+24,5.575345922383059693e+24,5.574882503492531678e+24,5.574128534927878430e+24
1.787878787878787942e-02,5.575828774857737081e+24,5.575828266150687651e+24,5.575824142049989689e+24,5.575808948987332701e+24,5.575767052843757410e+24,5.575670994217896293e+24,5.575478704642558834e+24,5.575132375628331759e+24,5.574559312369318248e+24
1.848484848484848592e-02,5.575832093787358514e+24,5.575830381495310124e+24,5.575820850324911226e+24,5.575788612683659594e+24,5.575704288470759006e+24,5.575519256805961072e+24,5.575163243459856050e+24,5.574545052486278815e+24,5.573556317325657169e+24
1.818181818181818094e-02,5.575830435273273168e+24,5.575829448039266326e+24,5.575823140500361854e+24,5.575800963168848627e+24,5.575741441005261121e+24,5.575607941547517027e+24,5.575345922383057546e+24,5.574882503492532752e+24,5.574128534927878430e+24
1.878787878787878743e-02,5.575833733269172460e+24,5.575830922924543929e+24,5.575816638086354011e+24,5.575769935880874929e+24,5.575650795735023947e+24,5.575395042627570987e+24,5.574912749654669034e+24,5.574090737357349729e+24,5.572798568128539972e+24
1.848484848484848592e-02,5.575832093787358514e+24,5.575830381495313345e+24,5.575820850324914448e+24,5.575788612683659594e+24,5.575704288470756858e+24,5.575519256805956777e+24,5.575163243459852829e+24,5.574545052486276668e+24,5.573556317325656095e+24
1.909090909090909241e-02,5.575835327011055731e+24,5.575830854653674380e+24,5.575809568950229272e+24,5.575742110494438120e+24,5.575574222074947637e+24,5.575221711176271581e+24,5.574570362738436863e+24,5.573480988806838686e+24,5.571798303087024551e+24
1.878787878787878743e-02,5.575833733269173534e+24,5.575830922924548224e+24,5.575816638086356159e+24,5.575769935880877077e+24,5.575650795735025021e+24,5.575395042627570987e+24,5.574912749654670108e+24,5.574090737357349729e+24,5.572798568128539972e+24
1.939393939393939392e-02,5.575836833364746963e+24,5.575829846910704778e+24,5.575798265134605188e+24,5.575701084290182548e+24,5.575465125279525331e+24,5.574980667052075744e+24,5.574103844169857779e+24,5.572665215088624369e+24,5.570482197571182126e+24
1.909090909090909241e-02,5.575835327011056804e+24,5.575830854653676528e+24,5.575809568950224977e+24,5.575742110494437046e+24,5.575574222074946563e+24,5.575221711176272655e+24,5.574570362738435789e+24,5.573480988806840834e+24,5.571798303087023477e+24
1.969696969696969543e-02,5.575838187368958147e+24,5.575827400422036831e+24,5.575780698964809772e+24,5.575641051593943993e+24,5.575310315932694532e+24,5.574646547211634342e+24,5.573470195360464695e+24,5.571577337380764327e+24,5.568756336954268990e+24
1.939393939393939392e-02,5.575836833364753405e+24,5.575829846910709073e+24,5.575798265134603041e+24,5.575701084290184695e+24,5.575465125279525331e+24,5.574980667052074671e+24,5.574103844169856705e+24,5.572665215088625443e+24,5.570482197571181052e+24
2.000000000000000042e-02,5.575839287677942306e+24,5.575822759827658687e+24,5.575753890950212565e+24,5.575553713733896325e+24,5.575091425122374415e+24,5.574184881212751495e+24,5.572612300006032983e+24,5.570131438333669952e+24,5.566501022365554959e+24
1.969696969696969543e-02,5.575838187368963516e+24,5.575827400422037905e+24,5.575780698964807624e+24,5.575641051593942919e+24,5.575310315932695606e+24,5.574646547211635416e+24,5.573470195360461473e+24,5.571577337380767548e+24,5.568756336954265769e+24
2.030303030303030193e-02,5.575839976150357210e+24,5.575814783217316059e+24,5.575713470284013700e+24,5.575427237761289699e+24,5.574782951582326688e+24,5.573548998485254515e+24,5.571454616979126700e+24,5.568216340341187169e+24,5.563564480416138385e+24
2.000000000000000042e-02,5.575839287677942306e+24,5.575822759827659760e+24,5.575753890950214712e+24,5.575553713733892030e+24,5.575091425122373341e+24,5.574184881212750421e+24,5.572612300006036204e+24,5.570131438333669952e+24,5.566501022365551738e+24
2.060606060606060691e-02,5.575840005971355602e+24,5.575801745776571092e+24,5.575653036635793331e+24,5.575244795767537799e+24,5.574349612180434032e+24,5.572675965474523834e+24,5.569897696275993664e+24,5.565688909352475388e+24,5.559755323370835685e+24
2.030303030303030193e-02,5.575839976150353989e+24,5.575814783217314986e+24,5.575713470284014773e+24,5.575427237761289699e+24,5.574782951582325614e+24,5.573548998485253441e+24,5.571454616979123479e+24,5.568216340341186095e+24,5.563564480416140533e+24
2.090909090909090842e-02,5.575838991857431230e+24,5.575781044636640107e+24,5.575563235850338806e+24,5.574982524086440786e+24,5.573742766492440970e+24,5.571481284209131571e+24,5.567811253195132790e+24,5.562365864517285194e+24,5.554833614432687693e+24
2.060606060606060691e-02,5.575840005971355602e+24,5.575801745776563576e+24,5.575653036635792257e+24,5.575244795767536726e+24,5.574349612180435106e+24,5.572675965474524908e+24,5.569897696275993664e+24,5.565688909352475388e+24,5.559755323370836758e+24
2.121212121212121340e-02,5.575836332260606765e+24,5.575748755828119154e+24,5.575430425162495157e+24,5.574606684441403170e+24,5.572895620118140158e+24,5.569852025681187604e+24,5.565025500197285421e+24,5.558013867971639947e+24,5.548500415925609466e+24
2.090909090909090842e-02,5.575838991857434451e+24,5.575781044636634738e+24,5.575563235850336659e+24,5.574982524086439712e+24,5.573742766492437749e+24,5.571481284209132645e+24,5.567811253195129569e+24,5.562365864517283046e+24,5.554833614432686620e+24
2.151515151515151492e-02,5.575831087806667681e+24,5.575698970231625755e+24,5.575234751699039984e+24,5.574069733816185620e+24,5.571716830899250806e+24,5.567638008203415912e+24,5.561320406330196793e+24,5.552337678488281169e+24,5.540385741799224989e+24
2.121212121212121340e-02,5.575836332260605691e+24,5.575748755828117007e+24,5.575430425162496231e+24,5.574606684441402096e+24,5.572895620118136937e+24,5.569852025681189752e+24,5.565025500197283273e+24,5.558013867971642095e+24,5.548500415925611613e+24
2.181818181818181990e-02,5.575821791315924315e+24,5.575622799931631374e+24,5.574947395915798614e+24,5.573304912079100496e+24,5.570082046578983889e+24,5.564640566321119029e+24,5.556412537469549685e+24,5.544966185154144501e+24,5.530034906549074289e+24
2.151515151515151492e-02,5.575831087806664459e+24,5.575698970231628976e+24,5.575234751699043205e+24,5.574069733816185620e+24,5.571716830899245437e+24,5.567638008203416986e+24,5.561320406330195719e+24,5.552337678488281169e+24,5.540385741799224989e+24
2.212121212121212141e-02,5.575806150853266128e+24,5.575506894092877741e+24,5.574526632060258236e+24,5.572218831428002114e+24,5.567822792550816762e+24,5.560598396365996550e+24,5.549939136477227383e+24,5.535436202197303276e+24,5.516893367522058645e+24
2.181818181818181990e-02,5.575821791315925389e+24,5.575622799931632448e+24,5.574947395915801835e+24,5.573304912079100496e+24,5.570082046578981742e+24,5.564640566321120102e+24,5.556412537469547537e+24,5.544966185154146648e+24,5.530034906549073215e+24
2.242424242424242292e-02,5.575780585505922507e+24,5.575331226723826209e+24,5.573912221575754245e+24,5.570681394993245685e+24,5.564712007709203571e+24,5.555169920646182322e+24,5.541439143600424810e+24,5.523174014895603782e+24,5.500290304014953994e+24
2.212121212121212141e-02,5.575806150853267202e+24,5.575506894092874520e+24,5.574526632060259309e+24,5.572218831427999967e+24,5.567822792550821057e+24,5.560598396365997624e+24,5.549939136477231678e+24,5.535436202197307571e+24,5.516893367522058645e+24
2.272727272727272790e-02,5.575739499556526512e+24,5.575065806490962145e+24,5.573017471105013159e+24,5.568512180046959099e+24,5.560445402866120495e+24,5.547911599021131001e+24,5.530330950702123876e+24,5.507474831942535482e+24,5.479421371283051137e+24
2.242424242424242292e-02,5.575780585505918212e+24,5.575331226723820841e+24,5.573912221575755319e+24,5.570681394993243538e+24,5.564712007709206793e+24,5.555169920646180174e+24,5.541439143600426957e+24,5.523174014895603782e+24,5.500290304014955068e+24
2.303030303030302942e-02,5.575674147464600544e+24,5.574665795527225104e+24,5.571718040633097820e+24,5.565462193668717613e+24,5.554617704083536088e+24,5.538251656243082852e+24,5.515886848831663936e+24,5.487480535126329522e+24,5.453331315401615871e+24
2.272727272727272790e-02,5.575739499556525438e+24,5.575065806490956777e+24,5.573017471105008864e+24,5.568512180046959099e+24,5.560445402866128012e+24,5.547911599021134222e+24,5.530330950702126024e+24,5.507474831942533335e+24,5.479421371283053285e+24
2.333333333333333440e-02,5.575570858719931473e+24,5.574064288073304219e+24,5.569836263721885736e+24,5.561189650407602220e+24,5.546692766386324884e+24,5.525458815975471899e+24,5.497204391342915952e+24,5.462156435217133548e+24,5.420897437135209065e+24
2.303030303030302942e-02,5.575674147464600544e+24,5.574665795527226178e+24,5.571718040633095672e+24,5.565462193668715465e+24,5.554617704083538236e+24,5.538251656243087147e+24,5.515886848831665010e+24,5.487480535126330596e+24,5.453331315401615871e+24
2.363636363636363591e-02,5.575408261164836749e+24,5.573161660512954273e+24,5.567119324694719213e+24,5.555228147192045219e+24,5.535966538545441219e+24,5.508605876876972845e+24,5.473175280578213712e+24,5.430268152833421622e+24,5.380815245061796194e+24
2.333333333333333440e-02,5.575570858719932546e+24,5.574064288073307440e+24,5.569836263721887884e+24,5.561189650407600073e+24,5.546692766386324884e+24,5.525458815975471899e+24,5.497204391342913805e+24,5.462156435217132475e+24,5.420897437135210138e+24
2.393939393939394089e-02,5.575152937138773945e+24,5.571809920665662616e+24,5.563209113666405462e+24,5.546945351135327800e+24,5.521521981152588112e+24,5.486528380824992927e+24,5.442452920892098074e+24,5.390360247386328334e+24,5.331588027213256526e+24
2.363636363636363591e-02,5.575408261164835675e+24,5.573161660512954273e+24,5.567119324694721361e+24,5.555228147192044146e+24,5.535966538545442293e+24,5.508605876876971772e+24,5.473175280578213712e+24,5.430268152833419474e+24,5.380815245061794046e+24
2.424242424242424240e-02,5.574752627021340222e+24,5.569789801167046597e+24,5.557600944687826304e+24,5.535490126348002334e+24,5.502175363907701516e+24,5.457779264163995363e+24,5.403420485188450699e+24,5.340738807341592481e+24,5.271522472065771246e+24
2.393939393939394089e-02,5.575152937138775019e+24,5.571809920665662616e+24,5.563209113666403315e+24,5.546945351135327800e+24,5.521521981152593481e+24,5.486528380824987558e+24,5.442452920892101296e+24,5.390360247386322965e+24,5.331588027213257600e+24
2.454545454545454392e-02,5.574125594027448596e+24,5.566777388563040582e+24,5.549587589256939957e+24,5.519725998383413217e+24,5.476413994984825573e+24,5.420581308957516649e+24,5.354162224614703886e+24,5.279460865393022529e+24,5.198732845164753437e+24
2.424242424242424240e-02,5.574752627021340222e+24,5.569789801167047671e+24,5.557600944687828452e+24,5.535490126348005556e+24,5.502175363907702590e+24,5.457779264163996437e+24,5.403420485188457142e+24,5.340738807341595702e+24,5.271522472065774467e+24
2.484848484848484890e-02,5.573143979966270651e+24,5.562295769187652544e+24,5.538184297981373260e+24,5.498149133234958324e+24,5.442326492794220586e+24,5.372780476108900854e+24,5.292441797621867564e+24,5.204334163643816212e+24,5.111156521724384800e+24
2.454545454545454392e-02,5.574125594027449670e+24,5.566777388563035213e+24,5.549587589256938883e+24,5.519725998383413217e+24,5.476413994984823425e+24,5.420581308957518796e+24,5.354162224614704960e+24,5.279460865393019308e+24,5.198732845164753437e+24
2.515151515151515041e-02,5.571607753556761881e+24,5.555645405672768126e+24,5.522029773226485018e+24,5.468789805042460367e+24,5.397528347378910698e+24,5.311804838524809818e+24,5.215692555621887340e+24,5.112931387505808035e+24,5.006583815529421737e+24
2.484848484848484890e-02,5.573143979966271725e+24,5.562295769187651470e+24,5.538184297981375408e+24,5.498149133234958324e+24,5.442326492794220586e+24,5.372780476108903002e+24,5.292441797621871859e+24,5.204334163643811917e+24,5.111156521724384800e+24
2.545454545454545539e-02,5.569203929213389423e+24,5.545804636863063296e+24,5.499257639930144194e+24,5.429097943269733153e+24,5.339087891255207683e+24,5.234635828383858234e+24,5.121025896790491178e+24,5.002623398614759419e+24,4.882704942106565979e+24
2.515151515151515041e-02,5.571607753556762955e+24,5.555645405672765978e+24,5.522029773226485018e+24,5.468789805042464662e+24,5.397528347378912846e+24,5.311804838524810892e+24,5.215692555621889487e+24,5.112931387505803740e+24,5.006583815529419590e+24
2.575757575757575690e-02,5.565442720718490364e+24,5.531288758244970454e+24,5.467333238920820847e+24,5.375816186010998197e+24,5.263461040246193809e+24,5.137800778206766631e+24,5.005264817740130327e+24,4.870636075824619857e+24,4.737176511266853103e+24
2.545454545454545539e-02,5.569203929213390496e+24,5.545804636863068664e+24,5.499257639930146341e+24,5.429097943269733153e+24,5.339087891255206609e+24,5.234635828383860381e+24,5.121025896790489030e+24,5.002623398614759419e+24,4.882704942106567053e+24
2.606060606060606188e-02,5.559557572982779173e+24,5.509952638092158528e+24,5.422852200756900130e+24,5.304848416181538590e+24,5.166447326870272628e+24,5.017398059445605460e+24,4.865010403034301001e+24,4.714134936831079353e+24,4.567709063733349607e+24
2.575757575757575690e-02,5.565442720718491438e+24,5.531288758244973675e+24,5.467333238920821921e+24,5.375816186010996050e+24,5.263461040246194883e+24,5.137800778206765558e+24,5.005264817740129254e+24,4.870636075824620931e+24,4.737176511266851492e+24
2.636363636363636340e-02,5.550348617665549758e+24,5.478718057154863662e+24,5.361301297742943183e+24,5.211138570195573471e+24,5.043184715521258435e+24,4.869168121336101784e+24,4.696748855311420258e+24,4.530340562343224932e+24,4.372175770156758003e+24
2.606060606060606188e-02,5.559557572982778100e+24,5.509952638092162823e+24,5.422852200756899056e+24,5.304848416181536443e+24,5.166447326870274776e+24,5.017398059445604386e+24,4.865010403034303149e+24,4.714134936831076669e+24,4.567709063733351218e+24
2.666666666666666491e-02,5.535937506620609843e+24,5.433203751084683598e+24,5.276790094757594768e+24,5.088584075007966925e+24,4.888206040208394221e+24,4.688624802741420145e+24,4.497005369269053936e+24,4.316675794143490599e+24,4.148740462310930067e+24
2.636363636363636340e-02,5.550348617665549758e+24,5.478718057154871179e+24,5.361301297742944257e+24,5.211138570195576692e+24,5.043184715521260582e+24,4.869168121336101784e+24,4.696748855311421869e+24,4.530340562343223859e+24,4.372175770156758003e+24
2.696969696969696989e-02,5.513383410949415001e+24,5.367235330014342556e+24,5.161776164152776854e+24,4.930020788856981065e+24,4.695584740229144788e+24,4.471260577061117362e+24,4.262548242797593924e+24,4.070942601487988619e+24,3.896000701114892950e+24
2.666666666666666491e-02,5.535937506620608770e+24,5.433203751084686819e+24,5.276790094757590473e+24,5.088584075007964777e+24,4.888206040208395295e+24,4.688624802741417998e+24,4.497005369269055547e+24,4.316675794143486841e+24,4.148740462310928993e+24
2.727272727272727140e-02,5.478081501448079931e+24,5.272217608781771387e+24,5.006830036299460171e+24,4.727331275494103575e+24,4.459200293673799667e+24,4.212835813523178455e+24,3.990641701934295398e+24,3.791522403904863278e+24,3.613138741907546880e+24
2.696969696969696989e-02,5.513383410949412853e+24,5.367235330014346851e+24,5.161776164152774706e+24,4.930020788856983212e+24,4.695584740229146399e+24,4.471260577061115752e+24,4.262548242797594998e+24,4.070942601487989692e+24,3.896000701114891876e+24
2.757575757575757638e-02,5.422820597674888344e+24,5.136370659483599300e+24,4.800522026641836590e+24,4.471743684770943644e+24,4.173151888208161988e+24,3.909754506418793839e+24,3.679338788070833902e+24,3.477588698242325510e+24,3.300070298958998637e+24
2.727272727272727140e-02,5.478081501448079931e+24,5.272217608781772460e+24,5.006830036299460171e+24,4.727331275494101428e+24,4.459200293673799667e+24,4.212835813523179528e+24,3.990641701934294324e+24,3.791522403904860593e+24,3.613138741907543659e+24
2.787878787878787790e-02,5.336306713174494432e+24,4.943876604843121913e+24,4.529564554961143175e+24,4.154399995581256100e+24,3.832339007474861418e+24,3.559516211606284168e+24,3.327796497202244613e+24,3.129315532516629433e+24,2.957578340445490021e+24
2.757575757575757638e-02,5.422820597674890492e+24,5.136370659483598226e+24,4.800522026641836053e+24,4.471743684770940959e+24,4.173151888208161451e+24,3.909754506418792765e+24,3.679338788070832292e+24,3.477588698242323363e+24,3.300070298958994879e+24
2.818181818181818288e-02,5.200849545723665495e+24,4.674081336794155552e+24,4.179410640321391526e+24,3.767271512832892872e+24,3.433205678005815916e+24,3.161215768641049402e+24,2.936584969929027020e+24,2.748060488210303286e+24,2.587417282903108017e+24
2.787878787878787790e-02,5.336306713174500874e+24,4.943876604843117618e+24,4.529564554961140490e+24,4.154399995581254490e+24,3.832339007474859271e+24,3.559516211606284705e+24,3.327796497202243002e+24,3.129315532516626212e+24,2.957578340445487337e+24
2.848484848484848439e-02,4.988736998443885628e+24,4.301087688337425003e+24,3.735583732508309166e+24,3.304472436140986539e+24,2.974607365770236955e+24,2.716039802722574567e+24,2.507952531691528180e+24,2.336497471734245759e+24,2.192372482210718259e+24
2.818181818181818288e-02,5.200849545723667643e+24,4.674081336794151794e+24,4.179410640321389915e+24,3.767271512832890724e+24,3.433205678005814842e+24,3.161215768641047255e+24,2.936584969929024873e+24,2.748060488210301676e+24,2.587417282903108017e+24
2.878787878787878937e-02,4.656553176689834067e+24,3.794440909219745426e+24,3.186068127622854139e+24,2.763948988310898904e+24,2.458704663688699124e+24,2.227685321764168947e+24,2.046001305912787746e+24,1.898674056742688984e+24,1.776261373887237094e+24
2.848484848484848439e-02,4.988736998443880259e+24,4.301087688337425003e+24,3.735583732508304335e+24,3.304472436140987076e+24,2.974607365770236419e+24,2.716039802722574567e+24,2.507952531691527106e+24,2.336497471734242269e+24,2.192372482210716916e+24
2.909090909090909088e-02,4.136272467831724823e+24,3.122276977803957537e+24,2.525052827469767992e+24,2.149378324778432321e+24,1.891721023382793686e+24,1.702607378450362504e+24,1.556727192723042874e+24,1.439971570957143132e+24,1.343866345144699979e+24
2.878787878787878937e-02,4.656553176689831383e+24,3.794440909219744889e+24,3.186068127622854139e+24,2.763948988310899978e+24,2.458704663688698588e+24,2.227685321764167605e+24,2.046001305912787746e+24,1.898674056742688178e+24,1.776261373887236557e+24
2.939393939393939240e-02,3.321299181611296592e+24,2.259508814557310536e+24,1.758038647876106332e+24,1.471882367699870147e+24,1.284339799804308133e+24,1.149999323179088026e+24,1.047886450073884017e+24,9.669543205398631196e+23,9.007954152964528055e+23
2.909090909090909088e-02,4.136272467831724286e+24,3.122276977803957000e+24,2.525052827469769603e+24,2.149378324778433932e+24,1.891721023382792880e+24,1.702607378450362772e+24,1.556727192723042605e+24,1.439971570957142326e+24,1.343866345144699979e+24
2.969696969696969738e-02,2.044582167967329440e+24,1.205756664098567129e+24,9.074636666003137002e+23,7.508712947684724273e+23,6.514932264054064645e+23,5.814315246699484472e+23,5.286708858599988181e+23,4.871070830948327180e+23,4.532745604787675815e+23
2.939393939393939240e-02,3.321299181611296055e+24,2.259508814557309194e+24,1.758038647876106332e+24,1.471882367699869342e+24,1.284339799804308133e+24,1.149999323179088026e+24,1.047886450073883480e+24,9.669543205398620458e+23,9.007954152964525371e+23
2.999999999999999889e-02,4.430245194833453069e+22,2.145139670345201798e+22,1.592877301167277736e+22,1.312333565278683555e+22,1.136355026790557680e+22,1.012982582148997317e+22,9.203756297086440571e+21,8.475743151671324180e+21,7.884015051045393662e+21
2.969696969696969738e-02,2.044582167967328098e+24,1.205756664098565921e+24,9.074636666003123580e+23,7.508712947684710852e+23,6.514932264054060619e+23,5.814315246699481116e+23,5.286708858599984826e+23,4.871070830948317114e+23,4.532745604787671788e+23
