x,t=1.00e+04s,t=2.00e+04s,t=3.00e+04s,t=4.00e+04s,t=5.00e+04s,t=6.00e+04s,t=7.00e+04s,t=8.00e+04s,t=9.00e+04s
3.030303030303030300e-04,1.111871493401433415e+24,3.461375196736169968e+22,9.733766227357010493e+20,2.656804188273272422e+19,7.191459719602086400e+17,1.942239014418436000e+16,5.242444896184186875e+14,5.242444896184186875e+14,5.242444896184186875e+14
0.000000000000000000e+00,1.111905495050591146e+24,3.461527547540298898e+22,9.734241989556798751e+20,2.656938092017915904e+19,7.191825291652408320e+17,1.942337973948801600e+16,5.242712166262869375e+14,5.242712166262869375e+14,5.242712166262869375e+14
6.060606060606060601e-04,1.111511968265740237e+24,3.459764397697811454e+22,9.728736176890135183e+20,2.655388492295115981e+19,7.187594727121365760e+17,1.941192770765420800e+16,5.239619200236991875e+14,5.239619200236991875e+14,5.239619200236991875e+14
3.030303030303030300e-04,1.111871493401433415e+24,3.461375196736169129e+22,9.733766227357013115e+20,2.656804188273272422e+19,7.191459719602085120e+17,1.942239014418437600e+16,5.242444896184189375e+14,5.242444896184189375e+14,5.242444896184189375e+14
9.090909090909090901e-04,1.110946509616037897e+24,3.457231597870083421e+22,9.720827877178958152e+20,2.653162810025458074e+19,7.181518467696614400e+17,1.939547948714332400e+16,5.235176867465712500e+14,5.235176867465712500e+14,5.235176867465712500e+14
6.060606060606060601e-04,1.111511968265740103e+24,3.459764397697810196e+22,9.728736176890132562e+20,2.655388492295114342e+19,7.187594727121364480e+17,1.941192770765420800e+16,5.239619200236990625e+14,5.239619200236990625e+14,5.239619200236990625e+14
1.212121212121212120e-03,1.110160502946803973e+24,3.453712262068114450e+22,9.709841082388080230e+20,2.650070912682202317e+19,7.173077542116491520e+17,1.937263032049887600e+16,5.229005777071758125e+14,5.229005777071758125e+14,5.229005777071758125e+14
9.090909090909090901e-04,1.110946509616037361e+24,3.457231597870084260e+22,9.720827877178958152e+20,2.653162810025456435e+19,7.181518467696615680e+17,1.939547948714333600e+16,5.235176867465711250e+14,5.235176867465711250e+14,5.235176867465711250e+14
1.515151515151515150e-03,1.109151881194368238e+24,3.449198440164994371e+22,9.695752741571029893e+20,2.646106492853593293e+19,7.162254884405720320e+17,1.934333412919970800e+16,5.221093492807236875e+14,5.221093492807236875e+14,5.221093492807236875e+14
1.212121212121212120e-03,1.110160502946803571e+24,3.453712262068115289e+22,9.709841082388078920e+20,2.650070912682200678e+19,7.173077542116490240e+17,1.937263032049887600e+16,5.229005777071760625e+14,5.229005777071760625e+14,5.229005777071760625e+14
1.818181818181818180e-03,1.107920013207409820e+24,3.443688990865675937e+22,9.678561569538070282e+20,2.641269419910115738e+19,7.149050335106183680e+17,1.930759063353700800e+16,5.211439950195715000e+14,5.211439950195715000e+14,5.211439950195715000e+14
1.515151515151515150e-03,1.109151881194367567e+24,3.449198440164994371e+22,9.695752741571032515e+20,2.646106492853593293e+19,7.162254884405717760e+17,1.934333412919970800e+16,5.221093492807236875e+14,5.221093492807236875e+14,5.221093492807236875e+14
2.121212121212120993e-03,1.106464628724116664e+24,3.437184765105326889e+22,9.658273002501546967e+20,2.635561505231569715e+19,7.133469079319176960e+17,1.926541405417646000e+16,5.200049003407711875e+14,5.200049003407711875e+14,5.200049003407711875e+14
1.818181818181818180e-03,1.107920013207411028e+24,3.443688990865679293e+22,9.678561569538079457e+20,2.641269419910116966e+19,7.149050335106184960e+17,1.930759063353703200e+16,5.211439950195714375e+14,5.211439950195714375e+14,5.211439950195714375e+14
2.424242424242424240e-03,1.104785582411907380e+24,3.429687548811881637e+22,9.634895892451858842e+20,2.628985571159096525e+19,7.115519104129137920e+17,1.921682622885354400e+16,5.186926566170045625e+14,5.186926566170045625e+14,5.186926566170045625e+14
2.121212121212120993e-03,1.106464628724116933e+24,3.437184765105324792e+22,9.658273002501533860e+20,2.635561505231567667e+19,7.133469079319168000e+17,1.926541405417644800e+16,5.200049003407708750e+14,5.200049003407708750e+14,5.200049003407708750e+14
2.727272727272727487e-03,1.102882780321537625e+24,3.421199733428251420e+22,9.608441473479597097e+20,2.621545159271390003e+19,7.095210401329978880e+17,1.916185445345978800e+16,5.172080028631518125e+14,5.172080028631518125e+14,5.172080028631518125e+14
2.424242424242424240e-03,1.104785582411907112e+24,3.429687548811880379e+22,9.634895892451845734e+20,2.628985571159094477e+19,7.115519104129137920e+17,1.921682622885352800e+16,5.186926566170037500e+14,5.186926566170037500e+14,5.186926566170037500e+14
3.030303030303030300e-03,1.100756151654104126e+24,3.411724189499730900e+22,9.578922961526464184e+20,2.613244416823275930e+19,7.072554656434205440e+17,1.910053063938336800e+16,5.155518029714959375e+14,5.155518029714959375e+14,5.155518029714959375e+14
2.727272727272727487e-03,1.102882780321537222e+24,3.421199733428252259e+22,9.608441473479591854e+20,2.621545159271390822e+19,7.095210401329978880e+17,1.916185445345980000e+16,5.172080028631514375e+14,5.172080028631514375e+14,5.172080028631514375e+14
3.333333333333333114e-03,1.098405636279060524e+24,3.401264210860929607e+22,9.546355373888042435e+20,2.604088044918029107e+19,7.047565106100984320e+17,1.903289092665456800e+16,5.137250352565345625e+14,5.137250352565345625e+14,5.137250352565345625e+14
3.030303030303030300e-03,1.100756151654103455e+24,3.411724189499730900e+22,9.578922961526461563e+20,2.613244416823275520e+19,7.072554656434204160e+17,1.910053063938336000e+16,5.155518029714957500e+14,5.155518029714957500e+14,5.155518029714957500e+14
3.636363636363636360e-03,1.095831178616253886e+24,3.389823487358003053e+22,9.510755437104722084e+20,2.594081271440624435e+19,7.020256463047352320e+17,1.895897547966854400e+16,5.117287869301354375e+14,5.117287869301354375e+14,5.117287869301354375e+14
3.333333333333333114e-03,1.098405636279059182e+24,3.401264210860926252e+22,9.546355373888039813e+20,2.604088044918026650e+19,7.047565106100980480e+17,1.903289092665455200e+16,5.137250352565340625e+14,5.137250352565340625e+14,5.137250352565340625e+14
3.939393939393939607e-03,1.093032724390350401e+24,3.377406090459051406e+22,9.472141534373941084e+20,2.583229835000242995e+19,6.990644870899440640e+17,1.887882836385756800e+16,5.095642507622153125e+14,5.095642507622153125e+14,5.095642507622153125e+14
3.636363636363636360e-03,1.095831178616253215e+24,3.389823487358000536e+22,9.510755437104711598e+20,2.594081271440621568e+19,7.020256463047348480e+17,1.895897547966852000e+16,5.117287869301349375e+14,5.117287869301349375e+14,5.117287869301349375e+14
4.242424242424241987e-03,1.090010218797449930e+24,3.364016465208563624e+22,9.430533672045542113e+20,2.571539974130675712e+19,6.958747873285478400e+17,1.879249746082309600e+16,5.072327227794471875e+14,5.072327227794471875e+14,5.072327227794471875e+14
3.939393939393939607e-03,1.093032724390350267e+24,3.377406090459050148e+22,9.472141534373934531e+20,2.583229835000242176e+19,6.990644870899438080e+17,1.887882836385754000e+16,5.095642507622151875e+14,5.095642507622151875e+14,5.095642507622151875e+14
4.545454545454545234e-03,1.086763605414850977e+24,3.349659425527631027e+22,9.385953455836021391e+20,2.559018419115029709e+19,6.924584389983270400e+17,1.870003440247390400e+16,5.047356004766016875e+14,5.047356004766016875e+14,5.047356004766016875e+14
4.242424242424241987e-03,1.090010218797450199e+24,3.364016465208564882e+22,9.430533672045542113e+20,2.571539974130677760e+19,6.958747873285478400e+17,1.879249746082309600e+16,5.072327227794471250e+14,5.072327227794471250e+14,5.072327227794471250e+14
4.848484848484848481e-03,1.083292825524416167e+24,3.334340151383032857e+22,9.338424072147849708e+20,2.545672385137817190e+19,6.888174696585492480e+17,1.860149451459883200e+16,5.020743812820647500e+14,5.020743812820647500e+14,5.020743812820647500e+14
4.545454545454545234e-03,1.086763605414850171e+24,3.349659425527631027e+22,9.385953455836012216e+20,2.559018419115028480e+19,6.924584389983261440e+17,1.870003440247388000e+16,5.047356004766011875e+14,5.047356004766011875e+14,5.047356004766011875e+14
5.151515151515151728e-03,1.079597817677104177e+24,3.318064187052245228e+22,9.287970272080385802e+20,2.531509566087449395e+19,6.849540405836248320e+17,1.849693676488180800e+16,4.992506611427213750e+14,4.992506611427213750e+14,4.992506611427213750e+14
4.848484848484848481e-03,1.083292825524415765e+24,3.334340151383032437e+22,9.338424072147847086e+20,2.545672385137815962e+19,6.888174696585487360e+17,1.860149451459882800e+16,5.020743812820645625e+14,5.020743812820645625e+14,5.020743812820645625e+14
5.454545454545454974e-03,1.075678517403786894e+24,3.300837440059113420e+22,9.234618356802174321e+20,2.516538128636738355e+19,6.808704449628343040e+17,1.838642371262548400e+16,4.962661331543853750e+14,4.962661331543853750e+14,4.962661331543853750e+14
5.151515151515151728e-03,1.079597817677103774e+24,3.318064187052240614e+22,9.287970272080380559e+20,2.531509566087448166e+19,6.849540405836248320e+17,1.849693676488180000e+16,4.992506611427211875e+14,4.992506611427211875e+14,4.992506611427211875e+14
5.757575757575757354e-03,1.071534857017803068e+24,3.282666180535920466e+22,9.178396163521722450e+20,2.500766706389403238e+19,6.765691061084375040e+17,1.827002145862722400e+16,4.931225861958170625e+14,4.931225861958170625e+14,4.931225861958170625e+14
5.454545454545454974e-03,1.075678517403786358e+24,3.300837440059110064e+22,9.234618356802174321e+20,2.516538128636737536e+19,6.808704449628343040e+17,1.838642371262548400e+16,4.962661331543851250e+14,4.962661331543851250e+14,4.962661331543851250e+14
6.060606060606060601e-03,1.067166765476923153e+24,3.263557040866563876e+22,9.119333051602055987e+20,2.484204393966571110e+19,6.720525756384234240e+17,1.814779959429759200e+16,4.898219035417368750e+14,4.898219035417368750e+14,4.898219035417368750e+14
5.757575757575757354e-03,1.071534857017803873e+24,3.282666180535923402e+22,9.178396163521721139e+20,2.500766706389403648e+19,6.765691061084373760e+17,1.827002145862723200e+16,4.931225861958170625e+14,4.931225861958170625e+14,4.931225861958170625e+14
6.363636363636363848e-03,1.062574168284533526e+24,3.243517015520768636e+22,9.057459888537042944e+20,2.466860740957441638e+19,6.673235316133596160e+17,1.801983114947115600e+16,4.863660614400935625e+14,4.863660614400935625e+14,4.863660614400935625e+14
6.060606060606060601e-03,1.067166765476922079e+24,3.263557040866563457e+22,9.119333051602050744e+20,2.484204393966569882e+19,6.720525756384231680e+17,1.814779959429758400e+16,4.898219035417363750e+14,4.898219035417363750e+14,4.898219035417363750e+14
6.666666666666666227e-03,1.057756987417633640e+24,3.222553461023384902e+22,8.992809035613279355e+20,2.448745745686572646e+19,6.623847766151290880e+17,1.788619253858215800e+16,4.827571276447099375e+14,4.827571276447099375e+14,4.827571276447099375e+14
6.363636363636363848e-03,1.062574168284533124e+24,3.243517015520766119e+22,9.057459888537035080e+20,2.466860740957441638e+19,6.673235316133598720e+17,1.801983114947113600e+16,4.863660614400932500e+14,4.863660614400932500e+14,4.863660614400932500e+14
6.969696969696969474e-03,1.052715141273250934e+24,3.200674096021532941e+22,8.925414333140862239e+20,2.429869848768484147e+19,6.572392357598496000e+17,1.774696350500247800e+16,4.789972598979080625e+14,4.789972598979080625e+14,4.789972598979080625e+14
6.666666666666666227e-03,1.057756987417634043e+24,3.222553461023387838e+22,8.992809035613279355e+20,2.448745745686573466e+19,6.623847766151296000e+17,1.788619253858215400e+16,4.827571276447101250e+14,4.827571276447101250e+14,4.827571276447101250e+14
7.272727272727272721e-03,1.047448544627888967e+24,3.177887001424997804e+22,8.855311085174907208e+20,2.410243926430671667e+19,6.518899546403840000e+17,1.760222706342344400e+16,4.750887043599568125e+14,4.750887043599568125e+14,4.750887043599568125e+14
6.969696969696969474e-03,1.052715141273250263e+24,3.200674096021532941e+22,8.925414333140854374e+20,2.429869848768484147e+19,6.572392357598496000e+17,1.774696350500247200e+16,4.789972598979080625e+14,4.789972598979080625e+14,4.789972598979080625e+14
7.575757575757575968e-03,1.041957108606338700e+24,3.154200620603650605e+22,8.782536043676735898e+20,2.389879283593745613e+19,6.463400971959397120e+17,1.745206944021670400e+16,4.710337939836616875e+14,4.710337939836616875e+14,4.710337939836616875e+14
7.272727272727272721e-03,1.047448544627888027e+24,3.177887001424997384e+22,8.855311085174894100e+20,2.410243926430670848e+19,6.518899546403837440e+17,1.760222706342343800e+16,4.750887043599570625e+14,4.750887043599570625e+14,4.750887043599570625e+14
7.878787878787879215e-03,1.036240740657239870e+24,3.129623759630517666e+22,8.707127392076793119e+20,2.368787646701873971e+19,6.405929435073937920e+17,1.729658001174635600e+16,4.668349468332866250e+14,4.668349468332866250e+14,4.668349468332866250e+14
7.575757575757575968e-03,1.041957108606338163e+24,3.154200620603649766e+22,8.782536043676724101e+20,2.389879283593744794e+19,6.463400971959395840e+17,1.745206944021669800e+16,4.710337939836616250e+14,4.710337939836616250e+14,4.710337939836616250e+14
8.181818181818182462e-03,1.030299344533628274e+24,3.104165587561994833e+22,8.629124728212898447e+20,2.346981156299655987e+19,6.346518875178576640e+17,1.713585124062104400e+16,4.624946643477043750e+14,4.624946643477043750e+14,4.624946643477043750e+14
7.878787878787879215e-03,1.036240740657239467e+24,3.129623759630517666e+22,8.707127392076785254e+20,2.368787646701873971e+19,6.405929435073934080e+17,1.729658001174635600e+16,4.668349468332861250e+14,4.668349468332861250e+14,4.668349468332861250e+14
8.484848484848483974e-03,1.024132820277253504e+24,3.077835636750210302e+22,8.548569046626714255e+20,2.324472359354091930e+19,6.285204346787712000e+17,1.696997860990215800e+16,4.580155295481295625e+14,4.580155295481295625e+14,4.580155295481295625e+14
8.181818181818182462e-03,1.030299344533628140e+24,3.104165587561998189e+22,8.629124728212899758e+20,2.346981156299655987e+19,6.346518875178575360e+17,1.713585124062104600e+16,4.624946643477043750e+14,4.624946643477043750e+14,4.624946643477043750e+14
8.787878787878787221e-03,1.017741064205631631e+24,3.050643803182734718e+22,8.465502720201546793e+20,2.301274201321392538e+19,6.222021995220010240e+17,1.679906055528538000e+16,4.534002051910098125e+14,4.534002051910098125e+14,4.534002051910098125e+14
8.484848484848483974e-03,1.024132820277253236e+24,3.077835636750208624e+22,8.548569046626716877e+20,2.324472359354092749e+19,6.285204346787712000e+17,1.696997860990215000e+16,4.580155295481296250e+14,4.580155295481296250e+14,4.580155295481296250e+14
9.090909090909090468e-03,1.011123968901264838e+24,3.022600346847147144e+22,8.379969481133264732e+20,2.277400017960089600e+19,6.157009031589661440e+17,1.662319839529074000e+16,4.486514318670596250e+14,4.486514318670596250e+14,4.486514318670596250e+14
8.787878787878787221e-03,1.017741064205631362e+24,3.050643803182730523e+22,8.465502720201542861e+20,2.301274201321392128e+19,6.222021995220008960e+17,1.679906055528536400e+16,4.534002051910098750e+14,4.534002051910098750e+14,4.534002051910098750e+14
9.393939393939393714e-03,1.004281423202479451e+24,2.993715892117986450e+22,8.292014401224496906e+20,2.252863526892177818e+19,6.090203707079302400e+17,1.644249625949654200e+16,4.437720260474297500e+14,4.437720260474297500e+14,4.437720260474297500e+14
9.090909090909090468e-03,1.011123968901264838e+24,3.022600346847145047e+22,8.379969481133264732e+20,2.277400017960090010e+19,6.157009031589660160e+17,1.662319839529072600e+16,4.486514318670593750e+14,4.486514318670593750e+14,4.486514318670593750e+14
9.696969696969696961e-03,9.972133121954551494e+23,2.964001428164278695e+22,8.201683871496539996e+20,2.227678818914838938e+19,6.021645286508275200e+17,1.625706101486035400e+16,4.387648780782216875e+14,4.387648780782216875e+14,4.387648780782216875e+14
9.393939393939393714e-03,1.004281423202478914e+24,2.993715892117984353e+22,8.292014401224499528e+20,2.252863526892177818e+19,6.090203707079301120e+17,1.644249625949653400e+16,4.437720260474293750e+14,4.437720260474293750e+14,4.437720260474293750e+14
1.000000000000000021e-02,9.899195172073260408e+23,2.933468309376830171e+22,8.109025581112792187e+20,2.201860349066273587e+19,5.951374021211358720e+17,1.606700219017614000e+16,4.336329501247702500e+14,4.336329501247702500e+14,4.336329501247702500e+14
9.696969696969696961e-03,9.972133121954536730e+23,2.964001428164275759e+22,8.201683871496536064e+20,2.227678818914838938e+19,6.021645286508272640e+17,1.625706101486034200e+16,4.387648780782211250e+14,4.387648780782211250e+14,4.387648780782211250e+14
1.030303030303030346e-02,9.823999157999635614e+23,2.902128255814068915e+22,8.014088495610164675e+20,2.175422927448494899e+19,5.879431121244450560e+17,1.587243189871588800e+16,4.283792740669653750e+14,4.283792740669653750e+14,4.283792740669653750e+14
1.000000000000000021e-02,9.899195172073256381e+23,2.933468309376827235e+22,8.109025581112789565e+20,2.201860349066273587e+19,5.951374021211351040e+17,1.606700219017613400e+16,4.336329501247699375e+14,4.336329501247699375e+14,4.336329501247699375e+14
1.060606060606060670e-02,9.746543817643310103e+23,2.869993353665436031e+22,7.916922834433477181e+20,2.148381709811596493e+19,5.805858726934385920e+17,1.567346475910892800e+16,4.230069493471829375e+14,4.230069493471829375e+14,4.230069493471829375e+14
1.030303030303030346e-02,9.823999157999630245e+23,2.902128255814065979e+22,8.014088495610155500e+20,2.175422927448495718e+19,5.879431121244448000e+17,1.587243189871587600e+16,4.283792740669654375e+14,4.283792740669654375e+14,4.283792740669654375e+14
1.090909090909090995e-02,9.666827851153528083e+23,2.837076055732315908e+22,7.817580047770877952e+20,2.120752187903217254e+19,5.730699879791381120e+17,1.547021781451747200e+16,4.175191407723863125e+14,4.175191407723863125e+14,4.175191407723863125e+14
1.060606060606060670e-02,9.746543817643302050e+23,2.869993353665433515e+22,7.916922834433468006e+20,2.148381709811596083e+19,5.805858726934383360e+17,1.567346475910892200e+16,4.230069493471828750e+14,4.230069493471828750e+14,4.230069493471828750e+14
1.121212121212121146e-02,9.584849920870933972e+23,2.803389181925799441e+22,7.716112792686398013e+20,2.092550179587925606e+19,5.653998492803399680e+17,1.526281045016372200e+16,4.119190762719786875e+14,4.119190762719786875e+14,4.119190762719786875e+14
1.090909090909090995e-02,9.666827851153524056e+23,2.837076055732314649e+22,7.817580047770876641e+20,2.120752187903218074e+19,5.730699879791382400e+17,1.547021781451748800e+16,4.175191407723860000e+14,4.175191407723860000e+14,4.175191407723860000e+14
1.151515151515151471e-02,9.500608651282561137e+23,2.768945919780719899e+22,7.612574908546910781e+20,2.063791818740926874e+19,5.575799320131799680e+17,1.505136430926920400e+16,4.062100446130848125e+14,4.062100446130848125e+14,4.062100446130848125e+14
1.121212121212121146e-02,9.584849920870933972e+23,2.803389181925800280e+22,7.716112792686392771e+20,2.092550179587925197e+19,5.653998492803400320e+17,1.526281045016373000e+16,4.119190762719787500e+14,4.119190762719787500e+14,4.119190762719787500e+14
1.181818181818181795e-02,9.414102628978203086e+23,2.733759824986117453e+22,7.507021391741393306e+20,2.034493544921072435e+19,5.496147926229187200e+17,1.483600320746804400e+16,4.003953930749668125e+14,4.003953930749668125e+14,4.003953930749668125e+14
1.151515151515151471e-02,9.500608651282553084e+23,2.768945919780716544e+22,7.612574908546910781e+20,2.063791818740927283e+19,5.575799320131798400e+17,1.505136430926918800e+16,4.062100446130845000e+14,4.062100446130845000e+14,4.062100446130845000e+14
1.212121212121212120e-02,9.325330402608932129e+23,2.697844821931476805e+22,7.399508369689467945e+20,2.004672092828153446e+19,5.415090654400135680e+17,1.461685304575698200e+16,3.944785250842937500e+14,3.944785250842937500e+14,3.944785250842937500e+14
1.181818181818181795e-02,9.414102628978192349e+23,2.733759824986115775e+22,7.507021391741390684e+20,2.034493544921072435e+19,5.496147926229189120e+17,1.483600320746804400e+16,4.003953930749666250e+14,4.003953930749666250e+14,4.003953930749666250e+14
1.242424242424242445e-02,9.234290482847032709e+23,2.661215204269189235e+22,7.290093074138048758e+20,1.974344481550136115e+19,5.332674594827098880e+17,1.439404172204818800e+16,3.884628978131723125e+14,3.884628978131723125e+14,3.884628978131723125e+14
1.212121212121212120e-02,9.325330402608924076e+23,2.697844821931474289e+22,7.399508369689461391e+20,2.004672092828153037e+19,5.415090654400134400e+17,1.461685304575697600e+16,3.944785250842935625e+14,3.944785250842935625e+14,3.944785250842935625e+14
1.272727272727272770e-02,9.140981342346478302e+23,2.623885635492411081e+22,7.178833813742189281e+20,1.943528003605064909e+19,5.248947552082783360e+17,1.416769904138810000e+16,3.823520197415791875e+14,3.823520197415791875e+14,3.823520197415791875e+14
1.242424242424242445e-02,9.234290482847027340e+23,2.661215204269186299e+22,7.290093074138042204e+20,1.974344481550135706e+19,5.332674594827098880e+17,1.439404172204817000e+16,3.884628978131721875e+14,3.884628978131721875e+14,3.884628978131721875e+14
1.303030303030303094e-02,9.045401415703829770e+23,2.585871149528635356e+22,7.065789945929148662e+20,1.912240213783858381e+19,5.163958012152105600e+17,1.393795662491166600e+16,3.761494481861979375e+14,3.761494481861979375e+14,3.761494481861979375e+14
1.272727272727272770e-02,9.140981342346470249e+23,2.623885635492408984e+22,7.178833813742186660e+20,1.943528003605063680e+19,5.248947552082782720e+17,1.416769904138808800e+16,3.823520197415788750e+14,3.823520197415788750e+14,3.823520197415788750e+14
1.333333333333333245e-02,8.947549099419728295e+23,2.547187151348794864e+22,6.951021848042736189e+20,1.880498917799485440e+19,5.077755108986736000e+17,1.370494781759829000e+16,3.698587867974491250e+14,3.698587867974491250e+14,3.698587867974491250e+14
1.303030303030303094e-02,9.045401415703825744e+23,2.585871149528634517e+22,7.065789945929148662e+20,1.912240213783859200e+19,5.163958012152105600e+17,1.393795662491165600e+16,3.761494481861976875e+14,3.761494481861976875e+14,3.761494481861976875e+14
1.363636363636363570e-02,8.847422751860695667e+23,2.507849417591837688e+22,6.834590887766158213e+20,1.848322160748562842e+19,4.990388590615742720e+17,1.346880759490128200e+16,3.634836830266850625e+14,3.634836830266850625e+14,3.634836830266850625e+14
1.333333333333333245e-02,8.947549099419716215e+23,2.547187151348795284e+22,6.951021848042740122e+20,1.880498917799485440e+19,5.077755108986735360e+17,1.370494781759828600e+16,3.698587867974491250e+14,3.698587867974491250e+14,3.698587867974491250e+14
1.393939393939393895e-02,8.745020693221143961e+23,2.467874097204864798e+22,6.716559392821569126e+20,1.815728215391597363e+19,4.901908784836760320e+17,1.322967246831871400e+16,3.570278255654760625e+14,3.570278255654760625e+14,3.570278255654760625e+14
1.363636363636363570e-02,8.847422751860686271e+23,2.507849417591836010e+22,6.834590887766155592e+20,1.848322160748562842e+19,4.990388590615736960e+17,1.346880759490127600e+16,3.634836830266848750e+14,3.634836830266848750e+14,3.634836830266848750e+14
1.424242424242424220e-02,8.640341205485014766e+23,2.427277712098499284e+22,6.596990619942788792e+20,1.782735570257936998e+19,4.812366564511080320e+17,1.298768038997849600e+16,3.504949417588982500e+14,3.504949417588982500e+14,3.504949417588982500e+14
1.393939393939393895e-02,8.745020693221142618e+23,2.467874097204863540e+22,6.716559392821563884e+20,1.815728215391596749e+19,4.901908784836752000e+17,1.322967246831870600e+16,3.570278255654756875e+14,3.570278255654756875e+14,3.570278255654756875e+14
1.454545454545454544e-02,8.533382532387021133e+23,2.386077157817610928e+22,6.475948723119841608e+20,1.749362917581965107e+19,4.721813312487957120e+17,1.274297065630695400e+16,3.438887949948160000e+14,3.438887949948160000e+14,3.438887949948160000e+14
1.424242424242424220e-02,8.640341205485013424e+23,2.427277712098497187e+22,6.596990619942787482e+20,1.782735570257936589e+19,4.812366564511074560e+17,1.298768038997849000e+16,3.504949417588978750e+14,3.504949417588978750e+14,3.504949417588978750e+14
1.484848484848484869e-02,8.424142879374288146e+23,2.344289704227591999e+22,6.353498721113062769e+20,1.715629141077262336e+19,4.630300886183461120e+17,1.249568381085841400e+16,3.372131820712296875e+14,3.372131820712296875e+14,3.372131820712296875e+14
1.454545454545454544e-02,8.533382532387015764e+23,2.386077157817610089e+22,6.475948723119841608e+20,1.749362917581964493e+19,4.721813312487952000e+17,1.274297065630694000e+16,3.438887949948160000e+14,3.438887949948160000e+14,3.438887949948160000e+14
1.515151515151515194e-02,8.312620413567155978e+23,2.301932996215833205e+22,6.229706464234556621e+20,1.681553303555409306e+19,4.537881581838972160e+17,1.224596154637436400e+16,3.304719305435917500e+14,3.304719305435917500e+14,3.304719305435917500e+14
1.484848484848484869e-02,8.424142879374285461e+23,2.344289704227591579e+22,6.353498721113060147e+20,1.715629141077261107e+19,4.630300886183457920e+17,1.249568381085840600e+16,3.372131820712295000e+14,3.372131820712295000e+14,3.372131820712295000e+14
1.545454545454545518e-02,8.198813263719742696e+23,2.259025054408496697e+22,6.104638600393912484e+20,1.647154634396283904e+19,4.444608098484999040e+17,1.199394660614929800e+16,3.236688960541708750e+14,3.236688960541708750e+14,3.236688960541708750e+14
1.515151515151515194e-02,8.312620413567151951e+23,2.301932996215832366e+22,6.229706464234550067e+20,1.681553303555408282e+19,4.537881581838969600e+17,1.224596154637435600e+16,3.304719305435916250e+14,3.304719305435916250e+14,3.304719305435916250e+14
1.575757575757575843e-02,8.082719520180230580e+23,2.215584275902786594e+22,5.978362540406595912e+20,1.612452516877148774e+19,4.350533501636676480e+17,1.173978268477673400e+16,3.168079596455416875e+14,3.168079596455416875e+14,3.168079596455416875e+14
1.545454545454545518e-02,8.198813263719731959e+23,2.259025054408496697e+22,6.104638600393911173e+20,1.647154634396282675e+19,4.444608098484992000e+17,1.199394660614928800e+16,3.236688960541708125e+14,3.236688960541708125e+14,3.236688960541708125e+14
1.606060606060605994e-02,7.964337234850399472e+23,2.171629435014482598e+22,5.850946422562519122e+20,1.577466475367637402e+19,4.255711186747105920e+17,1.148361432835157800e+16,3.098930250601835625e+14,3.098930250601835625e+14,3.098930250601835625e+14
1.575757575757575843e-02,8.082719520180233264e+23,2.215584275902786594e+22,5.978362540406597222e+20,1.612452516877149594e+19,4.350533501636673920e+17,1.173978268477674000e+16,3.168079596455418125e+14,3.168079596455418125e+14,3.168079596455418125e+14
1.636363636363636492e-02,7.843664421145062157e+23,2.127179684040904435e+22,5.722459076451849994e+20,1.542216162398059110e+19,4.160194842445506560e+17,1.122558683420352200e+16,3.029280160283151250e+14,3.029280160283151250e+14,3.029280160283151250e+14
1.606060606060605994e-02,7.964337234850400814e+23,2.171629435014484276e+22,5.850946422562520433e+20,1.577466475367637197e+19,4.255711186747104640e+17,1.148361432835158000e+16,3.098930250601837500e+14,3.098930250601837500e+14,3.098930250601837500e+14
1.666666666666666644e-02,7.720699053950334728e+23,2.082254554039077306e+22,5.592969986045989356e+20,1.506721345608632320e+19,4.064038413586213120e+17,1.096584615023754200e+16,2.959168735459598125e+14,2.959168735459598125e+14,2.959168735459598125e+14
1.636363636363636492e-02,7.843664421145063499e+23,2.127179684040905694e+22,5.722459076451855237e+20,1.542216162398058906e+19,4.160194842445505920e+17,1.122558683420352200e+16,3.029280160283152500e+14,3.029280160283152500e+14,3.029280160283152500e+14
1.696969696969696795e-02,7.595439069581775418e+23,2.036873955619477494e+22,5.462549252031114117e+20,1.471001894587449139e+19,3.967296064136971520e+17,1.070453877395931800e+16,2.888635531454310000e+14,2.888635531454310000e+14,2.888635531454310000e+14
1.666666666666666644e-02,7.720699053950333385e+23,2.082254554039078565e+22,5.592969986045990011e+20,1.506721345608632934e+19,4.064038413586213760e+17,1.096584615023754200e+16,2.959168735459596250e+14,2.959168735459596250e+14,2.959168735459596250e+14
1.727272727272727293e-02,7.467882365741830871e+23,1.991058179754993648e+22,5.331267553391523267e+20,1.435077767604868506e+19,3.870022139932366720e+17,1.044181165125990400e+16,2.817720221601824375e+14,2.817720221601824375e+14,2.817720221601824375e+14
1.696969696969696795e-02,7.595439069581771392e+23,2.036873955619477075e+22,5.462549252031112151e+20,1.471001894587448525e+19,3.967296064136970240e+17,1.070453877395931600e+16,2.888635531454308750e+14,2.888635531454308750e+14,2.888635531454308750e+14
1.757575757575757444e-02,7.338026801476274435e+23,1.944827898605385600e+22,5.199196108240276029e+20,1.398968998252662374e+19,3.772271131321293440e+17,1.017781207503906800e+16,2.746462569862440000e+14,2.746462569862440000e+14,2.746462569862440000e+14
1.727272727272727293e-02,7.467882365741840267e+23,1.991058179754991970e+22,5.331267553391529165e+20,1.435077767604869530e+19,3.870022139932368640e+17,1.044181165125991000e+16,2.817720221601826250e+14,2.817720221601826250e+14,2.817720221601826250e+14
1.787878787878787942e-02,7.205870197130963892e+23,1.898204166357360260e+22,5.066406633895065027e+20,1.362695681996022170e+19,3.674097635735627520e+17,9.912687583742654000e+15,2.674902403422447188e+14,2.674902403422447188e+14,2.674902403422447188e+14
1.757575757575757444e-02,7.338026801476274435e+23,1.944827898605384342e+22,5.199196108240280617e+20,1.398968998252661555e+19,3.772271131321294720e+17,1.017781207503906200e+16,2.746462569862440312e+14,2.746462569862440312e+14,2.746462569862440312e+14
1.818181818181818094e-02,7.071410334306775178e+23,1.851208420079703582e+22,4.932971306195135365e+20,1.326277962646778880e+19,3.575556320207489280e+17,9.646585859891776000e+15,2.603079585301110000e+14,2.603079585301110000e+14,2.603079585301110000e+14
1.787878787878787942e-02,7.205870197130961208e+23,1.898204166357360260e+22,5.066406633895071580e+20,1.362695681996022170e+19,3.674097635735628160e+17,9.912687583742666000e+15,2.674902403422448125e+14,2.674902403422448125e+14,2.674902403422448125e+14
1.848484848484848592e-02,6.934644955814640778e+23,1.803862480594231362e+22,4.798962718057943532e+20,1.289736018766403174e+19,3.476701883864227840e+17,9.379654628680582000e+15,2.531033986985848125e+14,2.531033986985848125e+14,2.531033986985848125e+14
1.818181818181818094e-02,7.071410334306773835e+23,1.851208420079702953e+22,4.932971306195134054e+20,1.326277962646779699e+19,3.575556320207488000e+17,9.646585859891794000e+15,2.603079585301107812e+14,2.603079585301107812e+14,2.603079585301107812e+14
1.878787878787878743e-02,6.795571765629726459e+23,1.756188553362115710e+22,4.664453837272138383e+20,1.253090050007636173e+19,3.377589020428277120e+17,9.112041556720174000e+15,2.458805461115715312e+14,2.458805461115715312e+14,2.458805461115715312e+14
1.848484848484848592e-02,6.934644955814646147e+23,1.803862480594232410e+22,4.798962718057946153e+20,1.289736018766403584e+19,3.476701883864229760e+17,9.379654628680588000e+15,2.531033986985848125e+14,2.531033986985848125e+14,2.531033986985848125e+14
1.909090909090909241e-02,6.654188428844653703e+23,1.708209229385720188e+22,4.529517963523755868e+20,1.216360263403437056e+19,3.278272380750904960e+17,8.843894151005438000e+15,2.386433814234245938e+14,2.386433814234245938e+14,2.386433814234245938e+14
1.878787878787878743e-02,6.795571765629729144e+23,1.756188553362114871e+22,4.664453837272137073e+20,1.253090050007635763e+19,3.377589020428277760e+17,9.112041556720174000e+15,2.458805461115713750e+14,2.458805461115713750e+14,2.458805461115713750e+14
1.939393939393939392e-02,6.510492571622373180e+23,1.659947486126005027e+22,4.394228684653288489e+20,1.179566859612486042e+19,3.178806535407693440e+17,8.575359658181549000e+15,2.313958779632459375e+14,2.313958779632459375e+14,2.313958779632459375e+14
1.909090909090909241e-02,6.654188428844655046e+23,1.708209229385720608e+22,4.529517963523757179e+20,1.216360263403438080e+19,3.278272380750908160e+17,8.843894151005443000e+15,2.386433814234247188e+14,2.386433814234247188e+14,2.386433814234247188e+14
1.969696969696969543e-02,6.364481781147985951e+23,1.611426688435505594e+22,4.258659832140325847e+20,1.142730019130380902e+19,3.079245937384585600e+17,8.306584964186916000e+15,2.241419990302305938e+14,2.241419990302305938e+14,2.241419990302305938e+14
1.939393939393939392e-02,6.510492571622373180e+23,1.659947486126005027e+22,4.394228684653289800e+20,1.179566859612486656e+19,3.178806535407696640e+17,8.575359658181551000e+15,2.313958779632461562e+14,2.313958779632461562e+14,2.313958779632461562e+14
2.000000000000000042e-02,6.216153605580182153e+23,1.562670589506968198e+22,4.122885435812635607e+20,1.105869888475885363e+19,2.979644884882671360e+17,8.037716494349152000e+15,2.168856952021220312e+14,2.168856952021220312e+14,2.168856952021220312e+14
1.969696969696969543e-02,6.364481781147985951e+23,1.611426688435506224e+22,4.258659832140329124e+20,1.142730019130381517e+19,3.079245937384584960e+17,8.306584964186916000e+15,2.241419990302307188e+14,2.241419990302307188e+14,2.241419990302307188e+14
2.030303030303030193e-02,6.065505554001717342e+23,1.513703331837492855e+22,3.986979677777092936e+20,1.069006566361895936e+19,2.880057484270397760e+17,7.768900114009120000e+15,2.096309016588013750e+14,2.096309016588013750e+14,2.096309016588013750e+14
2.000000000000000042e-02,6.216153605580187522e+23,1.562670589506969666e+22,4.122885435812635607e+20,1.105869888475886182e+19,2.979644884882670080e+17,8.037716494349154000e+15,2.168856952021221250e+14,2.168856952021221250e+14,2.168856952021221250e+14
2.060606060606060691e-02,5.912535096368961390e+23,1.464549448208472447e+22,3.851016845568742523e+20,1.032160089860800512e+19,2.780537613211644160e+17,7.500281029750151000e+15,2.023815355230500312e+14,2.023815355230500312e+14,2.023815355230500312e+14
2.030303030303030193e-02,6.065505554001721368e+23,1.513703331837492226e+22,3.986979677777094902e+20,1.069006566361896755e+19,2.880057484270398400e+17,7.768900114009114000e+15,2.096309016588011250e+14,2.096309016588011250e+14,2.096309016588011250e+14
2.090909090909090842e-02,5.757239663461325917e+23,1.415233862681154814e+22,3.715071284515641754e+20,9.953504205740730368e+18,2.681138883998249280e+17,7.232003691306077000e+15,1.951414932204698438e+14,1.951414932204698438e+14,1.951414932204698438e+14
2.060606060606060691e-02,5.912535096368967430e+23,1.464549448208473286e+22,3.851016845568745144e+20,1.032160089860801126e+19,2.780537613211646080e+17,7.500281029750153000e+15,2.023815355230498438e+14,2.023815355230498438e+14,2.023815355230498438e+14
2.121212121212121340e-02,5.599616646829538793e+23,1.365781891607980042e+22,3.579217349315281551e+20,9.585974308163399680e+18,2.581914607115227840e+17,6.964211694223409000e+15,1.879146478605554688e+14,1.879146478605554688e+14,1.879146478605554688e+14
2.090909090909090842e-02,5.757239663461323233e+23,1.415233862681153765e+22,3.715071284515640443e+20,9.953504205740728320e+18,2.681138883998250240e+17,7.232003691306078000e+15,1.951414932204696562e+14,1.951414932204696562e+14,1.951414932204696562e+14
2.151515151515151492e-02,5.439663398742933478e+23,1.316219244659594179e+22,3.443529354820289823e+20,9.219208898240007168e+18,2.482917755067323200e+17,6.697047683351502000e+15,1.807048466408941562e+14,1.807048466408941562e+14,1.807048466408941562e+14
2.121212121212121340e-02,5.599616646829541478e+23,1.365781891607980042e+22,3.579217349315280241e+20,9.585974308163391488e+18,2.581914607115229120e+17,6.964211694223412000e+15,1.879146478605555625e+14,1.879146478605555625e+14,1.879146478605555625e+14
2.181818181818181990e-02,5.277377232136367925e+23,1.266572025867697075e+22,3.308081526029118996e+20,8.853404499988958208e+18,2.384200926494853120e+17,6.430653257233438000e+15,1.735159082764307188e+14,1.735159082764307188e+14,1.735159082764307188e+14
2.151515151515151492e-02,5.439663398742934820e+23,1.316219244659593550e+22,3.443529354820287201e+20,9.219208898240008192e+18,2.482917755067322240e+17,6.697047683351502000e+15,1.807048466408942188e+14,1.807048466408942188e+14,1.807048466408942188e+14
2.212121212121212141e-02,5.112755420556504607e+23,1.216866734683763140e+22,3.172947947279678833e+20,8.488756331977177088e+18,2.285816310607627840e+17,6.165168873471679000e+15,1.663516204557307188e+14,1.663516204557307188e+14,1.663516204557307188e+14
2.181818181818181990e-02,5.277377232136371280e+23,1.266572025867697494e+22,3.308081526029122273e+20,8.853404499988961280e+18,2.384200926494853440e+17,6.430653257233436000e+15,1.735159082764306875e+14,1.735159082764306875e+14,1.735159082764306875e+14
2.242424242424242292e-02,4.945795198106736955e+23,1.167130267053497254e+22,3.038202510640956703e+20,8.125458170777502720e+18,2.187815651964256960e+17,5.900733755138023000e+15,1.592157373261472500e+14,1.592157373261472500e+14,1.592157373261472500e+14
2.212121212121212141e-02,5.112755420556502594e+23,1.216866734683762930e+22,3.172947947279682765e+20,8.488756331977178112e+18,2.285816310607628480e+17,6.165168873471678000e+15,1.663516204557308750e+14,1.663516204557308750e+14,1.663516204557308750e+14
2.272727272727272790e-02,4.776493759391801058e+23,1.117389916507229651e+22,2.903918863500309627e+20,7.763702215099717632e+18,2.090250215625311040e+17,5.637485798301014000e+15,1.521119770097509375e+14,1.521119770097509375e+14,1.521119770097509375e+14
2.242424242424242292e-02,4.945795198106732929e+23,1.167130267053497254e+22,3.038202510640959324e+20,8.125458170777497600e+18,2.187815651964257280e+17,5.900733755138025000e+15,1.592157373261472500e+14,1.592157373261472500e+14,1.592157373261472500e+14
2.303030303030302942e-02,4.604848259461517631e+23,1.067673375266313549e+22,2.770170355342497546e+20,7.403678950707819520e+18,1.993170752707855360e+17,5.375561480739104000e+15,1.450440191518974688e+14,1.450440191518974688e+14,1.450440191518974688e+14
2.272727272727272790e-02,4.776493759391800387e+23,1.117389916507229651e+22,2.903918863500313231e+20,7.763702215099730944e+18,2.090250215625311040e+17,5.637485798301015000e+15,1.521119770097510938e+14,1.521119770097510938e+14,1.521119770097510938e+14
2.333333333333333440e-02,4.430855813753784374e+23,1.018008735365334041e+22,2.637029983716942152e+20,7.045577016234527744e+18,1.896627466368896320e+17,5.115095771910104000e+15,1.380155025042415625e+14,1.380155025042415625e+14,1.380155025042415625e+14
2.303030303030302942e-02,4.604848259461516288e+23,1.067673375266313339e+22,2.770170355342499185e+20,7.403678950707822592e+18,1.993170752707855360e+17,5.375561480739102000e+15,1.450440191518974688e+14,1.450440191518974688e+14,1.450440191518974688e+14
2.363636363636363591e-02,4.254513498036583856e+23,9.684244897904629645e+21,2.504570339389375775e+20,6.689583070009010176e+18,1.800669978244973440e+17,4.856222044243431000e+15,1.310300225439840312e+14,1.310300225439840312e+14,1.310300225439840312e+14
2.333333333333333440e-02,4.430855813753787059e+23,1.018008735365335299e+22,2.637029983716943790e+20,7.045577016234528768e+18,1.896627466368896960e+17,5.115095771910107000e+15,1.380155025042415000e+14,1.380155025042415000e+14,1.380155025042415000e+14
2.393939393939394089e-02,4.075818348349790722e+23,9.189495336337371300e+21,2.372863550674822103e+20,6.335881658015159296e+18,1.705347295375097600e+17,4.599071985823656000e+15,1.240911291311332188e+14,1.240911291311332188e+14,1.240911291311332188e+14
2.363636363636363591e-02,4.254513498036585198e+23,9.684244897904627548e+21,2.504570339389374792e+20,6.689583070009007104e+18,1.800669978244974080e+17,4.856222044243433000e+15,1.310300225439840625e+14,1.310300225439840625e+14,1.310300225439840625e+14
2.424242424242424240e-02,3.894767360945391130e+23,8.696131652634377454e+21,2.241981226947273687e+20,5.984655083096993792e+18,1.610707777633485120e+17,4.343775514529448500e+15,1.172023242054825781e+14,1.172023242054825781e+14,1.172023242054825781e+14
2.393939393939394089e-02,4.075818348349793407e+23,9.189495336337376543e+21,2.372863550674822431e+20,6.335881658015160320e+18,1.705347295375098240e+17,4.599071985823660000e+15,1.240911291311332500e+14,1.240911291311332500e+14,1.240911291311332500e+14
2.454545454545454392e-02,3.711357492227480035e+23,8.204450875105972584e+21,2.111994401323062067e+20,5.636083275533937664e+18,1.516799105698863680e+17,4.090460693694185500e+15,1.103670595250235156e+14,1.103670595250235156e+14,1.103670595250235156e+14
2.424242424242424240e-02,3.894767360945391130e+23,8.696131652634382696e+21,2.241981226947273359e+20,5.984655083096993792e+18,1.610707777633486400e+17,4.343775514529452000e+15,1.172023242054825781e+14,1.172023242054825781e+14,1.172023242054825781e+14
2.484848484848484890e-02,3.525585658691382715e+23,7.714754088716112757e+21,1.982973472513742275e+20,5.290343665106386944e+18,1.423668249586170720e+17,3.839253649350214000e+15,1.035887344474301094e+14,1.035887344474301094e+14,1.035887344474301094e+14
2.454545454545454392e-02,3.711357492227482048e+23,8.204450875105973633e+21,2.111994401323062723e+20,5.636083275533940736e+18,1.516799105698863360e+17,4.090460693694189500e+15,1.103670595250235156e+14,1.103670595250235156e+14,1.103670595250235156e+14
2.515151515151515041e-02,3.337448736861593839e+23,7.227346447270468911e+21,1.854988145844627702e+20,4.947611054776455168e+18,1.331361437766506720e+17,3.590278489119556500e+15,9.687069375626128125e+13,9.687069375626128125e+13,9.687069375626128125e+13
2.484848484848484890e-02,3.525585658691386071e+23,7.714754088716119048e+21,1.982973472513743258e+20,5.290343665106394112e+18,1.423668249586171520e+17,3.839253649350220000e+15,1.035887344474301875e+14,1.035887344474301875e+14,1.035887344474301875e+14
2.545454545454545539e-02,3.146943563229434667e+23,6.742537185766721716e+21,1.728107373435152957e+20,4.608057496109863424e+18,1.239924126900745760e+17,3.343657222811323000e+15,9.021622553344112500e+13,9.021622553344112500e+13,9.021622553344112500e+13
2.515151515151515041e-02,3.337448736861593839e+23,7.227346447270465765e+21,1.854988145844627046e+20,4.947611054776455168e+18,1.331361437766506720e+17,3.590278489119556500e+15,9.687069375626123438e+13,9.687069375626123438e+13,9.687069375626123438e+13
2.575757575757575690e-02,2.954066934189919054e+23,6.260639632908124946e+21,1.602399293536969687e+20,4.271852166566654464e+18,1.149400972211601600e+17,3.099509684785476000e+15,8.362855907958446875e+13,8.362855907958446875e+13,8.362855907958446875e+13
2.545454545454545539e-02,3.146943563229433325e+23,6.742537185766723813e+21,1.728107373435155579e+20,4.608057496109861888e+18,1.239924126900747040e+17,3.343657222811324000e+15,9.021622553344115625e+13,9.021622553344115625e+13,9.021622553344115625e+13
2.606060606060606188e-02,2.758815605977333629e+23,5.781971223778982625e+21,1.477931169025764557e+20,3.939161248790313472e+18,1.059835798518716800e+17,2.857953458139846500e+15,7.711086288365571875e+13,7.711086288365571875e+13,7.711086288365571875e+13
2.575757575757575690e-02,2.954066934189916705e+23,6.260639632908125995e+21,1.602399293536970015e+20,4.271852166566655488e+18,1.149400972211601760e+17,3.099509684785477000e+15,8.362855907958454688e+13,8.362855907958454688e+13,8.362855907958454688e+13
2.636363636363636340e-02,2.561186294600466002e+23,5.306853512684316393e+21,1.354769325042596250e+20,3.610147812027232256e+18,9.712715719605985600e+16,2.619103800777539000e+15,7.066624264342378125e+13,7.066624264342378125e+13,7.066624264342378125e+13
2.606060606060606188e-02,2.758815605977335978e+23,5.781971223778985771e+21,1.477931169025764557e+20,3.939161248790317056e+18,1.059835798518716640e+17,2.857953458139849500e+15,7.711086288365578125e+13,7.711086288365578125e+13,7.711086288365578125e+13
2.666666666666666491e-02,2.361175675776832373e+23,4.835612186153389654e+21,1.232979085780846674e+20,3.284971695809867264e+18,8.837503724272240000e+16,2.383073573408752500e+15,6.429773933814733594e+13,6.429773933814733594e+13,6.429773933814733594e+13
2.636363636363636340e-02,2.561186294600466002e+23,5.306853512684323734e+21,1.354769325042597560e+20,3.610147812027233280e+18,9.712715719605990400e+16,2.619103800777540500e+15,7.066624264342384375e+13,7.066624264342384375e+13,7.066624264342384375e+13
2.696969696969696989e-02,2.158780384866137077e+23,4.368577076106961617e+21,1.112624710414337638e+20,2.963789396039065088e+18,7.973133667258704000e+16,2.149973169539966500e+15,5.800832735484675781e+13,5.800832735484675781e+13,5.800832735484675781e+13
2.666666666666666491e-02,2.361175675776832373e+23,4.835612186153386508e+21,1.232979085780846019e+20,3.284971695809866240e+18,8.837503724272244800e+16,2.383073573408751500e+15,6.429773933814734375e+13,6.429773933814734375e+13,6.429773933814734375e+13
2.727272727272727140e-02,1.953997016803105340e+23,3.906082173190068503e+21,9.937693281623901798e+19,2.646753953603298816e+18,7.120007825028288800e+16,1.919910447502339250e+15,5.180091266950534375e+13,5.180091266950534375e+13,5.180091266950534375e+13
2.696969696969696989e-02,2.158780384866137077e+23,4.368577076106961093e+21,1.112624710414337966e+20,2.963789396039066624e+18,7.973133667258713600e+16,2.149973169539966250e+15,5.800832735484680469e+13,5.800832735484680469e+13,5.800832735484680469e+13
2.757575757575757638e-02,1.746822126028833927e+23,3.448465640269027475e+21,8.764748724876659917e+19,2.334014845673573376e+18,6.278518829426580800e+16,1.692990664568069750e+15,4.567833108447818750e+13,4.567833108447818750e+13,4.567833108447818750e+13
2.727272727272727140e-02,1.953997016803104669e+23,3.906082173190068503e+21,9.937693281623901798e+19,2.646753953603301888e+18,7.120007825028287200e+16,1.919910447502339500e+15,5.180091266950533594e+13,5.180091266950533594e+13,5.180091266950533594e+13
2.787878787878787790e-02,1.537252226422572969e+23,2.996069826095098626e+21,7.608020144222352179e+19,2.025717879816352768e+18,5.449049422662148800e+16,1.469316413203432000e+15,3.964334652335274219e+13,3.964334652335274219e+13,3.964334652335274219e+13
2.757575757575757638e-02,1.746822126028834598e+23,3.448465640269030097e+21,8.764748724876663194e+19,2.334014845673574912e+18,6.278518829426583200e+16,1.692990664568070500e+15,4.567833108447819531e+13,4.567833108447819531e+13,4.567833108447819531e+13
2.818181818181818288e-02,1.325283791231291186e+23,2.549241279133127279e+21,6.468100950174876467e+19,1.722005091066503680e+18,4.631972220477852000e+16,1.248987559503438500e+15,3.369864938443191406e+13,3.369864938443191406e+13,3.369864938443191406e+13
2.787878787878787790e-02,1.537252226422572633e+23,2.996069826095098626e+21,7.608020144222353818e+19,2.025717879816351744e+18,5.449049422662143200e+16,1.469316413203431750e+15,3.964334652335276562e+13,3.964334652335276562e+13,3.964334652335276562e+13
2.848484848484848439e-02,1.110913252999702312e+23,2.108330761557508620e+21,5.345570569135307162e+19,1.423014642107048192e+18,3.827649483713242400e+16,1.032101183853245375e+15,2.784685495400150391e+13,2.784685495400150391e+13,2.784685495400150391e+13
2.818181818181818288e-02,1.325283791231291018e+23,2.549241279133126230e+21,6.468100950174878106e+19,1.722005091066504192e+18,4.631972220477854400e+16,1.248987559503440000e+15,3.369864938443194141e+13,3.369864938443194141e+13,3.369864938443194141e+13
2.878787878787878937e-02,8.941370034983500618e+22,1.673693263414632382e+21,4.240993750232838144e+19,1.128880726701822208e+18,3.036432898446571200e+16,8.187515238576668750e+14,2.209050188045092578e+13,2.209050188045092578e+13,2.209050188045092578e+13
2.848484848484848439e-02,1.110913252999701474e+23,2.108330761557507310e+21,5.345570569135309619e+19,1.423014642107048960e+18,3.827649483713242400e+16,1.032101183853245000e+15,2.784685495400151562e+13,2.784685495400151562e+13,2.784685495400151562e+13
2.909090909090909088e-02,6.749513936517954378e+22,1.245688016952746312e+21,3.154919863269789696e+19,8.397334765312931840e+17,2.258663364900977200e+16,6.090299195796902500e+14,1.643205071029896875e+13,1.643205071029896875e+13,1.643205071029896875e+13
2.878787878787878937e-02,8.941370034983497263e+22,1.673693263414632120e+21,4.240993750232841421e+19,1.128880726701822976e+18,3.036432898446571200e+16,8.187515238576670000e+14,2.209050188045094141e+13,2.209050188045094141e+13,2.209050188045094141e+13
2.939393939393939240e-02,4.533527334654335097e+22,8.246785111200215859e+20,2.087882187721190605e+19,5.556988715824476800e+17,1.494670795288900200e+16,4.030247611257960625e+14,1.087388248710121680e+13,1.087388248710121680e+13,1.087388248710121680e+13
2.909090909090909088e-02,6.749513936517957734e+22,1.245688016952747360e+21,3.154919863269790925e+19,8.397334765312936960e+17,2.258663364900978000e+16,6.090299195796902500e+14,1.643205071029897070e+13,1.643205071029897070e+13,1.643205071029897070e+13
2.969696969696969738e-02,2.293372919516222403e+22,4.110325062305531167e+20,1.040397192743965082e+19,2.768986542463968960e+17,7.447739207618777000e+15,2.008214386146907812e+14,5.418297414179305664e+12,5.418297414179305664e+12,5.418297414179305664e+12
2.939393939393939240e-02,4.533527334654334258e+22,8.246785111200217170e+20,2.087882187721188966e+19,5.556988715824477440e+17,1.494670795288901000e+16,4.030247611257961875e+14,1.087388248710120898e+13,1.087388248710120898e+13,1.087388248710120898e+13
2.999999999999999889e-02,2.901297055256302060e+20,5.122048799508908032e+18,1.296380814746529760e+17,3.450247279267766500e+15,9.280107623816101562e+13,2.502294563464309570e+12,6.751358204894062805e+10,6.751358204894062805e+10,6.751358204894062805e+10
2.969696969696969738e-02,2.293372919516220306e+22,4.110325062305533788e+20,1.040397192743964262e+19,2.768986542463969280e+17,7.447739207618780000e+15,2.008214386146907188e+14,5.418297414179304688e+12,5.418297414179304688e+12,5.418297414179304688e+12
