x,t=1.00e+04s,t=2.00e+04s,t=3.00e+04s,t=4.00e+04s,t=5.00e+04s,t=6.00e+04s,t=7.00e+04s,t=8.00e+04s,t=9.00e+04s
3.030303030303030300e-04,2.677520565419646753e+22,3.645351076557947535e+20,4.484533786633755136e+18,5.357063132489147200e+16,6.347579032358173750e+14,7.505050650651295898e+12,7.505050650651295898e+12,7.505050650651295898e+12,7.505050650651295898e+12
0.000000000000000000e+00,2.677603045966412461e+22,3.645512018563250258e+20,4.484753197123932160e+18,5.357333150923057600e+16,6.347901618562163750e+14,7.505432892711689453e+12,7.505432892711689453e+12,7.505432892711689453e+12,7.505432892711689453e+12
6.060606060606060601e-04,2.676648437922110059e+22,3.643649445000343060e+20,4.482214045237385216e+18,5.354208365842115200e+16,6.344168505706841250e+14,7.501009419456016602e+12,7.501009419456016602e+12,7.501009419456016602e+12,7.501009419456016602e+12
3.030303030303030300e-04,2.677520565419646334e+22,3.645351076557950157e+20,4.484533786633753600e+18,5.357063132489142400e+16,6.347579032358170000e+14,7.505050650651295898e+12,7.505050650651295898e+12,7.505050650651295898e+12,7.505050650651295898e+12
9.090909090909090901e-04,2.675276770812142132e+22,3.640973831596977029e+20,4.478566929198194688e+18,5.349720255543071200e+16,6.338806724808652500e+14,7.494656112735714844e+12,7.494656112735714844e+12,7.494656112735714844e+12,7.494656112735714844e+12
6.060606060606060601e-04,2.676648437922109640e+22,3.643649445000346337e+20,4.482214045237383680e+18,5.354208365842114400e+16,6.344168505706838750e+14,7.501009419456018555e+12,7.501009419456018555e+12,7.501009419456018555e+12,7.501009419456018555e+12
1.212121212121212120e-03,2.673370125540602465e+22,3.637256076905804595e+20,4.473500099125428224e+18,5.343485419501652000e+16,6.331358328614722500e+14,7.485830368648629883e+12,7.485830368648629883e+12,7.485830368648629883e+12,7.485830368648629883e+12
9.090909090909090901e-04,2.675276770812141712e+22,3.640973831596976374e+20,4.478566929198193152e+18,5.349720255543069600e+16,6.338806724808652500e+14,7.494656112735711914e+12,7.494656112735711914e+12,7.494656112735711914e+12,7.494656112735711914e+12
1.515151515151515150e-03,2.670923505904886848e+22,3.632487803129180324e+20,4.467002937353892352e+18,5.335491144116914400e+16,6.321808258805580000e+14,7.474514387615837891e+12,7.474514387615837891e+12,7.474514387615837891e+12,7.474514387615837891e+12
1.212121212121212120e-03,2.673370125540600788e+22,3.637256076905806561e+20,4.473500099125429760e+18,5.343485419501649600e+16,6.331358328614720000e+14,7.485830368648629883e+12,7.485830368648629883e+12,7.485830368648629883e+12,7.485830368648629883e+12
1.818181818181818180e-03,2.667935404067153720e+22,3.626667831104508396e+20,4.459074867709973504e+18,5.325737172842041600e+16,6.310156375883601250e+14,7.460708059996972656e+12,7.460708059996972656e+12,7.460708059996972656e+12,7.460708059996972656e+12
1.515151515151515150e-03,2.670923505904887687e+22,3.632487803129181635e+20,4.467002937353891328e+18,5.335491144116914400e+16,6.321808258805575000e+14,7.474514387615840820e+12,7.474514387615840820e+12,7.474514387615840820e+12,7.474514387615840820e+12
2.121212121212120993e-03,2.664405192787756057e+22,3.619797092053321646e+20,4.449718417364654080e+18,5.314227166693243200e+16,6.296407256721347500e+14,7.444416876723915039e+12,7.444416876723915039e+12,7.444416876723915039e+12,7.444416876723915039e+12
1.818181818181818180e-03,2.667935404067154559e+22,3.626667831104506429e+20,4.459074867709972480e+18,5.325737172842041600e+16,6.310156375883597500e+14,7.460708059996973633e+12,7.460708059996973633e+12,7.460708059996973633e+12,7.460708059996973633e+12
2.424242424242424240e-03,2.660332553037144287e+22,3.611877510675968164e+20,4.438937692304812032e+18,5.300966826751379200e+16,6.280567950943073750e+14,7.425649270547158203e+12,7.425649270547158203e+12,7.425649270547158203e+12,7.425649270547158203e+12
2.121212121212120993e-03,2.664405192787754798e+22,3.619797092053320335e+20,4.449718417364655616e+18,5.314227166693240800e+16,6.296407256721343750e+14,7.444416876723914062e+12,7.444416876723914062e+12,7.444416876723914062e+12,7.444416876723914062e+12
2.727272727272727487e-03,2.655717295590396553e+22,3.602911657037352796e+20,4.426737900565102080e+18,5.285963305864374400e+16,6.262647277387273750e+14,7.404415782132868164e+12,7.404415782132868164e+12,7.404415782132868164e+12,7.404415782132868164e+12
2.424242424242424240e-03,2.660332553037142190e+22,3.611877510675969475e+20,4.438937692304813568e+18,5.300966826751376000e+16,6.280567950943073750e+14,7.425649270547156250e+12,7.425649270547156250e+12,7.425649270547156250e+12,7.425649270547156250e+12
3.030303030303030300e-03,2.650559292540714169e+22,3.592902612959199887e+20,4.413125167573200896e+18,5.269224979609500000e+16,6.242655549668945000e+14,7.380728734573431641e+12,7.380728734573431641e+12,7.380728734573431641e+12,7.380728734573431641e+12
2.727272727272727487e-03,2.655717295590394456e+22,3.602911657037352141e+20,4.426737900565100544e+18,5.285963305864372000e+16,6.262647277387270000e+14,7.404415782132861328e+12,7.404415782132861328e+12,7.404415782132861328e+12,7.404415782132861328e+12
3.333333333333333114e-03,2.644858447022037087e+22,3.581853912985138627e+20,4.398106452830501888e+18,5.250761341738272800e+16,6.220604450355840000e+14,7.354602083960984375e+12,7.354602083960984375e+12,7.354602083960984375e+12,7.354602083960984375e+12
3.030303030303030300e-03,2.650559292540713750e+22,3.592902612959197921e+20,4.413125167573202432e+18,5.269224979609496800e+16,6.242655549668937500e+14,7.380728734573426758e+12,7.380728734573426758e+12,7.380728734573426758e+12,7.380728734573426758e+12
3.636363636363636360e-03,2.638614678369497776e+22,3.569769515481219727e+20,4.381689507347233280e+18,5.230582949547770400e+16,6.196506964691243750e+14,7.326051340481397461e+12,7.326051340481397461e+12,7.326051340481397461e+12,7.326051340481397461e+12
3.333333333333333114e-03,2.644858447022036248e+22,3.581853912985136660e+20,4.398106452830501376e+18,5.250761341738269600e+16,6.220604450355835000e+14,7.354602083960980469e+12,7.354602083960980469e+12,7.354602083960980469e+12,7.354602083960980469e+12
3.939393939393939607e-03,2.631827914247815299e+22,3.556653787343228109e+20,4.363882849295106048e+18,5.208701391446625600e+16,6.170377340735013750e+14,7.295093520777060547e+12,7.295093520777060547e+12,7.295093520777060547e+12,7.295093520777060547e+12
3.636363636363636360e-03,2.638614678369496937e+22,3.569769515481221038e+20,4.381689507347231744e+18,5.230582949547766400e+16,6.196506964691243750e+14,7.326051340481394531e+12,7.326051340481394531e+12,7.326051340481394531e+12,7.326051340481394531e+12
4.242424242424241987e-03,2.624498086205711817e+22,3.542511495396023992e+20,4.344695748451492864e+18,5.185129265119736800e+16,6.142231062069857500e+14,7.261747115164311523e+12,7.261747115164311523e+12,7.261747115164311523e+12,7.261747115164311523e+12
3.939393939393939607e-03,2.631827914247814460e+22,3.556653787343227453e+20,4.363882849295105024e+18,5.208701391446620800e+16,6.170377340735011250e+14,7.295093520777061523e+12,7.295093520777061523e+12,7.295093520777061523e+12,7.295093520777061523e+12
4.545454545454545234e-03,2.616625127032806913e+22,3.527347801319406305e+20,4.324138215117985280e+18,5.159880160980073600e+16,6.112084826731025000e+14,7.226032062192491211e+12,7.226032062192491211e+12,7.226032062192491211e+12,7.226032062192491211e+12
4.242424242424241987e-03,2.624498086205712237e+22,3.542511495396026614e+20,4.344695748451494912e+18,5.185129265119734400e+16,6.142231062069856250e+14,7.261747115164311523e+12,7.261747115164311523e+12,7.261747115164311523e+12,7.261747115164311523e+12
4.848484848484848481e-03,2.608208969120675267e+22,3.511168258539514757e+20,4.302220991385612288e+18,5.132968648293548000e+16,6.079956529239040000e+14,7.187969726848345703e+12,7.187969726848345703e+12,7.187969726848345703e+12,7.187969726848345703e+12
4.545454545454545234e-03,2.616625127032805655e+22,3.527347801319406961e+20,4.324138215117983744e+18,5.159880160980069600e+16,6.112084826731022500e+14,7.226032062192485352e+12,7.226032062192485352e+12,7.226032062192485352e+12,7.226032062192485352e+12
5.151515151515151728e-03,2.599249543408090769e+22,3.493978810268128379e+20,4.278955543631280128e+18,5.104410262610104800e+16,6.045865244105530000e+14,7.147582880473836914e+12,7.147582880473836914e+12,7.147582880473836914e+12,7.147582880473836914e+12
4.848484848484848481e-03,2.608208969120673589e+22,3.511168258539514757e+20,4.302220991385608704e+18,5.132968648293544800e+16,6.079956529239042500e+14,7.187969726848343750e+12,7.187969726848343750e+12,7.187969726848343750e+12,7.187969726848343750e+12
5.454545454545454974e-03,2.589746778682197174e+22,3.475785788242731336e+20,4.254354055636111360e+18,5.074221493752308000e+16,6.009831209920476250e+14,7.104895681346336914e+12,7.104895681346336914e+12,7.104895681346336914e+12,7.104895681346336914e+12
5.151515151515151728e-03,2.599249543408092027e+22,3.493978810268128379e+20,4.278955543631278080e+18,5.104410262610100800e+16,6.045865244105526250e+14,7.147582880473833008e+12,7.147582880473833008e+12,7.147582880473833008e+12,7.147582880473833008e+12
5.757575757575757354e-03,2.579700601101818737e+22,3.456595911907844424e+20,4.228429421971174400e+18,5.042419773933104800e+16,5.971875813513758750e+14,7.059933655316932617e+12,7.059933655316932617e+12,7.059933655316932617e+12,7.059933655316932617e+12
5.454545454545454974e-03,2.589746778682197174e+22,3.475785788242731991e+20,4.254354055636110336e+18,5.074221493752305600e+16,6.009831209920472500e+14,7.104895681346337891e+12,7.104895681346337891e+12,7.104895681346337891e+12,7.104895681346337891e+12
6.060606060606060601e-03,2.569110933865195844e+22,3.436416287884219515e+20,4.201195241442012160e+18,5.009023465749050400e+16,5.932021573889492500e+14,7.012723676156259766e+12,7.012723676156259766e+12,7.012723676156259766e+12,7.012723676156259766e+12
5.757575757575757354e-03,2.579700601101818318e+22,3.456595911907847700e+20,4.228429421971176960e+18,5.042419773933108000e+16,5.971875813513762500e+14,7.059933655316936523e+12,7.059933655316936523e+12,7.059933655316936523e+12,7.059933655316936523e+12
6.363636363636363848e-03,2.557977696973039128e+22,3.415254409631525765e+20,4.172665810462404096e+18,4.974051849895392800e+16,5.890292125757028750e+14,6.963293945395071289e+12,6.963293945395071289e+12,6.963293945395071289e+12,6.963293945395071289e+12
6.060606060606060601e-03,2.569110933865193747e+22,3.436416287884218204e+20,4.201195241442011136e+18,5.009023465749049600e+16,5.932021573889490000e+14,7.012723676156254883e+12,7.012723676156254883e+12,7.012723676156254883e+12,7.012723676156254883e+12
6.666666666666666227e-03,2.546300807056915327e+22,3.393118157244818391e+20,4.142856116275959808e+18,4.937525112510067200e+16,5.846712202546148750e+14,6.911673971534815430e+12,6.911673971534815430e+12,6.911673971534815430e+12,6.911673971534815430e+12
6.363636363636363848e-03,2.557977696973037869e+22,3.415254409631523799e+20,4.172665810462402048e+18,4.974051849895392000e+16,5.890292125757028750e+14,6.963293945395064453e+12,6.963293945395064453e+12,6.963293945395064453e+12,6.963293945395064453e+12
6.969696969696969474e-03,2.534080177251976164e+22,3.370015797344727204e+20,4.111781829971265024e+18,4.899464332083114400e+16,5.801307618841385000e+14,6.857894548546503906e+12,6.857894548546503906e+12,6.857894548546503906e+12,6.857894548546503906e+12
6.666666666666666227e-03,2.546300807056917004e+22,3.393118157244819046e+20,4.142856116275964416e+18,4.937525112510067200e+16,5.846712202546147500e+14,6.911673971534815430e+12,6.911673971534815430e+12,6.911673971534815430e+12,6.911673971534815430e+12
7.272727272727272721e-03,2.521315717101909128e+22,3.345955983037338747e+20,4.079459299257140736e+18,4.859891465898501600e+16,5.754105252194815000e+14,6.801987733615748047e+12,6.801987733615748047e+12,6.801987733615748047e+12,6.801987733615748047e+12
6.969696969696969474e-03,2.534080177251974067e+22,3.370015797344726548e+20,4.111781829971262976e+18,4.899464332083112800e+16,5.801307618841388750e+14,6.857894548546498047e+12,6.857894548546498047e+12,6.857894548546498047e+12,6.857894548546498047e+12
7.575757575757575968e-03,2.508007332486655351e+22,3.320947753925001871e+20,4.045905540971585024e+18,4.818829335983176800e+16,5.705133024294861250e+14,6.743986824107844727e+12,6.743986824107844727e+12,6.743986824107844727e+12,6.743986824107844727e+12
7.272727272727272721e-03,2.521315717101909128e+22,3.345955983037340058e+20,4.079459299257136640e+18,4.859891465898500800e+16,5.754105252194816250e+14,6.801987733615748047e+12,6.801987733615748047e+12,6.801987733615748047e+12,6.801987733615748047e+12
7.878787878787879215e-03,2.494154925566610270e+22,3.295000536156198011e+20,4.011138233309918208e+18,4.776301614549779200e+16,5.654419881478798750e+14,6.683926333740532227e+12,6.683926333740532227e+12,6.683926333740532227e+12,6.683926333740532227e+12
7.575757575757575968e-03,2.508007332486656609e+22,3.320947753925003182e+20,4.045905540971580928e+18,4.818829335983175200e+16,5.705133024294857500e+14,6.743986824107842773e+12,6.743986824107842773e+12,6.743986824107842773e+12,6.743986824107842773e+12
8.181818181818182462e-03,2.479758394738971404e+22,3.268124142506219274e+20,3.975175707758533632e+18,4.732332808926547200e+16,5.601995774585801250e+14,6.621841967962358398e+12,6.621841967962358398e+12,6.621841967962358398e+12,6.621841967962358398e+12
7.878787878787879215e-03,2.494154925566609850e+22,3.295000536156196700e+20,4.011138233309914624e+18,4.776301614549779200e+16,5.654419881478798750e+14,6.683926333740531250e+12,6.683926333740531250e+12,6.683926333740531250e+12,6.683926333740531250e+12
8.484848484848483974e-03,2.464817634603575751e+22,3.240328772482596864e+20,3.938036940726737408e+18,4.686948245970754400e+16,5.547891638152060000e+14,6.557770598541437500e+12,6.557770598541437500e+12,6.557770598541437500e+12,6.557770598541437500e+12
8.181818181818182462e-03,2.479758394738973082e+22,3.268124142506220585e+20,3.975175707758533632e+18,4.732332808926548000e+16,5.601995774585806250e+14,6.621841967962360352e+12,6.621841967962360352e+12,6.621841967962360352e+12,6.621841967962360352e+12
8.787878787878787221e-03,2.449332535935281555e+22,3.211625012450519286e+20,3.899741544870765568e+18,4.640174055966971200e+16,5.492139368953211250e+14,6.491750237372313477e+12,6.491750237372313477e+12,6.491750237372313477e+12,6.491750237372313477e+12
8.484848484848483974e-03,2.464817634603579526e+22,3.240328772482599485e+20,3.938036940726739456e+18,4.686948245970753600e+16,5.547891638152064375e+14,6.557770598541439453e+12,6.557770598541439453e+12,6.557770598541439453e+12,6.557770598541439453e+12
9.090909090909090468e-03,2.433302985661894938e+22,3.182023835775974769e+20,3.860309760104342528e+18,4.592037156011581600e+16,5.434771803903414375e+14,6.423820009513557617e+12,6.423820009513557617e+12,6.423820009513557617e+12,6.423820009513557617e+12
8.787878787878787221e-03,2.449332535935281974e+22,3.211625012450519941e+20,3.899741544870760960e+18,4.640174055966970400e+16,5.492139368953212500e+14,6.491750237372307617e+12,6.491750237372307617e+12,6.491750237372307617e+12,6.491750237372307617e+12
9.393939393939393714e-03,2.416728866846348725e+22,3.151536602983345029e+20,3.819762444293757440e+18,4.542565232889558400e+16,5.375822697320315625e+14,6.354020125471334961e+12,6.354020125471334961e+12,6.354020125471334961e+12,6.354020125471334961e+12
9.090909090909090468e-03,2.433302985661894099e+22,3.182023835775974769e+20,3.860309760104340992e+18,4.592037156011582400e+16,5.434771803903415625e+14,6.423820009513552734e+12,6.423820009513552734e+12,6.423820009513552734e+12,6.423820009513552734e+12
9.696969696969696961e-03,2.399610058671650767e+22,3.120175061925838848e+20,3.778121063632943104e+18,4.491786725445976000e+16,5.315326697568385625e+14,6.282391852743598633e+12,6.282391852743598633e+12,6.282391852743598633e+12,6.282391852743598633e+12
9.393939393939393714e-03,2.416728866846346628e+22,3.151536602983342408e+20,3.819762444293755904e+18,4.542565232889558400e+16,5.375822697320318125e+14,6.354020125471331055e+12,6.354020125471331055e+12,6.354020125471331055e+12,6.354020125471331055e+12
1.000000000000000021e-02,2.381946436428546808e+22,3.087951347967775212e+20,3.735407682698522624e+18,4.439730806462527200e+16,5.253319323094640625e+14,6.208977486645136719e+12,6.208977486645136719e+12,6.208977486645136719e+12,6.208977486645136719e+12
9.696969696969696961e-03,2.399610058671650347e+22,3.120175061925838848e+20,3.778121063632944128e+18,4.491786725445975200e+16,5.315326697568385000e+14,6.282391852743595703e+12,6.282391852743595703e+12,6.282391852743595703e+12,6.282391852743595703e+12
1.030303030303030346e-02,2.363737871505176501e+22,3.054877984177636639e+20,3.691644954180733952e+18,4.386427364043050400e+16,5.189836937870563125e+14,6.133820320432309570e+12,6.133820320432309570e+12,6.133820320432309570e+12,6.133820320432309570e+12
1.000000000000000021e-02,2.381946436428545550e+22,3.087951347967774556e+20,3.735407682698522624e+18,4.439730806462528000e+16,5.253319323094636875e+14,6.208977486645135742e+12,6.208977486645135742e+12,6.208977486645135742e+12,6.208977486645135742e+12
1.060606060606060670e-02,2.344984231378264103e+22,3.020967881530724188e+20,3.646856108291603968e+18,4.331906982519124000e+16,5.124916726256732500e+14,6.056964614747500977e+12,6.056964614747500977e+12,6.056964614747500977e+12,6.056964614747500977e+12
1.030303030303030346e-02,2.363737871505175662e+22,3.054877984177634017e+20,3.691644954180731392e+18,4.386427364043050400e+16,5.189836937870561250e+14,6.133820320432309570e+12,6.133820320432309570e+12,6.133820320432309570e+12,6.133820320432309570e+12
1.090909090909090995e-02,2.325685379605530568e+22,2.986234339121104159e+20,3.601064941846919168e+18,4.276200922881673600e+16,5.058596667305148125e+14,5.978455566406344727e+12,5.978455566406344727e+12,5.978455566406344727e+12,5.978455566406344727e+12
1.060606060606060670e-02,2.344984231378264942e+22,3.020967881530722877e+20,3.646856108291602944e+18,4.331906982519120000e+16,5.124916726256732500e+14,6.056964614747500000e+12,6.056964614747500000e+12,6.056964614747500000e+12,6.056964614747500000e+12
1.121212121212121146e-02,2.305841175819297227e+22,2.950691044382851727e+20,3.554295807022563328e+18,4.219341102750638400e+16,4.990915508518241875e+14,5.898339276549211914e+12,5.898339276549211914e+12,5.898339276549211914e+12,5.898339276549211914e+12
1.090909090909090995e-02,2.325685379605531827e+22,2.986234339121106780e+20,3.601064941846919168e+18,4.276200922881672800e+16,5.058596667305150625e+14,5.978455566406346680e+12,5.978455566406346680e+12,5.978455566406346680e+12,5.978455566406346680e+12
1.151515151515151471e-02,2.285451475720543299e+22,2.914352073318910198e+20,3.506573599782950912e+18,4.161360075889346400e+16,4.921912739079178750e+14,5.816662718179081055e+12,5.816662718179081055e+12,5.816662718179081055e+12,5.816662718179081055e+12
1.121212121212121146e-02,2.305841175819300163e+22,2.950691044382853038e+20,3.554295807022563328e+18,4.219341102750639200e+16,4.990915508518245625e+14,5.898339276549214844e+12,5.898339276549214844e+12,5.898339276549214844e+12,5.898339276549214844e+12
1.181818181818181795e-02,2.264516131073970458e+22,2.877231890738416517e+20,3.457923747982657024e+18,4.102291011276213600e+16,4.851628562574639375e+14,5.733473703111840820e+12,5.733473703111840820e+12,5.733473703111840820e+12,5.733473703111840820e+12
1.151515151515151471e-02,2.285451475720543719e+22,2.914352073318908559e+20,3.506573599782950400e+18,4.161360075889347200e+16,4.921912739079176875e+14,5.816662718179084961e+12,5.816662718179084961e+12,5.816662718179084961e+12,5.816662718179084961e+12
1.212121212121212120e-02,2.243034989703531699e+22,2.839345350502135890e+20,3.408372199138638336e+18,4.042167671743288000e+16,4.780103869227245000e+14,5.648820848362083984e+12,5.648820848362083984e+12,5.648820848362083984e+12,5.648820848362083984e+12
1.181818181818181795e-02,2.264516131073970458e+22,2.877231890738415862e+20,3.457923747982656000e+18,4.102291011276216000e+16,4.851628562574640625e+14,5.733473703111841797e+12,5.733473703111841797e+12,5.733473703111841797e+12,5.733473703111841797e+12
1.242424242424242445e-02,2.221007895488255492e+22,2.800707695775312773e+20,3.357945407874205184e+18,3.981024392192275200e+16,4.707380207657278125e+14,5.562753541989436523e+12,5.562753541989436523e+12,5.562753541989436523e+12,5.562753541989436523e+12
1.212121212121212120e-02,2.243034989703530021e+22,2.839345350502136873e+20,3.408372199138637312e+18,4.042167671743288800e+16,4.780103869227245000e+14,5.648820848362080078e+12,5.648820848362080078e+12,5.648820848362080078e+12,5.648820848362080078e+12
1.272727272727272770e-02,2.198434688358587092e+22,2.761334559288103076e+20,3.306670323032370688e+18,3.918896057400024800e+16,4.633499756192868750e+14,5.475321908430756836e+12,5.475321908430756836e+12,5.475321908430756836e+12,5.475321908430756836e+12
1.242424242424242445e-02,2.221007895488252976e+22,2.800707695775312773e+20,3.357945407874204160e+18,3.981024392192272800e+16,4.707380207657280625e+14,5.562753541989432617e+12,5.562753541989432617e+12,5.562753541989432617e+12,5.562753541989432617e+12
1.303030303030303094e-02,2.175315204292958015e+22,2.721241963603369656e+20,3.254574374459714048e+18,3.855818079424445600e+16,4.558505293749398125e+14,5.386576773345249023e+12,5.386576773345249023e+12,5.386576773345249023e+12,5.386576773345249023e+12
1.272727272727272770e-02,2.198434688358587512e+22,2.761334559288100782e+20,3.306670323032368128e+18,3.918896057400021600e+16,4.633499756192868750e+14,5.475321908430756836e+12,5.475321908430756836e+12,5.475321908430756836e+12,5.475321908430756836e+12
1.333333333333333245e-02,2.151649275314595430e+22,2.680446321391738225e+20,3.201685459459429376e+18,3.791826374623386400e+16,4.482440170297969375e+14,5.296569627996713867e+12,5.296569627996713867e+12,5.296569627996713867e+12,5.296569627996713867e+12
1.303030303030303094e-02,2.175315204292959273e+22,2.721241963603369984e+20,3.254574374459713536e+18,3.855818079424451200e+16,4.558505293749397500e+14,5.386576773345250000e+12,5.386576773345250000e+12,5.386576773345250000e+12,5.386576773345250000e+12
1.363636363636363570e-02,2.127436729488576925e+22,2.638964435714261647e+20,3.148031928912640512e+18,3.726957340298541600e+16,4.405348276944763125e+14,5.205352593202406250e+12,5.205352593202406250e+12,5.205352593202406250e+12,5.205352593202406250e+12
1.333333333333333245e-02,2.151649275314597528e+22,2.680446321391739535e+20,3.201685459459429888e+18,3.791826374623388800e+16,4.482440170297968125e+14,5.296569627996716797e+12,5.296569627996716797e+12,5.296569627996716797e+12,5.296569627996716797e+12
1.393939393939393895e-02,2.102677390919060999e+22,2.596813500311740088e+20,3.093642573068486144e+18,3.661247830976895200e+16,4.327274015641506875e+14,5.112978382873469727e+12,5.112978382873469727e+12,5.112978382873469727e+12,5.112978382873469727e+12
1.363636363636363570e-02,2.127436729488576925e+22,2.638964435714261647e+20,3.148031928912639488e+18,3.726957340298542400e+16,4.405348276944764375e+14,5.205352593202406250e+12,5.205352593202406250e+12,5.205352593202406250e+12,5.205352593202406250e+12
1.424242424242424220e-02,2.077371079746550707e+22,2.554011099901565338e+20,3.038546607001957888e+18,3.594735134343195200e+16,4.248262268549249375e+14,5.019500267175552734e+12,5.019500267175552734e+12,5.019500267175552734e+12,5.019500267175552734e+12
1.393939393939393895e-02,2.102677390919059741e+22,2.596813500311740088e+20,3.093642573068485120e+18,3.661247830976895200e+16,4.327274015641505000e+14,5.112978382873467773e+12,5.112978382873467773e+12,5.112978382873467773e+12,5.112978382873467773e+12
1.454545454545454544e-02,2.051517612145476056e+22,2.510575210481352704e+20,2.982773655738889728e+18,3.527456946836134400e+16,4.168358367076797500e+14,4.924972035336950195e+12,4.924972035336950195e+12,4.924972035336950195e+12,4.924972035336950195e+12
1.424242424242424220e-02,2.077371079746551546e+22,2.554011099901563044e+20,3.038546607001959424e+18,3.594735134343194400e+16,4.248262268549246875e+14,5.019500267175549805e+12,5.019500267175549805e+12,5.019500267175549805e+12,5.019500267175549805e+12
1.484848484848484869e-02,2.025116800321545306e+22,2.466524199639633101e+20,2.926353739047474688e+18,3.459451348922110000e+16,4.087608060617254375e+14,4.829447958132475586e+12,4.829447958132475586e+12,4.829447958132475586e+12,4.829447958132475586e+12
1.454545454545454544e-02,2.051517612145476895e+22,2.510575210481351721e+20,2.982773655738889728e+18,3.527456946836135600e+16,4.168358367076796875e+14,4.924972035336950195e+12,4.924972035336950195e+12,4.924972035336950195e+12,4.924972035336950195e+12
1.515151515151515194e-02,1.998168452509444394e+22,2.421876826873812091e+20,2.869317255896702464e+18,3.390756780060923600e+16,4.006057485003374375e+14,4.732982750071884766e+12,4.732982750071884766e+12,4.732982750071884766e+12,4.732982750071884766e+12
1.484848484848484869e-02,2.025116800321545306e+22,2.466524199639633101e+20,2.926353739047474688e+18,3.459451348922108800e+16,4.087608060617250000e+14,4.829447958132474609e+12,4.829447958132474609e+12,4.829447958132474609e+12,4.829447958132474609e+12
1.545454545454545518e-02,1.970672372970557329e+22,2.376652243914707436e+20,2.811694968580407808e+18,3.321412013376932000e+16,3.923753130706187500e+14,4.635631531320603516e+12,4.635631531320603516e+12,4.635631531320603516e+12,4.635631531320603516e+12
1.515151515151515194e-02,1.998168452509444394e+22,2.421876826873810780e+20,2.869317255896702976e+18,3.390756780060922400e+16,4.006057485003371250e+14,4.732982750071883789e+12,4.732982750071883789e+12,4.732982750071883789e+12,4.732982750071883789e+12
1.575757575757575843e-02,1.942628361990598925e+22,2.330869995058292982e+20,2.753517986506496512e+18,3.251456130050776000e+16,3.840741810799495625e+14,4.537449789382712891e+12,4.537449789382712891e+12,4.537449789382712891e+12,4.537449789382712891e+12
1.545454545454545518e-02,1.970672372970556909e+22,2.376652243914705142e+20,2.811694968580406784e+18,3.321412013376929600e+16,3.923753130706186875e+14,4.635631531320603516e+12,4.635631531320603516e+12,4.635631531320603516e+12,4.635631531320603516e+12
1.606060606060605994e-02,1.914036215877447188e+22,2.284550017504483082e+20,2.694817749651338752e+18,3.180928493446652400e+16,3.757070628712730000e+14,4.438493340574199219e+12,4.438493340574199219e+12,4.438493340574199219e+12,4.438493340574199219e+12
1.575757575757575843e-02,1.942628361990601022e+22,2.330869995058291999e+20,2.753517986506495488e+18,3.251456130050775600e+16,3.840741810799497500e+14,4.537449789382715820e+12,4.537449789382715820e+12,4.537449789382715820e+12,4.537449789382715820e+12
1.636363636363636492e-02,1.884895726958685245e+22,2.237712641702281216e+20,2.635626011678228992e+18,3.109868722989702000e+16,3.672786945796933750e+14,4.338818291316252930e+12,4.338818291316252930e+12,4.338818291316252930e+12,4.338818291316252930e+12
1.606060606060605994e-02,1.914036215877447608e+22,2.284550017504482427e+20,2.694817749651338240e+18,3.180928493446651600e+16,3.757070628712730000e+14,4.438493340574200195e+12,4.438493340574200195e+12,4.438493340574200195e+12,4.438493340574200195e+12
1.666666666666666644e-02,1.855206683579736759e+22,2.190378591702821765e+20,2.575974822720070656e+18,3.038316667809908800e+16,3.587938348726842500e+14,4.238480999277980957e+12,4.238480999277980957e+12,4.238480999277980957e+12,4.238480999277980957e+12
1.636363636363636492e-02,1.884895726958685245e+22,2.237712641702281871e+20,2.635626011678232576e+18,3.109868722989702800e+16,3.672786945796933125e+14,4.338818291316256836e+12,4.338818291316256836e+12,4.338818291316256836e+12,4.338818291316256836e+12
1.696969696969696795e-02,1.824968870101376618e+22,2.142568985518245478e+20,2.515896511825184256e+18,2.966312380167764000e+16,3.502572616763771250e+14,4.137538034397935547e+12,4.137538034397935547e+12,4.137538034397935547e+12,4.137538034397935547e+12
1.666666666666666644e-02,1.855206683579739066e+22,2.190378591702825042e+20,2.575974822720074240e+18,3.038316667809911200e+16,3.587938348726841250e+14,4.238480999277987305e+12,4.238480999277987305e+12,4.238480999277987305e+12,4.238480999277987305e+12
1.727272727272727293e-02,1.794182066897762753e+22,2.094305335488292454e+20,2.455423669066143232e+18,2.893896088678294800e+16,3.416737688902525000e+14,4.036046139814159668e+12,4.036046139814159668e+12,4.036046139814159668e+12,4.036046139814159668e+12
1.696969696969696795e-02,1.824968870101375989e+22,2.142568985518245806e+20,2.515896511825184256e+18,2.966312380167764400e+16,3.502572616763772500e+14,4.137538034397935547e+12,4.137538034397935547e+12,4.137538034397935547e+12,4.137538034397935547e+12
1.757575757575757444e-02,1.762846050354031546e+22,2.045609548653280625e+20,2.394589127310732288e+18,2.821108171349071600e+16,3.330481630927141875e+14,3.934062192731630859e+12,3.934062192731630859e+12,3.934062192731630859e+12,3.934062192731630859e+12
1.727272727272727293e-02,1.794182066897764431e+22,2.094305335488291799e+20,2.455423669066143232e+18,2.893896088678295200e+16,3.416737688902523750e+14,4.036046139814160156e+12,4.036046139814160156e+12,4.036046139814160156e+12,4.036046139814160156e+12
1.787878787878787942e-02,1.730960592864232342e+22,1.996503927134260101e+20,2.333425943654646784e+18,2.747989128450438400e+16,3.243852602400644375e+14,3.831643165258610352e+12,3.831643165258610352e+12,3.831643165258610352e+12,3.831643165258610352e+12
1.757575757575757444e-02,1.762846050354031965e+22,2.045609548653281608e+20,2.394589127310733312e+18,2.821108171349072400e+16,3.330481630927142500e+14,3.934062192731630371e+12,3.934062192731630371e+12,3.934062192731630371e+12,3.934062192731630371e+12
1.818181818181818094e-02,1.698525462829117473e+22,1.947011168520096645e+20,2.271967380515963136e+18,2.674579555233732800e+16,3.156898823612047500e+14,3.728846085239671875e+12,3.728846085239671875e+12,3.728846085239671875e+12,3.728846085239671875e+12
1.787878787878787942e-02,1.730960592864233810e+22,1.996503927134260101e+20,2.333425943654647296e+18,2.747989128450440400e+16,3.243852602400645625e+14,3.831643165258610840e+12,3.831643165258610840e+12,3.831643165258610840e+12,3.831643165258610840e+12
1.848484848484848592e-02,1.665540424653827840e+22,1.897154366261037629e+20,2.210246886389660672e+18,2.600920114515914800e+16,3.069668542506647500e+14,3.625727997116762207e+12,3.625727997116762207e+12,3.625727997116762207e+12,3.625727997116762207e+12
1.818181818181818094e-02,1.698525462829119989e+22,1.947011168520096317e+20,2.271967380515962368e+18,2.674579555233735200e+16,3.156898823612050000e+14,3.728846085239670898e+12,3.728846085239670898e+12,3.728846085239670898e+12,3.728846085239670898e+12
1.878787878787878743e-02,1.632005238745865598e+22,1.846957010069838561e+20,2.148298076262723584e+18,2.527051509147666800e+16,2.982210001623606250e+14,3.522345922846893555e+12,3.522345922846893555e+12,3.522345922846893555e+12,3.522345922846893555e+12
1.848484848484848592e-02,1.665540424653829308e+22,1.897154366261037629e+20,2.210246886389662464e+18,2.600920114515916400e+16,3.069668542506650625e+14,3.625727997116762695e+12,3.625727997116762695e+12,3.625727997116762695e+12,3.625727997116762695e+12
1.909090909090909241e-02,1.597919661512756874e+22,1.796442986329215795e+20,2.086154711688804352e+18,2.453014454383394000e+16,2.894571405066220625e+14,3.418756822906899902e+12,3.418756822906899902e+12,3.418756822906899902e+12,3.418756822906899902e+12
1.878787878787878743e-02,1.632005238745864969e+22,1.846957010069838561e+20,2.148298076262724096e+18,2.527051509147666800e+16,2.982210001623606875e+14,3.522345922846895508e+12,3.522345922846895508e+12,3.522345922846895508e+12,3.522345922846895508e+12
1.939393939393939392e-02,1.563283445359739457e+22,1.745636578506301112e+20,2.023850680521464832e+18,2.378849650171446000e+16,2.806800885529352188e+14,3.315017557414254395e+12,3.315017557414254395e+12,3.315017557414254395e+12,3.315017557414254395e+12
1.909090909090909241e-02,1.597919661512757713e+22,1.796442986329216123e+20,2.086154711688807680e+18,2.453014454383394400e+16,2.894571405066221250e+14,3.418756822906901367e+12,3.418756822906901367e+12,3.418756822906901367e+12,3.418756822906901367e+12
1.969696969696969543e-02,1.528096338687424043e+22,1.694562467574273802e+20,1.961419976306367488e+18,2.304597753383280800e+16,2.718946471409941250e+14,3.211184847394649902e+12,3.211184847394649902e+12,3.211184847394649902e+12,3.211184847394649902e+12
1.939393939393939392e-02,1.563283445359741973e+22,1.745636578506303406e+20,2.023850680521467136e+18,2.378849650171448000e+16,2.806800885529356875e+14,3.315017557414256836e+12,3.315017557414256836e+12,3.315017557414256836e+12,3.315017557414256836e+12
2.000000000000000042e-02,1.492358085889651166e+22,1.643245732440478843e+20,1.898896677331045120e+18,2.230299350000911600e+16,2.631056054024954688e+14,3.107315236224051758e+12,3.107315236224051758e+12,3.107315236224051758e+12,3.107315236224051758e+12
1.969696969696969543e-02,1.528096338687424673e+22,1.694562467574274130e+20,1.961419976306368768e+18,2.304597753383282000e+16,2.718946471409941250e+14,3.211184847394648926e+12,3.211184847394648926e+12,3.211184847394648926e+12,3.211184847394648926e+12
2.030303030303030193e-02,1.456068427351236333e+22,1.591711850381952287e+20,1.836314925332136704e+18,2.155994927281350400e+16,2.543177354962037812e+14,3.003465051276525391e+12,3.003465051276525391e+12,3.003465051276525391e+12,3.003465051276525391e+12
2.000000000000000042e-02,1.492358085889651586e+22,1.643245732440480154e+20,1.898896677331045888e+18,2.230299350000911600e+16,2.631056054024958125e+14,3.107315236224052246e+12,3.107315236224052246e+12,3.107315236224052246e+12,3.107315236224052246e+12
2.060606060606060691e-02,1.419227099445462460e+22,1.539986697487456993e+20,1.773708903858880768e+18,2.081724845918316800e+16,2.455357893588326250e+14,2.899690365805205078e+12,2.899690365805205078e+12,2.899690365805205078e+12,2.899690365805205078e+12
2.030303030303030193e-02,1.456068427351236752e+22,1.591711850381952942e+20,1.836314925332136192e+18,2.155994927281350000e+16,2.543177354962039375e+14,3.003465051276524414e+12,3.003465051276524414e+12,3.003465051276524414e+12,3.003465051276524414e+12
2.090909090909090842e-02,1.381833834531690172e+22,1.488096549106421268e+20,1.711112816292789760e+18,2.007529312220833200e+16,2.367644954741374375e+14,2.796046961086018066e+12,2.796046961086018066e+12,2.796046961086018066e+12,2.796046961086018066e+12
2.060606060606060691e-02,1.419227099445463089e+22,1.539986697487457976e+20,1.773708903858881024e+18,2.081724845918318000e+16,2.455357893588327188e+14,2.899690365805206543e+12,2.899690365805206543e+12,2.899690365805206543e+12,2.899690365805206543e+12
2.121212121212121340e-02,1.343888360953140059e+22,1.436068080305115464e+20,1.648560863522795008e+18,1.933448350329547200e+16,2.280085556629230625e+14,2.692590288853649414e+12,2.692590288853649414e+12,2.692590288853649414e+12,2.692590288853649414e+12
2.090909090909090842e-02,1.381833834531689962e+22,1.488096549106421596e+20,1.711112816292789248e+18,2.007529312220834800e+16,2.367644954741373750e+14,2.796046961086019531e+12,2.796046961086019531e+12,2.796046961086019531e+12,2.796046961086019531e+12
2.151515151515151492e-02,1.305390403034311085e+22,1.383928366329342034e+20,1.586087221275053824e+18,1.859521774490594400e+16,2.192726418962095938e+14,2.589375434056722168e+12,2.589375434056722168e+12,2.589375434056722168e+12,2.589375434056722168e+12
2.121212121212121340e-02,1.343888360953139849e+22,1.436068080305115628e+20,1.648560863522795776e+18,1.933448350329548800e+16,2.280085556629232500e+14,2.692590288853651367e+12,2.692590288853651367e+12,2.692590288853651367e+12,2.692590288853651367e+12
2.181818181818181990e-02,1.266339681078624649e+22,1.331704883074545091e+20,1.523726017096750848e+18,1.785789161409081800e+16,2.105613931342848125e+14,2.486457077962029297e+12,2.486457077962029297e+12,2.486457077962029297e+12,2.486457077962029297e+12
2.151515151515151492e-02,1.305390403034311085e+22,1.383928366329341870e+20,1.586087221275053312e+18,1.859521774490594000e+16,2.192726418962096875e+14,2.589375434056721680e+12,2.589375434056721680e+12,2.589375434056721680e+12,2.589375434056721680e+12
2.212121212121212141e-02,1.226735911365855989e+22,1.279425507562298245e+20,1.461511306993432320e+18,1.712289822702481200e+16,2.018794121939098750e+14,2.383889461634368652e+12,2.383889461634368652e+12,2.383889461634368652e+12,2.383889461634368652e+12
2.181818181818181990e-02,1.266339681078624230e+22,1.331704883074546074e+20,1.523726017096751872e+18,1.785789161409081600e+16,2.105613931342849062e+14,2.486457077962030762e+12,2.486457077962030762e+12,2.486457077962030762e+12,2.486457077962030762e+12
2.242424242424242292e-02,1.186578806149757062e+22,1.227118518424164598e+20,1.399477051719125248e+18,1.639062777476168600e+16,1.932312626463268125e+14,2.281726349820803711e+12,2.281726349820803711e+12,2.281726349820803711e+12,2.281726349820803711e+12
2.212121212121212141e-02,1.226735911365855989e+22,1.279425507562299884e+20,1.461511306993434112e+18,1.712289822702483400e+16,2.018794121939100938e+14,2.383889461634369141e+12,2.383889461634369141e+12,2.383889461634369141e+12,2.383889461634369141e+12
2.272727272727272790e-02,1.145868073655426718e+22,1.174812596392230748e+20,1.337657092718542080e+18,1.566146725043040200e+16,1.846214657483579062e+14,2.180020995265833252e+12,2.180020995265833252e+12,2.180020995265833252e+12,2.180020995265833252e+12
2.242424242424242292e-02,1.186578806149756643e+22,1.227118518424163942e+20,1.399477051719125248e+18,1.639062777476168600e+16,1.932312626463267812e+14,2.281726349820803223e+12,2.281726349820803223e+12,2.281726349820803223e+12,2.281726349820803223e+12
2.303030303030302942e-02,1.104603418076790129e+22,1.122536824796857795e+20,1.276085127720582912e+18,1.493580017809022400e+16,1.760544974091548125e+14,2.078826103484852539e+12,2.078826103484852539e+12,2.078826103484852539e+12,2.078826103484852539e+12
2.272727272727272790e-02,1.145868073655426718e+22,1.174812596392230584e+20,1.337657092718542848e+18,1.566146725043041400e+16,1.846214657483579375e+14,2.180020995265833496e+12,2.180020995265833496e+12,2.180020995265833496e+12,2.180020995265833496e+12
2.333333333333333440e-02,1.062784539574016357e+22,1.070320690070973153e+20,1.214794685982494464e+18,1.421400634347776400e+16,1.675347851948920938e+14,1.978193798022393799e+12,1.978193798022393799e+12,1.978193798022393799e+12,1.978193798022393799e+12
2.303030303030302942e-02,1.104603418076791177e+22,1.122536824796856648e+20,1.276085127720582656e+18,1.493580017809022800e+16,1.760544974091548438e+14,2.078826103484853027e+12,2.078826103484853027e+12,2.078826103484853027e+12,2.078826103484853027e+12
2.363636363636363591e-02,1.020411134270814290e+22,1.018194082261818900e+20,1.153819103184445696e+18,1.349646152687142400e+16,1.590667053739280938e+14,1.878175586221391357e+12,1.878175586221391357e+12,1.878175586221391357e+12,1.878175586221391357e+12
2.333333333333333440e-02,1.062784539574017406e+22,1.070320690070972498e+20,1.214794685982493696e+18,1.421400634347776800e+16,1.675347851948921562e+14,1.978193798022395752e+12,1.978193798022395752e+12,1.978193798022395752e+12,1.978193798022395752e+12
2.393939393939394089e-02,9.774828942519005348e+21,9.661872955492252058e+19,1.093191495972727680e+18,1.278353723830505400e+16,1.506545800046604062e+14,1.778822325529105225e+12,1.778822325529105225e+12,1.778822325529105225e+12,1.778822325529105225e+12
2.363636363636363591e-02,1.020411134270814500e+22,1.018194082261818737e+20,1.153819103184445184e+18,1.349646152687142400e+16,1.590667053739280938e+14,1.878175586221390625e+12,1.878175586221390625e+12,1.878175586221390625e+12,1.878175586221390625e+12
2.424242424242424240e-02,9.339995075602481676e+21,9.143310287712521421e+19,1.032944736152150656e+18,1.207560045537133000e+16,1.423026740685580938e+14,1.680184190365310303e+12,1.680184190365310303e+12,1.680184190365310303e+12,1.680184190365310303e+12
2.393939393939394089e-02,9.774828942519011639e+21,9.661872955492260250e+19,1.093191495972727808e+18,1.278353723830505400e+16,1.506545800046604375e+14,1.778822325529105713e+12,1.778822325529105713e+12,1.778822325529105713e+12,1.778822325529105713e+12
2.454545454545454392e-02,8.899606581942671114e+21,8.626563859563737907e+19,9.731114245257868800e+17,1.137301336384914800e+16,1.340151926505382656e+14,1.582310639577070068e+12,1.582310639577070068e+12,1.582310639577070068e+12,1.582310639577070068e+12
2.424242424242424240e-02,9.339995075602496356e+21,9.143310287712531251e+19,1.032944736152151168e+18,1.207560045537134200e+16,1.423026740685582188e+14,1.680184190365312500e+12,1.680184190365312500e+12,1.680184190365312500e+12,1.680184190365312500e+12
2.484848484848484890e-02,8.453660261052217033e+21,8.111948768630915072e+19,9.137238643821253120e+17,1.067613310140342000e+16,1.257962781691240312e+14,1.485250384505355469e+12,1.485250384505355469e+12,1.485250384505355469e+12,1.485250384505355469e+12
2.454545454545454392e-02,8.899606581942677406e+21,8.626563859563744461e+19,9.731114245257862400e+17,1.137301336384915000e+16,1.340151926505382500e+14,1.582310639577070312e+12,1.582310639577070312e+12,1.582310639577070312e+12,1.582310639577070312e+12
2.515151515151515041e-02,8.002152871944248099e+21,7.599784175262528307e+19,8.548140346283269120e+17,9.985311504598540000e+15,1.176500076584871562e+14,1.389051357686521484e+12,1.389051357686521484e+12,1.389051357686521484e+12,1.389051357686521484e+12
2.484848484848484890e-02,8.453660261052225421e+21,8.111948768630921626e+19,9.137238643821255680e+17,1.067613310140342800e+16,1.257962781691240938e+14,1.485250384505356201e+12,1.485250384505356201e+12,1.485250384505356201e+12,1.485250384505356201e+12
2.545454545454545539e-02,7.545081133102591377e+21,7.090393308104665498e+19,7.964135625691575040e+17,9.300894859476652000e+15,1.095803901047056250e+14,1.293760682212176270e+12,1.293760682212176270e+12,1.293760682212176270e+12,1.293760682212176270e+12
2.515151515151515041e-02,8.002152871944249147e+21,7.599784175262533222e+19,8.548140346283266560e+17,9.985311504598542000e+15,1.176500076584871094e+14,1.389051357686521729e+12,1.389051357686521729e+12,1.389051357686521729e+12,1.389051357686521729e+12
2.575757575757575690e-02,7.082441722456033985e+21,6.584103469705262694e+19,7.385536963307210240e+17,8.623223655956759000e+15,1.015913638383449844e+14,1.199424641770769043e+12,1.199424641770769043e+12,1.199424641770769043e+12,1.199424641770769043e+12
2.545454545454545539e-02,7.545081133102594523e+21,7.090393308104665498e+19,7.964135625691575040e+17,9.300894859476656000e+15,1.095803901047056250e+14,1.293760682212176758e+12,1.293760682212176758e+12,1.293760682212176758e+12,1.293760682212176758e+12
2.606060606060606188e-02,6.614231277347127951e+21,6.081246042188491162e+19,6.812652769281109760e+17,7.952632346304740000e+15,9.368679398552198438e+13,1.106088651392318604e+12,1.106088651392318604e+12,1.106088651392318604e+12,1.106088651392318604e+12
2.575757575757575690e-02,7.082441722456030839e+21,6.584103469705265152e+19,7.385536963307211520e+17,8.623223655956760000e+15,1.015913638383450000e+14,1.199424641770768311e+12,1.199424641770768311e+12,1.199424641770768311e+12,1.199424641770768311e+12
2.636363636363636340e-02,6.140446394503499088e+21,5.582156492999058227e+19,6.245787099762707200e+17,7.289449107940133000e+15,8.587046997954781250e+13,1.013797228918476562e+12,1.013797228918476562e+12,1.013797228918476562e+12,1.013797228918476562e+12
2.606060606060606188e-02,6.614231277347124806e+21,6.081246042188494438e+19,6.812652769281116160e+17,7.952632346304746000e+15,9.368679398552201562e+13,1.106088651392318359e+12,1.106088651392318359e+12,1.106088651392318359e+12,1.106088651392318359e+12
2.666666666666666491e-02,5.661083630009609880e+21,5.087174380717902234e+19,5.685239370434122880e+17,6.633995610839620000e+15,7.814610313520423438e+13,9.225939672187512207e+11,9.225939672187512207e+11,9.225939672187512207e+11,9.225939672187512207e+11
2.636363636363636340e-02,6.140446394503503282e+21,5.582156492999059046e+19,6.245787099762713600e+17,7.289449107940138000e+15,8.587046997954787500e+13,1.013797228918477783e+12,1.013797228918477783e+12,1.013797228918477783e+12,1.013797228918477783e+12
2.696969696969696989e-02,5.176139499274683548e+21,4.596643360946039194e+19,5.131304066457946880e+17,5.986586789802564000e+15,7.051732428763064062e+13,8.325215071730946045e+11,8.325215071730946045e+11,8.325215071730946045e+11,8.325215071730946045e+11
2.666666666666666491e-02,5.661083630009611977e+21,5.087174380717899776e+19,5.685239370434122240e+17,6.633995610839624000e+15,7.814610313520425000e+13,9.225939672187517090e+11,9.225939672187517090e+11,9.225939672187517090e+11,9.225939672187517090e+11
2.727272727272727140e-02,4.685610477005337264e+21,4.110911192261915443e+19,4.584270448835454720e+17,5.347530621853157000e+15,6.298768149780700000e+13,7.436215114410107422e+11,7.436215114410107422e+11,7.436215114410107422e+11,7.436215114410107422e+11
2.696969696969696989e-02,5.176139499274682499e+21,4.596643360946039194e+19,5.131304066457945600e+17,5.986586789802570000e+15,7.051732428763065625e+13,8.325215071730944824e+11,8.325215071730944824e+11,8.325215071730944824e+11,8.325215071730944824e+11
2.757575757575757638e-02,4.189492997172649525e+21,3.630329742247181107e+19,4.044422257161289600e+17,4.717127909047105000e+15,5.556063782649792188e+13,6.559346390357835693e+11,6.559346390357835693e+11,6.559346390357835693e+11,6.559346390357835693e+11
2.727272727272727140e-02,4.685610477005334643e+21,4.110911192261917082e+19,4.584270448835455360e+17,5.347530621853158000e+15,6.298768149780699219e+13,7.436215114410106201e+11,7.436215114410106201e+11,7.436215114410106201e+11,7.436215114410106201e+11
2.787878787878787790e-02,3.687783452983296524e+21,3.155254993583460762e+19,3.512037408771708160e+17,4.095672066963374000e+15,4.823956917852335938e+13,5.695005207225284424e+11,5.695005207225284424e+11,5.695005207225284424e+11,5.695005207225284424e+11
2.757575757575757638e-02,4.189492997172651622e+21,3.630329742247183155e+19,4.044422257161291520e+17,4.717127909047106000e+15,5.556063782649792188e+13,6.559346390357836914e+11,6.559346390357836914e+11,6.559346390357836914e+11,6.559346390357836914e+11
2.818181818181818288e-02,3.180478196846373634e+21,2.686047050220462080e+19,2.987387694273208960e+17,3.483448919159267500e+15,4.102776221911971094e+13,4.843577352575523682e+11,4.843577352575523682e+11,4.843577352575523682e+11,4.843577352575523682e+11
2.787878787878787790e-02,3.687783452983296000e+21,3.155254993583460352e+19,3.512037408771708160e+17,4.095672066963374000e+15,4.823956917852334375e+13,5.695005207225283203e+11,5.695005207225283203e+11,5.695005207225283203e+11,5.695005207225283203e+11
2.848484848484848439e-02,2.667573540344280646e+21,2.223070143614377574e+19,2.470738469445978880e+17,2.880736497873925000e+15,3.392841236413987109e+13,4.005437864861845703e+11,4.005437864861845703e+11,4.005437864861845703e+11,4.005437864861845703e+11
2.818181818181818288e-02,3.180478196846372061e+21,2.686047050220462080e+19,2.987387694273210240e+17,3.483448919159269500e+15,4.102776221911975781e+13,4.843577352575522461e+11,4.843577352575522461e+11,4.843577352575522461e+11,4.843577352575522461e+11
2.878787878787878937e-02,2.149065754198114042e+21,1.766692639037493043e+19,1.962348343512157440e+17,2.287804851266859000e+15,2.694462184571726172e+13,3.180950813151292114e+11,3.180950813151292114e+11,3.180950813151292114e+11,3.180950813151292114e+11
2.848484848484848439e-02,2.667573540344281170e+21,2.223070143614376755e+19,2.470738469445978240e+17,2.880736497873925000e+15,3.392841236413984766e+13,4.005437864861842041e+11,4.005437864861842041e+11,4.005437864861842041e+11,4.005437864861842041e+11
2.909090909090909088e-02,1.624951068238538080e+21,1.317287041958602957e+19,1.462468863760080960e+17,1.704915857481545750e+15,2.007939785501753125e+13,2.370469085748910828e+11,2.370469085748910828e+11,2.370469085748910828e+11,2.370469085748910828e+11
2.878787878787878937e-02,2.149065754198114566e+21,1.766692639037494067e+19,1.962348343512158720e+17,2.287804851266860000e+15,2.694462184571724609e+13,3.180950813151289673e+11,3.180950813151289673e+11,3.180950813151289673e+11,3.180950813151289673e+11
2.939393939393939240e-02,1.095225671370201104e+21,8.752300044944876544e+18,9.713441965160712000e+16,1.132323045829324250e+15,1.333565076357725391e+13,1.574334187870521851e+11,1.574334187870521851e+11,1.574334187870521851e+11,1.574334187870521851e+11
2.909090909090909088e-02,1.624951068238539129e+21,1.317287041958605005e+19,1.462468863760082880e+17,1.704915857481548250e+15,2.007939785501754297e+13,2.370469085748912048e+11,2.370469085748912048e+11,2.370469085748912048e+11,2.370469085748912048e+11
2.969696969696969738e-02,5.598857115411719782e+20,4.409023319327637504e+18,4.892108044542130400e+16,5.702714253909215000e+14,6.716192424690776367e+12,7.928760485026937866e+10,7.928760485026937866e+10,7.928760485026937866e+10,7.928760485026937866e+10
2.939393939393939240e-02,1.095225671370200187e+21,8.752300044944874496e+18,9.713441965160708800e+16,1.132323045829324000e+15,1.333565076357725781e+13,1.574334187870520935e+11,1.574334187870520935e+11,1.574334187870520935e+11,1.574334187870520935e+11
2.999999999999999889e-02,1.892729570733148570e+19,1.468898932580610560e+17,1.629712023530510000e+15,1.899732133672164453e+13,2.237345562157753906e+11,2.641283658218109131e+09,2.641283658218109131e+09,2.641283658218109131e+09,2.641283658218109131e+09
2.969696969696969738e-02,5.598857115411715195e+20,4.409023319327637504e+18,4.892108044542125600e+16,5.702714253909211250e+14,6.716192424690769531e+12,7.928760485026931763e+10,7.928760485026931763e+10,7.928760485026931763e+10,7.928760485026931763e+10
