x,t=1.00e+01s,t=2.00e+01s,t=3.00e+01s,t=4.00e+01s,t=5.00e+01s,t=6.00e+01s,t=7.00e+01s,t=8.00e+01s,t=9.00e+01s
3.030303030303030300e-04,1.379686127020168826e+24,1.376596398795247329e+24,1.368355666118267510e+24,1.352373863224104769e+24,1.327014243833630347e+24,1.291929750808537789e+24,1.247918331933077977e+24,1.196535332987659692e+24,1.139679763066160083e+24
0.000000000000000000e+00,1.379686501517420376e+24,1.376598242878227074e+24,1.368360584879020616e+24,1.352383403039221371e+24,1.327029382120155638e+24,1.291950695077270943e+24,1.247944606055430915e+24,1.196566008551801144e+24,1.139713706383806686e+24
6.060606060606060601e-04,1.379682161463621702e+24,1.376576877852002712e+24,1.368303610237889525e+24,1.352272922346086415e+24,1.326854091591274811e+24,1.291708204626092690e+24,1.247640436543883093e+24,1.196210911958665257e+24,1.139320806783993132e+24
3.030303030303030300e-04,1.379686127020168557e+24,1.376596398795245987e+24,1.368355666118267510e+24,1.352373863224104232e+24,1.327014243833631153e+24,1.291929750808536178e+24,1.247918331933077172e+24,1.196535332987659423e+24,1.139679763066160083e+24
9.090909090909090901e-04,1.379675893717032493e+24,1.376546056268782632e+24,1.368221488119134026e+24,1.352113789622253655e+24,1.326601753509851166e+24,1.291359291025909730e+24,1.247202937127122764e+24,1.195700313645068906e+24,1.138755984359636634e+24
6.060606060606060601e-04,1.379682161463621434e+24,1.376576877852002175e+24,1.368303610237888452e+24,1.352272922346085610e+24,1.326854091591274543e+24,1.291708204626091885e+24,1.247640436543881751e+24,1.196210911958665257e+24,1.139320806783993803e+24
1.212121212121212120e-03,1.379667117955707665e+24,1.376502967868639890e+24,1.368106823471941466e+24,1.351891821923842499e+24,1.326250067266066910e+24,1.290873330166197012e+24,1.246593921199561704e+24,1.194989844696798012e+24,1.137970332441235564e+24
9.090909090909090901e-04,1.379675893717032761e+24,1.376546056268782363e+24,1.368221488119134026e+24,1.352113789622253118e+24,1.326601753509850092e+24,1.291359291025908925e+24,1.247202937127122227e+24,1.195700313645068637e+24,1.138755984359636500e+24
1.515151515151515150e-03,1.379655748784226321e+24,1.376447258824875520e+24,1.367958813889928582e+24,1.351605686046468298e+24,1.325797203916554647e+24,1.290248110774295221e+24,1.245810935002742278e+24,1.194076937948551136e+24,1.136961271668248282e+24
1.212121212121212120e-03,1.379667117955707933e+24,1.376502967868639890e+24,1.368106823471941466e+24,1.351891821923842499e+24,1.326250067266066910e+24,1.290873330166195938e+24,1.246593921199560630e+24,1.194989844696798549e+24,1.137970332441234893e+24
1.818181818181818180e-03,1.379641697812136277e+24,1.376378581505856212e+24,1.367776717022999291e+24,1.351254232745178311e+24,1.325241711860845755e+24,1.289482037545668908e+24,1.244852390742012228e+24,1.192960123193248641e+24,1.135727511400181488e+24
1.515151515151515150e-03,1.379655748784226052e+24,1.376447258824875251e+24,1.367958813889928045e+24,1.351605686046469103e+24,1.325797203916554378e+24,1.290248110774294952e+24,1.245810935002740667e+24,1.194076937948551136e+24,1.136961271668248282e+24
2.121212121212120993e-03,1.379624861115935743e+24,1.376296534176242143e+24,1.367559692138045009e+24,1.350836192295813336e+24,1.324582036408187572e+24,1.288573468508138743e+24,1.243716736648058602e+24,1.191638058888053970e+24,1.134267978478941662e+24
1.818181818181818180e-03,1.379641697812136814e+24,1.376378581505855944e+24,1.367776717022999291e+24,1.351254232745179116e+24,1.325241711860846292e+24,1.289482037545668371e+24,1.244852390742012497e+24,1.192960123193249313e+24,1.135727511400182696e+24
2.424242424242424240e-03,1.379605115786684927e+24,1.376200645785370568e+24,1.367306762493992295e+24,1.350350104998325233e+24,1.323816412714533256e+24,1.287520569347883112e+24,1.242402275775934689e+24,1.190109321352920982e+24,1.132581584159276207e+24
2.121212121212120993e-03,1.379624861115936011e+24,1.376296534176241606e+24,1.367559692138044203e+24,1.350836192295812799e+24,1.324582036408186767e+24,1.288573468508137401e+24,1.243716736648058870e+24,1.191638058888053836e+24,1.134267978478940991e+24
2.727272727272727487e-03,1.379582318091539648e+24,1.376090369086203898e+24,1.367016800543228622e+24,1.349794296637855478e+24,1.322942830673682200e+24,1.286321267736805546e+24,1.240907110527142751e+24,1.188372340880227183e+24,1.130667153625892658e+24
2.424242424242424240e-03,1.379605115786685195e+24,1.376200645785369763e+24,1.367306762493991758e+24,1.350350104998325233e+24,1.323816412714532182e+24,1.287520569347882307e+24,1.242402275775934420e+24,1.190109321352921385e+24,1.132581584159275804e+24
3.030303030303030300e-03,1.379556301949962704e+24,1.375965075716773142e+24,1.366688519007609257e+24,1.349166866050839738e+24,1.321959019640426030e+24,1.284973235547408014e+24,1.239229122422457355e+24,1.186425379118980255e+24,1.128523401200840502e+24
2.727272727272727487e-03,1.379582318091539917e+24,1.376090369086203361e+24,1.367016800543228891e+24,1.349794296637856015e+24,1.322942830673681931e+24,1.286321267736804204e+24,1.240907110527142482e+24,1.188372340880227854e+24,1.130667153625892658e+24
3.333333333333333114e-03,1.379526877388226601e+24,1.375824051622215489e+24,1.366320463542184428e+24,1.348465676509372194e+24,1.320862439845890384e+24,1.283473880772262802e+24,1.237365964305047633e+24,1.184266521078918919e+24,1.126148921737655269e+24
3.030303030303030300e-03,1.379556301949964315e+24,1.375965075716773679e+24,1.366688519007609526e+24,1.349166866050839738e+24,1.321959019640426567e+24,1.284973235547407745e+24,1.239229122422457623e+24,1.186425379118980658e+24,1.128523401200840368e+24
3.636363636363636360e-03,1.379493828855994406e+24,1.375666492286166607e+24,1.365911005615477674e+24,1.347688348296642680e+24,1.319650276348079379e+24,1.281820343393259002e+24,1.235315057743732540e+24,1.181893673301173210e+24,1.123542188838595999e+24
3.333333333333333114e-03,1.379526877388227406e+24,1.375824051622215221e+24,1.366320463542183623e+24,1.348465676509371389e+24,1.320862439845890653e+24,1.283473880772263071e+24,1.237365964305046560e+24,1.184266521078918650e+24,1.126148921737654598e+24
3.939393939393939607e-03,1.379456913351698599e+24,1.375491497556622937e+24,1.365458335085677018e+24,1.346832251500075510e+24,1.318319433986645439e+24,1.280009493078725597e+24,1.233073592962615330e+24,1.179304565060842579e+24,1.120701556415939935e+24
3.636363636363636360e-03,1.379493828855993333e+24,1.375666492286166070e+24,1.365911005615476869e+24,1.347688348296642411e+24,1.319650276348079915e+24,1.281820343393258733e+24,1.235315057743731467e+24,1.181893673301172539e+24,1.123542188838595328e+24
4.242424242424241987e-03,1.379415858323677791e+24,1.375298065958167774e+24,1.364960452244092085e+24,1.345894498619413741e+24,1.316866532717431416e+24,1.278037927840024216e+24,1.230638530194509088e+24,1.176496751300099917e+24,1.117625262146090521e+24
3.939393939393939607e-03,1.379456913351698331e+24,1.375491497556622132e+24,1.365458335085676213e+24,1.346832251500074973e+24,1.318319433986645439e+24,1.280009493078724254e+24,1.233073592962614794e+24,1.179304565060842579e+24,1.120701556415939935e+24
4.545454545454545234e-03,1.379370359320455684e+24,1.375085088422093451e+24,1.364415159210211824e+24,1.344871936810210365e+24,1.315287903057448926e+24,1.275901973269472954e+24,1.228006601968980695e+24,1.173467616705209669e+24,1.114311432155221633e+24
4.242424242424241987e-03,1.379415858323678596e+24,1.375298065958167237e+24,1.364960452244091280e+24,1.345894498619412936e+24,1.316866532717431953e+24,1.278037927840023679e+24,1.230638530194508819e+24,1.176496751300099782e+24,1.117625262146090252e+24
4.848484848484848481e-03,1.379320077364836725e+24,1.374851341380875341e+24,1.363820050610495628e+24,1.343761139679975038e+24,1.313579581525072632e+24,1.273597682193365893e+24,1.225174316110028361e+24,1.170214380647853614e+24,1.110758086613968284e+24
4.545454545454545234e-03,1.379370359320455953e+24,1.375085088422093988e+24,1.364415159210212093e+24,1.344871936810209828e+24,1.315287903057449731e+24,1.275901973269473491e+24,1.228006601968980964e+24,1.173467616705210072e+24,1.114311432155222036e+24
5.151515151515151728e-03,1.379264636025597667e+24,1.374595479178484688e+24,1.363172503494648580e+24,1.342558398600291149e+24,1.311737306033661512e+24,1.271120834673843561e+24,1.222137959341785044e+24,1.166734102853706010e+24,1.106963146075496975e+24
4.848484848484848481e-03,1.379320077364836725e+24,1.374851341380875341e+24,1.363820050610495628e+24,1.343761139679975306e+24,1.313579581525072632e+24,1.273597682193365893e+24,1.225174316110028630e+24,1.170214380647853614e+24,1.110758086613968821e+24
5.454545454545454974e-03,1.379203618158482760e+24,1.374316025748544255e+24,1.362469666453514625e+24,1.341259713522301793e+24,1.309756511234973036e+24,1.268466938344314310e+24,1.218893601462559336e+24,1.163023689731936430e+24,1.102924438468559234e+24
5.151515151515151728e-03,1.379264636025597130e+24,1.374595479178484688e+24,1.363172503494648043e+24,1.342558398600291149e+24,1.311737306033660975e+24,1.271120834673843024e+24,1.222137959341783702e+24,1.166734102853705875e+24,1.106963146075496841e+24
5.757575757575757354e-03,1.379136562285542835e+24,1.374011365510736320e+24,1.361708447907850192e+24,1.339860783296998365e+24,1.307632323830684253e+24,1.265631229091286281e+24,1.215437100080610016e+24,1.159079901336311830e+24,1.098639706697239617e+24
5.454545454545454974e-03,1.379203618158482760e+24,1.374316025748544524e+24,1.362469666453514088e+24,1.341259713522302330e+24,1.309756511234972767e+24,1.268466938344314310e+24,1.218893601462558531e+24,1.163023689731936161e+24,1.102924438468558965e+24
6.060606060606060601e-03,1.379062958578603215e+24,1.373679733433079962e+24,1.360885503540020185e+24,1.338356995510985835e+24,1.305359557884318755e+24,1.262608672112357430e+24,1.211764105923820844e+24,1.154899358948933312e+24,1.094106616820691397e+24
5.757575757575757354e-03,1.379136562285541493e+24,1.374011365510736052e+24,1.361708447907850192e+24,1.339860783296998097e+24,1.307632323830684253e+24,1.265631229091285744e+24,1.215437100080610016e+24,1.159079901336311830e+24,1.098639706697239886e+24
6.363636363636363848e-03,1.378982244409082481e+24,1.373319204204291664e+24,1.359997222842320665e+24,1.336743415855450581e+24,1.302932710175891119e+24,1.259393963391149448e+24,1.207870068746775511e+24,1.150478553289158669e+24,1.089322766798105514e+24
6.060606060606060601e-03,1.379062958578602678e+24,1.373679733433081572e+24,1.360885503540020453e+24,1.338356995510986103e+24,1.305359557884319023e+24,1.262608672112356624e+24,1.211764105923821113e+24,1.154899358948932910e+24,1.094106616820691263e+24
6.666666666666666227e-03,1.378893799422216884e+24,1.372927680456522209e+24,1.359039714756812878e+24,1.335014777052061004e+24,1.300345955649583290e+24,1.255981531637886189e+24,1.203750243865938266e+24,1.145813853357030102e+24,1.084285695790826444e+24
6.363636363636363848e-03,1.378982244409082749e+24,1.373319204204292738e+24,1.359997222842321739e+24,1.336743415855451117e+24,1.302932710175891387e+24,1.259393963391149448e+24,1.207870068746775914e+24,1.150478553289158132e+24,1.089322766798104977e+24
6.969696969696969474e-03,1.378796940089356307e+24,1.372502879974588391e+24,1.358008792382764164e+24,1.333165467365223069e+24,1.297593143011765222e+24,1.252365540750367247e+24,1.199399699358400018e+24,1.140901515924445157e+24,1.078992894017160568e+24
6.666666666666666227e-03,1.378893799422217152e+24,1.372927680456521673e+24,1.359039714756813147e+24,1.335014777052060468e+24,1.300345955649583558e+24,1.255981531637885652e+24,1.203750243865938266e+24,1.145813853357029565e+24,1.084285695790826310e+24
7.272727272727272721e-03,1.378690913686893906e+24,1.372042321823376825e+24,1.356899956729057529e+24,1.331189518735955391e+24,1.294667790543140040e+24,1.248539892855223028e+24,1.194813323963051570e+24,1.135737695689520406e+24,1.073441813157145299e+24
6.969696969696969474e-03,1.378796940089355770e+24,1.372502879974588122e+24,1.358008792382764164e+24,1.333165467365223069e+24,1.297593143011764953e+24,1.252365540750367515e+24,1.199399699358400421e+24,1.140901515924445157e+24,1.078992894017159226e+24
7.575757575757575968e-03,1.378574891645020699e+24,1.371543311320374812e+24,1.355708379490588423e+24,1.329080594578597317e+24,1.291563082195200469e+24,1.244498231993680125e+24,1.189985835725319978e+24,1.130318456110702412e+24,1.067629877305243836e+24
7.272727272727272721e-03,1.378690913686893906e+24,1.372042321823375752e+24,1.356899956729057261e+24,1.331189518735955659e+24,1.294667790543139503e+24,1.248539892855223297e+24,1.194813323963051436e+24,1.135737695689520271e+24,1.073441813157144359e+24
7.878787878787879215e-03,1.378447962203341422e+24,1.371002923775523566e+24,1.354428884829746026e+24,1.326831977288177409e+24,1.288271864047508415e+24,1.240233948520083494e+24,1.184911791428342823e+24,1.124639780937480532e+24,1.061554494468686384e+24
7.575757575757575968e-03,1.378574891645020968e+24,1.371543311320374544e+24,1.355708379490589228e+24,1.329080594578597585e+24,1.291563082195199932e+24,1.244498231993680125e+24,1.189985835725319307e+24,1.130318456110701607e+24,1.067629877305243433e+24
8.181818181818182462e-03,1.378309122303740699e+24,1.370417986915504983e+24,1.353055930146603957e+24,1.324436555513215773e+24,1.284786641208770566e+24,1.235740184285045007e+24,1.179585596854535476e+24,1.118697586454267611e+24,1.055213068608454724e+24
7.878787878787879215e-03,1.378447962203341690e+24,1.371002923775523566e+24,1.354428884829746294e+24,1.326831977288176872e+24,1.288271864047507073e+24,1.240233948520082957e+24,1.184911791428343091e+24,1.124639780937480129e+24,1.061554494468685713e+24
8.484848484848483974e-03,1.378157268643527006e+24,1.369785061904502621e+24,1.351583585824765846e+24,1.321886811256478056e+24,1.281099575251320747e+24,1.231009838678499209e+24,1.174001517922145752e+24,1.112487734453242943e+24,1.048603012218785754e+24
8.181818181818182462e-03,1.378309122303741504e+24,1.370417986915506326e+24,1.353055930146605568e+24,1.324436555513215236e+24,1.284786641208771103e+24,1.235740184285046081e+24,1.179585596854535610e+24,1.118697586454267880e+24,1.055213068608455127e+24
8.787878787878787221e-03,1.377991187803716631e+24,1.369100422868206300e+24,1.350005513943675610e+24,1.319174806874511020e+24,1.277202482275407953e+24,1.226035575611051863e+24,1.168153692741679022e+24,1.106006045950749757e+24,1.041721759439456729e+24
8.484848484848483974e-03,1.378157268643525933e+24,1.369785061904503158e+24,1.351583585824766383e+24,1.321886811256477519e+24,1.281099575251320210e+24,1.231009838678497867e+24,1.174001517922144947e+24,1.112487734453242138e+24,1.048603012218785083e+24
9.090909090909090468e-03,1.377809545358356498e+24,1.368360034822536468e+24,1.348314945952996269e+24,1.316292172055914536e+24,1.273086831706675840e+24,1.220809831514934402e+24,1.162036144636844933e+24,1.099248315660255759e+24,1.034566779693396811e+24
8.787878787878787221e-03,1.377991187803715020e+24,1.369100422868206031e+24,1.350005513943674805e+24,1.319174806874510483e+24,1.277202482275407417e+24,1.226035575611051058e+24,1.168153692741679425e+24,1.106006045950748280e+24,1.041721759439456729e+24
9.393939393939393714e-03,1.377610873860862041e+24,1.367559529903242193e+24,1.346504659310396530e+24,1.313230090868232936e+24,1.268743745937399809e+24,1.215324824448461647e+24,1.155642796174093985e+24,1.092210327232942449e+24,1.027135591840000042e+24
9.090909090909090468e-03,1.377809545358355156e+24,1.368360034822537005e+24,1.348314945952995732e+24,1.316292172055913462e+24,1.273086831706674498e+24,1.220809831514934402e+24,1.162036144636845336e+24,1.099248315660255357e+24,1.034566779693396677e+24
9.696969696969696961e-03,1.377393559592408319e+24,1.366694181787180747e+24,1.344566953090743431e+24,1.309979288974066188e+24,1.264164000929385791e+24,1.209572564390198947e+24,1.148967484243794029e+24,1.084887869274635798e+24,1.019425778832222137e+24
9.393939393939393714e-03,1.377610873860861773e+24,1.367559529903241388e+24,1.346504659310396261e+24,1.313230090868231862e+24,1.268743745937399003e+24,1.215324824448460841e+24,1.155642796174093985e+24,1.092210327232942046e+24,1.027135591839998969e+24
1.000000000000000021e-02,1.377155827945303756e+24,1.365758878190892808e+24,1.342493622582683976e+24,1.306530021128708936e+24,1.259338027903887413e+24,1.203544864811054170e+24,1.142003976234613919e+24,1.077276752145140668e+24,1.011435002863000893e+24
9.696969696969696961e-03,1.377393559592408319e+24,1.366694181787179942e+24,1.344566953090742357e+24,1.309979288974065920e+24,1.264164000929386060e+24,1.209572564390198947e+24,1.148967484243793760e+24,1.084887869274634993e+24,1.019425778832221198e+24
1.030303030303030346e-02,1.376895727300951541e+24,1.364748091326976544e+24,1.340275932897770025e+24,1.302872059084107671e+24,1.254255916251453313e+24,1.197233355614001086e+24,1.134745987340711231e+24,1.069372825542988772e+24,1.003161020983694038e+24
1.000000000000000021e-02,1.377155827945304024e+24,1.365758878190892539e+24,1.342493622582683707e+24,1.306530021128708668e+24,1.259338027903887681e+24,1.203544864811053767e+24,1.142003976234613650e+24,1.077276752145139997e+24,1.011435002863000893e+24
1.060606060606060670e-02,1.376611111247208356e+24,1.363655846193922090e+24,1.337904591627897627e+24,1.298994680037574105e+24,1.248907417802250991e+24,1.190629497532342375e+24,1.127187199038866791e+24,1.061171996875168823e+24,9.946017011743158352e+23
1.030303030303030346e-02,1.376895727300951272e+24,1.364748091326976007e+24,1.340275932897770293e+24,1.302872059084107940e+24,1.254255916251452239e+24,1.197233355614000817e+24,1.134745987340711231e+24,1.069372825542988235e+24,1.003161020983693904e+24
1.090909090909090995e-02,1.376299618963679714e+24,1.362475686570583961e+24,1.335369720599136231e+24,1.294886655778095725e+24,1.243281952604968930e+24,1.183724598077970369e+24,1.119321278769698785e+24,1.052670250407652340e+24,9.857550388421153280e+23
1.060606060606060670e-02,1.376611111247207283e+24,1.363655846193921016e+24,1.337904591627896553e+24,1.298994680037573300e+24,1.248907417802250186e+24,1.190629497532342644e+24,1.127187199038866523e+24,1.061171996875168823e+24,9.946017011743158352e+23
1.121212121212121146e-02,1.375958653585476454e+24,1.361200638582409688e+24,1.332660826783999592e+24,1.290536242698704755e+24,1.237368616369905526e+24,1.176509829131110191e+24,1.111141900853516633e+24,1.043863667188345034e+24,9.766191737216871977e+23
1.090909090909090995e-02,1.376299618963681593e+24,1.362475686570583692e+24,1.335369720599136768e+24,1.294886655778095993e+24,1.243281952604969736e+24,1.183724598077970234e+24,1.119321278769698785e+24,1.052670250407652743e+24,9.857550388421158649e+23
1.151515151515151471e-02,1.375585358335993975e+24,1.359823171703119324e+24,1.329766772450171353e+24,1.285931172859851661e+24,1.231156189739202344e+24,1.168976246262440118e+24,1.102642768667187987e+24,1.034748445729547046e+24,9.671924071462563710e+23
1.121212121212121146e-02,1.375958653585475917e+24,1.361200638582407809e+24,1.332660826783999324e+24,1.290536242698704218e+24,1.237368616369904721e+24,1.176509829131109923e+24,1.111141900853515827e+24,1.043863667188345034e+24,9.766191737216866609e+23
1.181818181818181795e-02,1.375176590197337312e+24,1.358335157052903556e+24,1.326675744641825446e+24,1.281058646306328205e+24,1.224633149554227499e+24,1.161114809877058403e+24,1.093817638103576660e+24,1.025320923432102109e+24,9.574732196560422673e+23
1.151515151515151471e-02,1.375585358335993438e+24,1.359823171703117714e+24,1.329766772450170547e+24,1.285931172859850588e+24,1.231156189739201002e+24,1.168976246262439849e+24,1.102642768667186913e+24,1.034748445729547314e+24,9.671924071462555657e+23
1.212121212121212120e-02,1.374728890862641007e+24,1.356727822852515946e+24,1.323375224110126618e+24,1.275905324858839602e+24,1.217787682296851901e+24,1.152916408267626020e+24,1.084660342329618800e+24,1.015577598728073789e+24,9.474602889057736914e+23
1.181818181818181795e-02,1.375176590197336775e+24,1.358335157052903556e+24,1.326675744641824103e+24,1.281058646306326325e+24,1.224633149554226962e+24,1.161114809877057463e+24,1.093817638103575989e+24,1.025320923432101706e+24,9.574732196560414620e+23
1.242424242424242445e-02,1.374238454687617994e+24,1.354991706892203995e+24,1.319851953832544468e+24,1.270457327620921663e+24,1.210607699887507741e+24,1.144371882660923043e+24,1.075164817852924479e+24,1.005515153913163551e+24,9.371525078293848921e+23
1.212121212121212120e-02,1.374728890862641007e+24,1.356727822852516215e+24,1.323375224110126081e+24,1.275905324858839333e+24,1.217787682296850828e+24,1.152916408267626020e+24,1.084660342329619069e+24,1.015577598728073252e+24,9.474602889057732888e+23
1.272727272727272770e-02,1.373701093328983874e+24,1.353116605875484019e+24,1.316091907286426632e+24,1.264700228462357856e+24,1.203080858028574109e+24,1.135472054337923973e+24,1.065325131899848209e+24,9.951304786339832885e+23,9.265490030158420115e+23
1.242424242424242445e-02,1.374238454687617994e+24,1.354991706892203727e+24,1.319851953832544736e+24,1.270457327620920590e+24,1.210607699887506667e+24,1.144371882660923043e+24,1.075164817852924344e+24,1.005515153913162746e+24,9.371525078293846237e+23
1.303030303030303094e-02,1.373112196724455423e+24,1.351091521500606508e+24,1.312080256671221352e+24,1.258619055761688497e+24,1.195194577286384627e+24,1.126207753902401058e+24,1.055135511100337896e+24,9.844206939889356075e+23,9.156491532458061285e+23
1.272727272727272770e-02,1.373701093328983605e+24,1.353116605875483482e+24,1.316091907286426364e+24,1.264700228462357051e+24,1.203080858028573706e+24,1.135472054337924242e+24,1.065325131899848209e+24,9.951304786339828859e+23,9.265490030158416089e+23
1.333333333333333245e-02,1.372466690032699389e+24,1.348904603147640655e+24,1.307801341305919394e+24,1.252198294712580812e+24,1.186936067108993405e+24,1.116569852766595905e+24,1.044590371466384314e+24,9.733831771946921765e+23,9.044526081345719118e+23
1.303030303030303094e-02,1.373112196724455423e+24,1.351091521500607582e+24,1.312080256671221352e+24,1.258619055761688229e+24,1.195194577286385029e+24,1.126207753902401729e+24,1.055135511100338567e+24,9.844206939889356075e+23,9.156491532458058601e+23
1.363636363636363570e-02,1.371758986111366732e+24,1.346543087046714987e+24,1.303238636464119862e+24,1.245421892521694188e+24,1.178292352979581591e+24,1.106549296914926311e+24,1.033684349641665473e+24,9.620155867632019565e+23,8.929593068223730517e+23
1.333333333333333245e-02,1.372466690032698852e+24,1.348904603147640118e+24,1.307801341305918321e+24,1.252198294712579739e+24,1.186936067108992734e+24,1.116569852766595905e+24,1.044590371466383777e+24,9.733831771946920423e+23,9.044526081345707038e+23
1.393939393939393895e-02,1.370982933066859667e+24,1.343993231813831553e+24,1.298374722948767752e+24,1.238273266849151246e+24,1.169250306906722532e+24,1.096137142997553540e+24,1.022412335389925863e+24,9.503158881267866571e+23,8.811694966488101374e+23
1.363636363636363570e-02,1.371758986111366195e+24,1.346543087046714450e+24,1.303238636464119325e+24,1.245421892521693651e+24,1.178292352979581993e+24,1.106549296914925506e+24,1.033684349641664936e+24,9.620155867632018223e+23,8.929593068223729175e+23
1.424242424242424220e-02,1.370131756360312212e+24,1.341240250255043686e+24,1.293191257752472952e+24,1.230735317866459074e+24,1.159796681452499948e+24,1.085324596795155535e+24,1.010769505278765621e+24,9.382823796412676707e+23,8.690837517437849064e+23
1.393939393939393895e-02,1.370982933066859667e+24,1.343993231813831821e+24,1.298374722948767215e+24,1.238273266849149903e+24,1.169250306906722801e+24,1.096137142997552466e+24,1.022412335389925460e+24,9.503158881267865228e+23,8.811694966488097347e+23
1.454545454545454544e-02,1.369197994899793227e+24,1.338268237358687874e+24,1.287668946197564120e+24,1.222790444330794244e+24,1.149918147497482795e+24,1.074103054084027842e+24,9.987513575038047150e+23,9.259137188891775415e+23,8.567029914630692872e+23
1.424242424242424220e-02,1.370131756360311406e+24,1.341240250255043954e+24,1.293191257752472415e+24,1.230735317866458806e+24,1.159796681452499545e+24,1.085324596795154863e+24,1.010769505278764144e+24,9.382823796412671339e+23,8.690837517437843695e+23
1.484848484848484869e-02,1.368173430488599053e+24,1.335060094419302881e+24,1.281787516003036154e+24,1.214420564098317436e+24,1.139601335937426350e+24,1.062464143916837745e+24,9.863537477857700993e+23,9.132089491970654858e+23,8.440284985924046952e+23
1.454545454545454544e-02,1.369197994899794033e+24,1.338268237358688142e+24,1.287668946197562777e+24,1.222790444330793975e+24,1.149918147497482124e+24,1.074103054084027707e+24,9.987513575038041782e+23,9.259137188891770046e+23,8.567029914630695556e+23
1.515151515151515194e-02,1.367049009932858349e+24,1.331597449266774810e+24,1.275525693783604766e+24,1.205607139522726158e+24,1.128832883500101585e+24,1.050399774318692055e+24,9.735729262596874201e+23,9.001675262726922285e+23,8.310619372399283027e+23
1.484848484848484869e-02,1.368173430488599322e+24,1.335060094419302345e+24,1.281787516003036154e+24,1.214420564098317436e+24,1.139601335937425008e+24,1.062464143916837074e+24,9.863537477857698308e+23,9.132089491970657542e+23,8.440284985924048294e+23
1.545454545454545518e-02,1.365814759038020869e+24,1.327860572611276945e+24,1.268861184549301445e+24,1.196331208207890190e+24,1.117599482861528818e+24,1.037902180380673755e+24,9.604055752614158176e+23,8.867893448595995917e+23,8.178053703328276026e+23
1.515151515151515194e-02,1.367049009932858349e+24,1.331597449266774004e+24,1.275525693783602618e+24,1.205607139522726561e+24,1.128832883500101182e+24,1.050399774318691384e+24,9.735729262596866148e+23,9.001675262726920942e+23,8.310619372399285712e+23
1.575757575757575843e-02,1.364459687642291732e+24,1.323828290559609724e+24,1.261770654842993229e+24,1.186573419604877072e+24,1.105887937228717634e+24,1.024963974713537674e+24,9.468488479019739476e+23,8.730747652982206565e+23,8.042612766303893041e+23
1.545454545454545518e-02,1.365814759038021674e+24,1.327860572611276140e+24,1.268861184549300640e+24,1.196331208207890190e+24,1.117599482861527476e+24,1.037902180380673084e+24,9.604055752614155492e+23,8.867893448595991890e+23,8.178053703328277369e+23
1.606060606060605994e-02,1.362971684744865274e+24,1.319477893413192629e+24,1.254229720227686979e+24,1.176314077963472039e+24,1.093685219540614286e+24,1.011578200202759958e+24,9.329004073047041455e+23,8.590246398743846133e+23,7.904325671621343754e+23
1.575757575757575843e-02,1.364459687642293074e+24,1.323828290559609187e+24,1.261770654842992961e+24,1.186573419604877072e+24,1.105887937228718037e+24,1.024963974713537406e+24,9.468488479019743503e+23,8.730747652982202538e+23,8.042612766303887672e+23
1.636363636363636492e-02,1.361337402687024127e+24,1.314785040923567589e+24,1.246212937916103772e+24,1.165533192165719330e+24,1.080978536419743284e+24,9.977383849826077660e+23,9.185584663643250460e+23,8.446403388278812600e+23,7.763226009966271288e+23
1.606060606060605994e-02,1.362971684744863932e+24,1.319477893413193166e+24,1.254229720227686711e+24,1.176314077963471771e+24,1.093685219540613749e+24,1.011578200202758750e+24,9.329004073047038771e+23,8.590246398743843449e+23,7.904325671621338386e+23
1.666666666666666644e-02,1.359542129233753576e+24,1.309723664259526445e+24,1.237693805421512100e+24,1.154210532983582914e+24,1.067755396983859502e+24,9.834385995211915647e+23,9.038218278704072119e+23,8.299237758857262987e+23,7.619352002436737123e+23
1.636363636363636492e-02,1.361337402687023590e+24,1.314785040923568932e+24,1.246212937916104040e+24,1.165533192165719330e+24,1.080978536419743150e+24,9.977383849826074975e+23,9.185584663643246433e+23,8.446403388278805889e+23,7.763226009966265919e+23
1.696969696969696795e-02,1.357569646281316595e+24,1.304265865033105738e+24,1.228644766201532868e+24,1.142325698313604605e+24,1.054003686599289523e+24,9.686735156807308715e+23,8.886899248208704638e+23,8.148774331770816682e+23,7.472746641902946872e+23
1.666666666666666644e-02,1.359542129233753576e+24,1.309723664259527251e+24,1.237693805421511563e+24,1.154210532983583183e+24,1.067755396983859100e+24,9.834385995211912962e+23,9.038218278704066750e+23,8.299237758857261645e+23,7.619352002436731754e+23
1.727272727272727293e-02,1.355402073780960874e+24,1.298381811841567302e+24,1.219037223365355181e+24,1.129858186947692235e+24,1.039711745625176249e+24,9.534384675873362941e+23,8.731628607338789187e+23,7.995043853793670663e+23,7.323457824688910149e+23
1.696969696969696795e-02,1.357569646281316863e+24,1.304265865033104665e+24,1.228644766201532868e+24,1.142325698313603397e+24,1.054003686599290194e+24,9.686735156807306031e+23,8.886899248208697927e+23,8.148774331770809971e+23,7.472746641902940161e+23
1.757575757575757444e-02,1.353019697319324770e+24,1.292039634912106848e+24,1.208841562619397127e+24,1.116787481439906877e+24,1.024868453160198617e+24,9.377295141126934668e+23,8.572414497491305628e+23,7.838083229382780073e+23,7.171538471546073194e+23
1.727272727272727293e-02,1.355402073780960337e+24,1.298381811841567570e+24,1.219037223365355449e+24,1.129858186947692771e+24,1.039711745625176651e+24,9.534384675873360257e+23,8.731628607338787845e+23,7.995043853793670663e+23,7.323457824688904780e+23
1.787878787878787942e-02,1.350400777630428009e+24,1.285205319587873253e+24,1.198027185736673936e+24,1.103093140623152657e+24,1.009463315760112931e+24,9.215435027360689454e+23,8.409272562921355115e+23,7.677935741980590075e+23,7.017046636880615923e+23
1.757575757575757444e-02,1.353019697319325039e+24,1.292039634912106848e+24,1.208841562619396724e+24,1.116787481439906877e+24,1.024868453160197946e+24,9.377295141126930642e+23,8.572414497491296232e+23,7.838083229382777388e+23,7.171538471546071852e+23
1.818181818181818094e-02,1.347521340130770110e+24,1.277842599571757866e+24,1.186562555950357394e+24,1.088754902315970142e+24,9.934865610453105383e+23,9.048781345192539314e+23,8.242226340578655690e+23,7.514651262728187769e+23,6.860045605193656901e+23
1.787878787878787942e-02,1.350400777630428814e+24,1.285205319587873522e+24,1.198027185736673936e+24,1.103093140623152254e+24,1.009463315760112931e+24,9.215435027360682743e+23,8.409272562921353773e+23,7.677935741980592759e+23,7.017046636880618607e+23
1.848484848484848592e-02,1.344354942366146454e+24,1.269912851051624916e+24,1.174415256791662543e+24,1.073752796736680112e+24,9.769292360621151108e+23,8.877320298895054303e+23,8.071307640533062559e+23,7.348286444848397733e+23,6.700603973698236281e+23
1.818181818181818094e-02,1.347521340130769842e+24,1.277842599571757598e+24,1.186562555950356723e+24,1.088754902315970008e+24,9.934865610453101356e+23,9.048781345192532603e+23,8.242226340578650321e+23,7.514651262728186427e+23,6.860045605193652875e+23
1.878787878787878743e-02,1.340872417034159193e+24,1.261374989071966588e+24,1.161552066015092139e+24,1.058067271108519621e+24,9.597833101995615516e+23,8.701047948864963488e+23,7.896556914221471047e+23,7.178904901919770568e+23,6.538795720088579337e+23
1.848484848484848592e-02,1.344354942366145648e+24,1.269912851051623842e+24,1.174415256791661603e+24,1.073752796736680381e+24,9.769292360621151108e+23,8.877320298895055646e+23,8.071307640533061217e+23,7.348286444848392364e+23,6.700603973698230912e+23
1.909090909090909241e-02,1.337041587997707417e+24,1.252185367796863161e+24,1.147939046379113972e+24,1.041679325893506292e+24,9.420417823944903617e+23,8.519970874889415300e+23,7.718023607594472188e+23,7.006577368234445546e+23,6.374700254456788728e+23
1.878787878787878743e-02,1.340872417034158924e+24,1.261374989071965246e+24,1.161552066015091602e+24,1.058067271108518547e+24,9.597833101995608805e+23,8.701047948864958119e+23,7.896556914221472390e+23,7.178904901919767884e+23,6.538795720088576653e+23
1.939393939393939392e-02,1.332826956429447766e+24,1.242297686633552988e+24,1.133541655175531281e+24,1.024570663032839274e+24,9.236987922819195119e+23,8.334106835953214848e+23,7.535766496096872363e+23,6.831381839416281824e+23,6.208402454379555738e+23
1.909090909090909241e-02,1.337041587997707417e+24,1.252185367796862893e+24,1.147939046379114375e+24,1.041679325893505621e+24,9.420417823944899591e+23,8.519970874889413958e+23,7.718023607594476215e+23,7.006577368234442862e+23,6.374700254456787386e+23
1.969696969696969543e-02,1.328189353922492797e+24,1.231662904560803595e+24,1.118324874524223592e+24,1.006723846495627681e+24,9.047497348645600436e+23,8.143485421912747420e+23,7.349853998286688443e+23,6.653403691472968336e+23,6.039992682234016180e+23
1.939393939393939392e-02,1.332826956429448035e+24,1.242297686633552720e+24,1.133541655175531684e+24,1.024570663032839274e+24,9.236987922819195119e+23,8.334106835953221559e+23,7.535766496096869679e+23,6.831381839416284508e+23,6.208402454379551712e+23
2.000000000000000042e-02,1.323085559065169040e+24,1.220229165439134051e+24,1.102253364568542457e+24,9.881224753437969073e+23,8.851913781851023559e+23,7.948148691942661685e+23,7.160364464783453491e+23,6.472735776466604193e+23,5.869566783847040224e+23
1.969696969696969543e-02,1.328189353922492797e+24,1.231662904560802521e+24,1.118324874524223324e+24,1.006723846495628083e+24,9.047497348645595067e+23,8.143485421912746078e+23,7.349853998286675022e+23,6.653403691472969678e+23,6.039992682234012154e+23
2.030303030303030193e-02,1.317467873604082562e+24,1.207941737578609431e+24,1.085291641817229200e+24,9.687513694067386797e+23,8.650219833875844919e+23,7.748151794246289562e+23,6.967386439143252568e+23,6.289478493014480891e+23,5.697226067636721707e+23
2.000000000000000042e-02,1.323085559065169308e+24,1.220229165439133514e+24,1.102253364568541786e+24,9.881224753437967731e+23,8.851913781851018190e+23,7.948148691942659001e+23,7.160364464783449465e+23,6.472735776466608220e+23,5.869566783847040224e+23
2.060606060606060691e-02,1.311283653906143354e+24,1.194742971413720124e+24,1.067404284976825973e+24,9.485967675225331697e+23,8.442414264499489787e+23,7.543563561114906678e+23,6.771018887187081483e+23,6.103739829875144602e+23,5.523077263468896631e+23
2.030303030303030193e-02,1.317467873604082831e+24,1.207941737578609028e+24,1.085291641817227992e+24,9.687513694067380086e+23,8.650219833875842235e+23,7.748151794246289562e+23,6.967386439143257937e+23,6.289478493014479549e+23,5.697226067636721707e+23
2.090909090909090842e-02,1.304474792972170608e+24,1.180572279794226136e+24,1.048556170699192893e+24,9.276465381408069313e+23,8.228513207593137225e+23,7.334467073032827982e+23,6.571371391265147558e+23,5.915635380936412014e+23,5.347232460525255724e+23
2.060606060606060691e-02,1.311283653906143891e+24,1.194742971413720795e+24,1.067404284976825838e+24,9.485967675225327670e+23,8.442414264499489787e+23,7.543563561114903993e+23,6.771018887187088194e+23,6.103739829875145945e+23,5.523077263468895960e+23
2.121212121212121340e-02,1.296977147747557368e+24,1.165366146157481682e+24,1.028712741725416433e+24,9.058904018931991120e+23,8.008551395850594592e+23,7.120960185160901077e+23,6.368564305925716501e+23,5.725288330002380746e+23,5.169809023562905436e+23
2.090909090909090842e-02,1.304474792972170876e+24,1.180572279794226136e+24,1.048556170699192624e+24,9.276465381408062602e+23,8.228513207593137225e+23,7.334467073032823956e+23,6.571371391265150243e+23,5.915635380936410000e+23,5.347232460525256395e+23
2.151515151515151492e-02,1.288719905913914136e+24,1.149058166715050424e+24,1.007840309932676792e+24,8.833201655183755276e+23,7.782583373834489367e+23,6.903156009200517120e+23,6.162728871476234111e+23,5.532829403876458192e+23,4.990929487038321808e+23
2.121212121212121340e-02,1.296977147747558173e+24,1.165366146157482487e+24,1.028712741725416567e+24,9.058904018931993805e+23,8.008551395850593250e+23,7.120960185160899735e+23,6.368564305925715159e+23,5.725288330002380075e+23,5.169809023562906107e+23
2.181818181818181990e-02,1.279624885723649253e+24,1.131579133779493763e+24,9.859063967752562168e+23,8.599299662771896430e+23,7.550684687422461261e+23,6.681183343350979693e+23,5.954007281981229724e+23,5.338396792358061474e+23,4.810721426671263841e+23
2.151515151515151492e-02,1.288719905913913599e+24,1.149058166715049216e+24,1.007840309932676121e+24,8.833201655183756619e+23,7.782583373834481314e+23,6.903156009200514436e+23,6.162728871476234111e+23,5.532829403876457521e+23,4.990929487038320466e+23
2.212121212121212141e-02,1.269605761750739471e+24,1.112857168493084274e+24,9.628801135439449812e+23,8.357165257076135344e+23,7.312953036461534347e+23,6.455187042837588366e+23,5.742552704338089990e+23,5.142136033912120117e+23,4.629317308136067370e+23
2.181818181818181990e-02,1.279624885723647374e+24,1.131579133779493092e+24,9.859063967752562168e+23,8.599299662771893746e+23,7.550684687422459918e+23,6.681183343350985062e+23,5.954007281981228382e+23,5.338396792358061474e+23,4.810721426671261828e+23
2.242424242424242292e-02,1.258567208668193060e+24,1.092817912518185459e+24,9.387325837366046040e+23,8.106794112462878671e+23,7.069509376155273847e+23,6.225328323314514563e+23,5.528529245212714855e+23,4.944199865933222516e+23,4.446854312688476005e+23
2.212121212121212141e-02,1.269605761750739471e+24,1.112857168493084542e+24,9.628801135439447127e+23,8.357165257076138029e+23,7.312953036461534347e+23,6.455187042837589708e+23,5.742552704338089319e+23,5.142136033912118774e+23,4.629317308136063343e+23
2.272727272727272790e-02,1.246403954317844275e+24,1.071384789730976369e+24,9.134374096210916058e+23,7.848213038822266042e+23,6.820498951440106164e+23,5.991784989349233463e+23,5.312111862804294622e+23,4.744748038710564445e+23,4.263474139665418053e+23
2.242424242424242292e-02,1.258567208668192523e+24,1.092817912518185727e+24,9.387325837366042013e+23,8.106794112462875986e+23,7.069509376155271163e+23,6.225328323314507852e+23,5.528529245212715526e+23,4.944199865933215805e+23,4.446854312688472650e+23
2.303030303030302942e-02,1.232999732402522979e+24,1.048479350650658781e+24,8.869711847618107524e+23,7.581482696070635601e+23,6.566092247379228177e+23,5.754751580184464411e+23,5.093486220645370115e+23,4.543947092405070049e+23,4.079322785931865904e+23
2.272727272727272790e-02,1.246403954317843738e+24,1.071384789730976906e+24,9.134374096210917400e+23,7.848213038822266042e+23,6.820498951440102138e+23,5.991784989349228094e+23,5.312111862804296636e+23,4.744748038710563103e+23,4.263474139665417382e+23
2.333333333333333440e-02,1.218226124094212596e+24,1.024021714263162497e+24,8.593140538512188868e+23,7.306700319845554858e+23,6.306485837446148071e+23,5.514439425062749266e+23,4.872848480931825561e+23,4.341970096576016008e+23,3.894550302492933384e+23
2.303030303030302942e-02,1.232999732402521905e+24,1.048479350650658915e+24,8.869711847618102155e+23,7.581482696070630233e+23,6.566092247379225493e+23,5.754751580184459042e+23,5.093486220645367431e+23,4.543947092405066693e+23,4.079322785931867917e+23
2.363636363636363591e-02,1.201941276703865461e+24,9.979311240929997666e+23,8.304503206122150963e+23,7.024002426802396945e+23,6.041903110519550976e+23,5.271076600600285780e+23,4.650405035219719679e+23,4.138996352040368393e+23,3.709310528639060253e+23
2.333333333333333440e-02,1.218226124094212059e+24,1.024021714263162497e+24,8.593140538512187526e+23,7.306700319845556200e+23,6.306485837446144045e+23,5.514439425062747924e+23,4.872848480931827574e+23,4.341970096576016008e+23,3.894550302492932042e+23
2.393939393939394089e-02,1.183988486286940656e+24,9.701266378748174711e+23,8.003691037864882539e+23,6.733567462715120597e+23,5.772594856508938907e+23,5.024907783023512959e+23,4.426372170721932943e+23,3.935211055112331188e+23,3.523760804147116250e+23
2.363636363636363591e-02,1.201941276703863851e+24,9.979311240929989613e+23,8.304503206122145595e+23,7.024002426802391577e+23,6.041903110519548962e+23,5.271076600600281754e+23,4.650405035219716994e+23,4.138996352040367051e+23,3.709310528639058240e+23
2.424242424242424240e-02,1.164194629650135692e+24,9.405279730173046780e+23,7.690650402626257405e+23,6.435618351020937639e+23,5.498839689821635645e+23,4.776193988546041448e+23,4.200975670889326156e+23,3.730804924552091575e+23,3.338061660218654825e+23
2.393939393939394089e-02,1.183988486286940387e+24,9.701266378748169342e+23,8.003691037864881197e+23,6.733567462715117913e+23,5.772594856508938907e+23,5.024907783023512288e+23,4.426372170721928917e+23,3.935211055112329846e+23,3.523760804147116250e+23
2.454545454545454392e-02,1.142368429664310273e+24,9.090565332815991737e+23,7.365390331848526890e+23,6.130424893576974476e+23,5.220944289419106074e+23,4.525212195776839255e+23,3.974450349466118437e+23,3.525973791849148831e+23,3.152376489997656947e+23
2.424242424242424240e-02,1.164194629650136363e+24,9.405279730173046780e+23,7.690650402626252036e+23,6.435618351020940324e+23,5.498839689821635645e+23,4.776193988546040777e+23,4.200975670889328169e+23,3.730804924552090233e+23,3.338061660218656167e+23
2.484848484848484890e-02,1.118298536059916257e+24,8.756366457650531050e+23,7.027990413708967385e+23,5.818305969291787030e+23,4.939243434051854527e+23,4.272254844823583976e+23,3.747039517767187510e+23,3.320918155774814386e+23,2.966871199671916943e+23
2.454545454545454392e-02,1.142368429664310273e+24,9.090565332815986368e+23,7.365390331848524206e+23,6.130424893576973134e+23,5.220944289419104061e+23,4.525212195776835900e+23,3.974450349466119108e+23,3.525973791849148160e+23,3.152376489997655605e+23
2.515151515151515041e-02,1.091751401966081940e+24,8.401970414465164645e+23,6.678609044995491936e+23,5.499631470060669722e+23,4.654099811470482038e+23,4.017629208695970348e+23,3.518994385532311610e+23,3.115842702457430323e+23,2.781713841323544957e+23
2.484848484848484890e-02,1.118298536059916392e+24,8.756366457650522997e+23,7.027990413708968728e+23,5.818305969291787030e+23,4.939243434051855198e+23,4.272254844823581963e+23,3.747039517767186839e+23,3.320918155774814386e+23,2.966871199671914594e+23
2.545454545454545539e-02,1.062468934332637654e+24,8.026726172758897381e+23,6.317491962399866004e+23,5.174823907212471839e+23,4.365903581054446254e+23,3.761656633729542814e+23,3.290573396365291899e+23,2.910955792559480913e+23,2.597074228852981162e+23
2.515151515151515041e-02,1.091751401966081403e+24,8.401970414465159277e+23,6.678609044995487910e+23,5.499631470060668379e+23,4.654099811470480696e+23,4.017629208695966993e+23,3.518994385532310939e+23,3.115842702457430323e+23,2.781713841323542609e+23
2.575757575757575690e-02,1.030165894023515073e+24,7.630065231513712109e+23,5.944980947100598870e+23,4.844359615658395508e+23,4.075071670451549220e+23,3.504671647044346095e+23,3.062041499458628894e+23,2.706468917464595117e+23,2.413123538455806083e+23
2.545454545454545539e-02,1.062468934332637789e+24,8.026726172758894696e+23,6.317491962399866004e+23,5.174823907212471168e+23,4.365903581054445583e+23,3.761656633729538788e+23,3.290573396365291899e+23,2.910955792559480578e+23,2.597074228852982169e+23
2.606060606060606188e-02,9.945270187651912717e+23,7.211526232047378183e+23,5.561522562815493774e+23,4.508769477364659991e+23,3.782046788555398751e+23,3.247020930524002984e+23,2.833669360030277907e+23,2.502596126710094019e+23,2.230033895280470498e+23
2.575757575757575690e-02,1.030165894023514805e+24,7.630065231513710766e+23,5.944980947100598870e+23,4.844359615658392824e+23,4.075071670451546536e+23,3.504671647044343410e+23,3.062041499458628223e+23,2.706468917464594110e+23,2.413123538455804070e+23
2.636363636363636340e-02,9.552038392477563675e+23,6.770783877005952386e+23,5.167676746949121236e+23,4.168639080968386584e+23,3.487296139540320831e+23,2.989062162445232987e+23,2.605732511649222151e+23,2.299553429223470730e+23,2.047977948036426472e+23
2.606060606060606188e-02,9.945270187651904664e+23,7.211526232047383552e+23,5.561522562815493774e+23,4.508769477364660662e+23,3.782046788555396067e+23,3.247020930524002313e+23,2.833669360030278243e+23,2.502596126710094019e+23,2.230033895280470162e+23
2.666666666666666491e-02,9.118111554781890195e+23,6.307682796538867913e+23,4.764125025861007720e+23,3.824608230717988243e+23,3.191309825797201970e+23,2.731162729694784588e+23,2.378510454391215426e+23,2.097558171233819610e+23,1.867128433453403682e+23
2.636363636363636340e-02,9.552038392477560991e+23,6.770783877005956413e+23,5.167676746949120565e+23,4.168639080968385913e+23,3.487296139540321502e+23,2.989062162445233658e+23,2.605732511649222822e+23,2.299553429223470730e+23,2.047977948036426807e+23
2.696969696969696989e-02,8.639231369417254618e+23,5.822277090983959698e+23,4.351678067269140029e+23,3.477369715948841882e+23,2.894598931536848460e+23,2.473698315463778244e+23,2.152285703533434126e+23,1.896828394027530238e+23,1.687657732612794666e+23
2.666666666666666491e-02,9.118111554781884826e+23,6.307682796538865228e+23,4.764125025861001680e+23,3.824608230717985558e+23,3.191309825797200628e+23,2.731162729694781568e+23,2.378510454391213748e+23,2.097558171233818604e+23,1.867128433453402339e+23
2.727272727272727140e-02,8.110690062003576829e+23,5.314876379294120815e+23,3.931282213800539891e+23,3.127667252623524674e+23,2.597693283606792472e+23,2.217051369385282010e+23,1.927342794253887770e+23,1.697582174996022061e+23,1.509737421278612071e+23
2.696969696969696989e-02,8.639231369417253276e+23,5.822277090983957013e+23,4.351678067269136674e+23,3.477369715948841882e+23,2.894598931536848125e+23,2.473698315463778244e+23,2.152285703533432784e+23,1.896828394027529231e+23,1.687657732612793660e+23
2.757575757575757638e-02,7.527282612058087804e+23,4.786099295446745324e+23,3.504024559881159705e+23,2.776292511843810930e+23,2.301138891742451419e+23,1.961609469247135972e+23,1.703967248533714423e+23,1.500036955677363955e+23,1.333537816447233022e+23
2.727272727272727140e-02,8.110690062003574145e+23,5.314876379294116788e+23,3.931282213800537206e+23,3.127667252623521989e+23,2.597693283606792807e+23,2.217051369385282010e+23,1.927342794253887435e+23,1.697582174996021054e+23,1.509737421278611065e+23
2.787878787878787790e-02,6.883253867818063998e+23,4.236935502863856923e+23,3.071136037416356828e+23,2.424081157622482170e+23,2.005495077059049606e+23,1.707763585629295361e+23,1.482444511152643307e+23,1.304408860718092004e+23,1.159227521410030193e+23
2.757575757575757638e-02,7.527282612058089146e+23,4.786099295446743311e+23,3.504024559881155678e+23,2.776292511843809252e+23,2.301138891742452090e+23,1.961609469247136979e+23,1.703967248533714087e+23,1.500036955677363284e+23,1.333537816447232518e+23
2.818181818181818288e-02,6.172240003859193350e+23,3.668817441313916264e+23,2.633991861624450675e+23,2.071907828737513032e+23,1.711331305064666602e+23,1.455906263032651831e+23,1.263058862303274210e+23,1.110912011871656859e+23,9.869729716799469624e+22
2.787878787878787790e-02,6.883253867818068025e+23,4.236935502863857594e+23,3.071136037416355485e+23,2.424081157622480157e+23,2.005495077059049606e+23,1.707763585629296704e+23,1.482444511152641461e+23,1.304408860718090997e+23,1.159227521410029857e+23
2.848484848484848439e-02,5.387203713379620985e+23,3.083703183982029670e+23,2.194108554154549717e+23,1.720680018579148044e+23,1.419223747767435390e+23,1.206429733226323525e+23,1.046092314911834825e+23,9.197578413013325369e+22,8.169379841705883835e+22
2.818181818181818288e-02,6.172240003859189324e+23,3.668817441313916264e+23,2.633991861624448997e+23,2.071907828737511690e+23,1.711331305064666602e+23,1.455906263032651999e+23,1.263058862303273875e+23,1.110912011871656692e+23,9.869729716799474657e+22
2.878787878787878937e-02,4.520362461371408004e+23,2.484171966761168242e+23,1.753136603031020094e+23,1.371330834232159953e+23,1.129751608425153823e+23,9.597239785740254472e+22,8.318235052246796809e+22,7.311544085638442228e+22,6.492833120335037465e+22
2.848484848484848439e-02,5.387203713379618301e+23,3.083703183982028327e+23,2.194108554154548375e+23,1.720680018579147708e+23,1.419223747767434887e+23,1.206429733226322518e+23,1.046092314911834825e+23,9.197578413013318658e+22,8.169379841705880479e+22
2.909090909090909088e-02,3.563109052139968240e+23,1.873534160009015014e+23,1.312847634322530511e+23,1.024810653650331789e+23,8.434932519221696922e+22,7.161747649314135055e+22,6.205265855850792931e+22,5.453057257121997495e+22,4.841662075554139157e+22
2.878787878787878937e-02,4.520362461371408004e+23,2.484171966761167906e+23,1.753136603031019087e+23,1.371330834232159114e+23,1.129751608425153823e+23,9.597239785740251116e+22,8.318235052246800164e+22,7.311544085638440550e+22,6.492833120335031593e+22
2.939393939393939240e-02,2.505923683984412498e+23,1.255957688039064092e+23,8.751147544851180316e+22,6.820777501251683012e+22,5.610221933237507614e+22,4.761616652520337808e+22,4.124701285685695768e+22,3.624110949690869652e+22,3.217399954913520884e+22
2.909090909090909088e-02,3.563109052139968240e+23,1.873534160009014008e+23,1.312847634322530343e+23,1.024810653650331286e+23,8.434932519221703632e+22,7.161747649314131699e+22,6.205265855850798803e+22,5.453057257122000850e+22,4.841662075554135802e+22
2.969696969696969738e-02,1.338276574461092000e+23,6.366131668525276096e+22,4.418844701976495233e+22,3.440880192573636660e+22,2.829030063780890306e+22,2.400560962138926377e+22,2.079160517547025813e+22,1.826644633842024343e+22,1.621536591622456318e+22
2.939393939393939240e-02,2.505923683984411155e+23,1.255957688039063421e+23,8.751147544851175283e+22,6.820777501251679656e+22,5.610221933237504259e+22,4.761616652520333613e+22,4.124701285685694929e+22,3.624110949690870071e+22,3.217399954913517948e+22
2.999999999999999889e-02,4.852014056684986040e+21,2.184032986730487087e+21,1.513829859615863472e+21,1.178402880655881273e+21,9.687221956249305743e+20,8.219390896014457569e+20,7.118572378136376771e+20,6.253798798566560891e+20,5.551441576160269435e+20
2.969696969696969738e-02,1.338276574461091161e+23,6.366131668525270224e+22,4.418844701976493556e+22,3.440880192573635402e+22,2.829030063780885692e+22,2.400560962138924279e+22,2.079160517547023296e+22,1.826644633842023085e+22,1.621536591622453802e+22
