x,t=1.00e+04s,t=2.00e+04s,t=3.00e+04s,t=4.00e+04s,t=5.00e+04s,t=6.00e+04s,t=7.00e+04s,t=8.00e+04s,t=9.00e+04s
3.030303030303030300e-04,8.027956667183563455e+23,2.499189372606550429e+22,7.027994573082765558e+20,1.918271426342548275e+19,5.192393099821014400e+17,1.402339560771993600e+16,3.785161259754119375e+14,3.785161259754119375e+14,3.785161259754119375e+14
0.000000000000000000e+00,8.028202166401566035e+23,2.499299373236576531e+22,7.028338083902801838e+20,1.918368107808726221e+19,5.192657050932440320e+17,1.402411011743370200e+16,3.785354234667096250e+14,3.785354234667096250e+14,3.785354234667096250e+14
6.060606060606060601e-04,8.025360818397708393e+23,2.498026340287150608e+22,7.024362765508791501e+20,1.917249262524726477e+19,5.189602489707214080e+17,1.401584149696026000e+16,3.783121044732141875e+14,3.783121044732141875e+14,3.783121044732141875e+14
3.030303030303030300e-04,8.027956667183559428e+23,2.499189372606551687e+22,7.027994573082760315e+20,1.918271426342547456e+19,5.192393099821009920e+17,1.402339560771993600e+16,3.785161259754119375e+14,3.785161259754119375e+14,3.785161259754119375e+14
9.090909090909090901e-04,8.021278085358063242e+23,2.496197603127167916e+22,7.018652798386385715e+20,1.915642270683888845e+19,5.185215295918490240e+17,1.400396551767193800e+16,3.779913582138181875e+14,3.779913582138181875e+14,3.779913582138181875e+14
6.060606060606060601e-04,8.025360818397707051e+23,2.498026340287151866e+22,7.024362765508788879e+20,1.917249262524726067e+19,5.189602489707212160e+17,1.401584149696025600e+16,3.783121044732141250e+14,3.783121044732141250e+14,3.783121044732141250e+14
1.212121212121212120e-03,8.015602948189046146e+23,2.493656565303828546e+22,7.010720089797537300e+20,1.913409852395273421e+19,5.179120760829079680e+17,1.398746791359084000e+16,3.775457918273839375e+14,3.775457918273839375e+14,3.775457918273839375e+14
9.090909090909090901e-04,8.021278085358059216e+23,2.496197603127169175e+22,7.018652798386384404e+20,1.915642270683888026e+19,5.185215295918490880e+17,1.400396551767193000e+16,3.779913582138180000e+14,3.779913582138180000e+14,3.779913582138180000e+14
1.515151515151515150e-03,8.008320482241881959e+23,2.490397486650092421e+22,7.000547996449063567e+20,1.910547453567970509e+19,5.171306562427109120e+17,1.396631541500465600e+16,3.769745073892791875e+14,3.769745073892791875e+14,3.769745073892791875e+14
1.212121212121212120e-03,8.015602948189046146e+23,2.493656565303826868e+22,7.010720089797535990e+20,1.913409852395272192e+19,5.179120760829081600e+17,1.398746791359083600e+16,3.775457918273839375e+14,3.775457918273839375e+14,3.775457918273839375e+14
1.818181818181818180e-03,7.999426130462327953e+23,2.486419543125050314e+22,6.988135590404662231e+20,1.907054979884519424e+19,5.161772585580198400e+17,1.394050781995773000e+16,3.762775002441634375e+14,3.762775002441634375e+14,3.762775002441634375e+14
1.515151515151515150e-03,8.008320482241876591e+23,2.490397486650090743e+22,7.000547996449063567e+20,1.910547453567969690e+19,5.171306562427109120e+17,1.396631541500465600e+16,3.769745073892791250e+14,3.769745073892791250e+14,3.769745073892791250e+14
2.121212121212120993e-03,7.988917941494588312e+23,2.481723349121614689e+22,6.973486796728788582e+20,1.902933739201141555e+19,5.150522574046193280e+17,1.391005539608515800e+16,3.754550486716841250e+14,3.754550486716841250e+14,3.754550486716841250e+14
1.818181818181818180e-03,7.999426130462336006e+23,2.486419543125050733e+22,6.988135590404663542e+20,1.907054979884521472e+19,5.161772585580202880e+17,1.394050781995774000e+16,3.762775002441636250e+14,3.762775002441636250e+14,3.762775002441636250e+14
2.424242424242424240e-03,7.976794865997569642e+23,2.476310194117832344e+22,6.956608006752824197e+20,1.898185769310479155e+19,5.137562294676730240e+17,1.387497391071528800e+16,3.745075796560005000e+14,3.745075796560005000e+14,3.745075796560005000e+14
2.121212121212120993e-03,7.988917941494578917e+23,2.481723349121611753e+22,6.973486796728784650e+20,1.902933739201140736e+19,5.150522574046188800e+17,1.391005539608515800e+16,3.754550486716835625e+14,3.754550486716835625e+14,3.754550486716835625e+14
2.727272727272727487e-03,7.963056225627429572e+23,2.470181804786728724e+22,6.937507331737207439e+20,1.892813627310563328e+19,5.122898961768054400e+17,1.383528307208596400e+16,3.734356267822191250e+14,3.734356267822191250e+14,3.734356267822191250e+14
2.424242424242424240e-03,7.976794865997570984e+23,2.476310194117832344e+22,6.956608006752824197e+20,1.898185769310477517e+19,5.137562294676725760e+17,1.387497391071528000e+16,3.745075796560003125e+14,3.745075796560003125e+14,3.745075796560003125e+14
3.030303030303030300e-03,7.947701509189553074e+23,2.463340253723603920e+22,6.916194313882232422e+20,1.886820307611040973e+19,5.106541012518797440e+17,1.379100592092581200e+16,3.722398137996858125e+14,3.722398137996858125e+14,3.722398137996858125e+14
2.727272727272727487e-03,7.963056225627433599e+23,2.470181804786729982e+22,6.937507331737207439e+20,1.892813627310562509e+19,5.122898961768053120e+17,1.383528307208596200e+16,3.734356267822192500e+14,3.734356267822192500e+14,3.734356267822192500e+14
3.333333333333333114e-03,7.930730282515741048e+23,2.455787919147791496e+22,6.892679796005405983e+20,1.880209204512311706e+19,5.088498004089725440e+17,1.374216855113654000e+16,3.709208470731286875e+14,3.709208470731286875e+14,3.709208470731286875e+14
3.030303030303030300e-03,7.947701509189551732e+23,2.463340253723603501e+22,6.916194313882233733e+20,1.886820307611039744e+19,5.106541012518797440e+17,1.379100592092580800e+16,3.722398137996855625e+14,3.722398137996855625e+14,3.722398137996855625e+14
3.636363636363636360e-03,7.912142144291231362e+23,2.447527465207451353e+22,6.866975855036681421e+20,1.872984092662849536e+19,5.068780559388001920e+17,1.368879996230024400e+16,3.694795115935790000e+14,3.694795115935790000e+14,3.694795115935790000e+14
3.333333333333333114e-03,7.930730282515737021e+23,2.455787919147788560e+22,6.892679796005399429e+20,1.880209204512310477e+19,5.088498004089723520e+17,1.374216855113653200e+16,3.709208470731283750e+14,3.709208470731283750e+14,3.709208470731283750e+14
3.939393939393939607e-03,7.891936702621062005e+23,2.438561831590100048e+22,6.839095764048767877e+20,1.865149115465306112e+19,5.047400334468913920e+17,1.363093197063445400e+16,3.679166685673193125e+14,3.679166685673193125e+14,3.679166685673193125e+14
3.636363636363636360e-03,7.912142144291231362e+23,2.447527465207450514e+22,6.866975855036676178e+20,1.872984092662847078e+19,5.068780559388000640e+17,1.368879996230023800e+16,3.694795115935790000e+14,3.694795115935790000e+14,3.694795115935790000e+14
4.242424242424241987e-03,7.870113561792497351e+23,2.428894227713356307e+22,6.809053968066059960e+20,1.856708777278898995e+19,5.024369996220126080e+17,1.356859914771519000e+16,3.662332537542901250e+14,3.662332537542901250e+14,3.662332537542901250e+14
3.939393939393939607e-03,7.891936702621060663e+23,2.438561831590097532e+22,6.839095764048770499e+20,1.865149115465304883e+19,5.047400334468915200e+17,1.363093197063445400e+16,3.679166685673189375e+14,3.679166685673189375e+14,3.679166685673189375e+14
4.545454545454545234e-03,7.846672314403361087e+23,2.418528129331772155e+22,6.776866066890945987e+20,1.847667937516710707e+19,4.999703205139913600e+17,1.350183877292339400e+16,3.644302761766535000e+14,3.644302761766535000e+14,3.644302761766535000e+14
4.242424242424241987e-03,7.870113561792498694e+23,2.428894227713358404e+22,6.809053968066062582e+20,1.856708777278898176e+19,5.024369996220128000e+17,1.356859914771518800e+16,3.662332537542902500e+14,3.662332537542902500e+14,3.662332537542902500e+14
4.848484848484848481e-03,7.821612536476638411e+23,2.407467276492734674e+22,6.742548801615925084e+20,1.838031805701427610e+19,4.973414600654734080e+17,1.343069079270304000e+16,3.625088170108511250e+14,3.625088170108511250e+14,3.625088170108511250e+14
4.545454545454545234e-03,7.846672314403358402e+23,2.418528129331770897e+22,6.776866066890943365e+20,1.847667937516708659e+19,4.999703205139907840e+17,1.350183877292337800e+16,3.644302761766533750e+14,3.644302761766533750e+14,3.644302761766533750e+14
5.151515151515151728e-03,7.794933784316239204e+23,2.395715672283845912e+22,6.706120043078940099e+20,1.827805936990470758e+19,4.945519787643964160e+17,1.335519778302694600e+16,3.604700285658564375e+14,3.604700285658564375e+14,3.604700285658564375e+14
4.848484848484848481e-03,7.821612536476630358e+23,2.407467276492733835e+22,6.742548801615922463e+20,1.838031805701426790e+19,4.973414600654727040e+17,1.343069079270302600e+16,3.625088170108511250e+14,3.625088170108511250e+14,3.625088170108511250e+14
5.454545454545454974e-03,7.766635592418980874e+23,2.383277582064403087e+22,6.667598781302133228e+20,1.816996227902095974e+19,4.916035323441609600e+17,1.327540491309627200e+16,3.583151332943281250e+14,3.583151332943281250e+14,3.583151332943281250e+14
5.151515151515151728e-03,7.794933784316233835e+23,2.395715672283845493e+22,6.706120043078938788e+20,1.827805936990470963e+19,4.945519787643960320e+17,1.335519778302693600e+16,3.604700285658561875e+14,3.604700285658561875e+14,3.604700285658561875e+14
5.757575757575757354e-03,7.736717472049212204e+23,2.370157533004819543e+22,6.627005115362262385e+20,1.805608912088939725e+19,4.884978704898405120e+17,1.319135990914986400e+16,3.560454228063189375e+14,3.560454228063189375e+14,3.560454228063189375e+14
5.454545454545454974e-03,7.766635592418975505e+23,2.383277582064401829e+22,6.667598781302130606e+20,1.816996227902094746e+19,4.916035323441605760e+17,1.327540491309626600e+16,3.583151332943280625e+14,3.583151332943280625e+14,3.583151332943280625e+14
6.060606060606060601e-03,7.705178910241795741e+23,2.356360313828999692e+22,6.584360243365129748e+20,1.793650556068450509e+19,4.852368355260687360e+17,1.310311301772641000e+16,3.536622568678709375e+14,3.536622568678709375e+14,3.536622568678709375e+14
5.757575757575757354e-03,7.736717472049202809e+23,2.370157533004819123e+22,6.627005115362266317e+20,1.805608912088940134e+19,4.884978704898405760e+17,1.319135990914986400e+16,3.560454228063191250e+14,3.560454228063191250e+14,3.560454228063191250e+14
6.363636363636363848e-03,7.672019369089015721e+23,2.341890974694657491e+22,6.539686452320333988e+20,1.781128054855027917e+19,4.818223610718396800e+17,1.301071696798277200e+16,3.511670623737470000e+14,3.511670623737470000e+14,3.511670623737470000e+14
6.060606060606060601e-03,7.705178910241785003e+23,2.356360313828998853e+22,6.584360243365124506e+20,1.793650556068450099e+19,4.852368355260683520e+17,1.310311301772639800e+16,3.536622568678706250e+14,3.536622568678706250e+14,3.536622568678706250e+14
6.666666666666666227e-03,7.637238285220385055e+23,2.326754827171156669e+22,6.493007107788531302e+20,1.768048627459984794e+19,4.782564706532782720e+17,1.291422693283181600e+16,3.485613322879751250e+14,3.485613322879751250e+14,3.485613322879751250e+14
6.363636363636363848e-03,7.672019369089013037e+23,2.341890974694655813e+22,6.539686452320328745e+20,1.781128054855025050e+19,4.818223610718393600e+17,1.301071696798276600e+16,3.511670623737466875e+14,3.511670623737466875e+14,3.511670623737466875e+14
6.969696969696969474e-03,7.600835069416074107e+23,2.310957444287914679e+22,6.444346643218067620e+20,1.754419812237710336e+19,4.745412762689402240e+17,1.281370048875289400e+16,3.458466245482725000e+14,3.458466245482725000e+14,3.458466245482725000e+14
6.666666666666666227e-03,7.637238285220390424e+23,2.326754827171156250e+22,6.493007107788533924e+20,1.768048627459985408e+19,4.782564706532783360e+17,1.291422693283181400e+16,3.485613322879751250e+14,3.485613322879751250e+14,3.485613322879751250e+14
7.272727272727272721e-03,7.562809106313824814e+23,2.294504660635877586e+22,6.393730548913463624e+20,1.740249462064800154e+19,4.706789769042640640e+17,1.270919757419049600e+16,3.430245609320760625e+14,3.430245609320760625e+14,3.430245609320760625e+14
6.969696969696969474e-03,7.600835069416072764e+23,2.310957444287914259e+22,6.444346643218064998e+20,1.754419812237709722e+19,4.745412762689399040e+17,1.281370048875287400e+16,3.458466245482724375e+14,3.458466245482724375e+14,3.458466245482724375e+14
7.575757575757575968e-03,7.523159754183848766e+23,2.277402572510058041e+22,6.341185360599475814e+20,1.725545739343806669e+19,4.666718569933602560e+17,1.260078044649367200e+16,3.400968258829491875e+14,3.400968258829491875e+14,3.400968258829491875e+14
7.272727272727272721e-03,7.562809106313816761e+23,2.294504660635875908e+22,6.393730548913459692e+20,1.740249462064799744e+19,4.706789769042637440e+17,1.270919757419048400e+16,3.430245609320761250e+14,3.430245609320761250e+14,3.430245609320761250e+14
7.878787878787879215e-03,7.481886344752478531e+23,2.259657538084950298e+22,6.286738647552941097e+20,1.710317110826577715e+19,4.625222848272001280e+17,1.248851363737528600e+16,3.370651652968096875e+14,3.370651652968096875e+14,3.370651652968096875e+14
7.575757575757575968e-03,7.523159754183847424e+23,2.277402572510057202e+22,6.341185360599469261e+20,1.725545739343805645e+19,4.666718569933601920e+17,1.260078044649367000e+16,3.400968258829491875e+14,3.400968258829491875e+14,3.400968258829491875e+14
8.181818181818182462e-03,7.438988183061640354e+23,2.241276177616964944e+22,6.230419000284233073e+20,1.694572342254630707e+19,4.582327109078048640e+17,1.237246390688526800e+16,3.339313852678989375e+14,3.339313852678989375e+14,3.339313852678989375e+14
7.878787878787879215e-03,7.481886344752471820e+23,2.259657538084950298e+22,6.286738647552930611e+20,1.710317110826576691e+19,4.625222848271999360e+17,1.248851363737528200e+16,3.370651652968094375e+14,3.370651652968094375e+14,3.370651652968094375e+14
8.484848484848483974e-03,7.394464547355595867e+23,2.222265373669934812e+22,6.172256017754486211e+20,1.678320492815443763e+19,4.538056662486810240e+17,1.225270019590727400e+16,3.306973507947075625e+14,3.306973507947075625e+14,3.306973507947075625e+14
8.181818181818182462e-03,7.438988183061639012e+23,2.241276177616965363e+22,6.230419000284227830e+20,1.694572342254629888e+19,4.582327109078047360e+17,1.237246390688526400e+16,3.339313852678990625e+14,3.339313852678990625e+14,3.339313852678990625e+14
8.787878787878787221e-03,7.348314688987518500e+23,2.202632271360375233e+22,6.112280294118083789e+20,1.661570909414548890e+19,4.492437606218076160e+17,1.212929357719246600e+16,3.273649844463311875e+14,3.273649844463311875e+14,3.273649844463311875e+14
8.484848484848483974e-03,7.394464547355597210e+23,2.222265373669934393e+22,6.172256017754486211e+20,1.678320492815443968e+19,4.538056662486806400e+17,1.225270019590726800e+16,3.306973507947075625e+14,3.306973507947075625e+14,3.306973507947075625e+14
9.090909090909090468e-03,7.300537832341542504e+23,2.182384278620730294e+22,6.050523404983063020e+20,1.644333220764359475e+19,4.445496807519704960e+17,1.200231720495465000e+16,3.239362649899288750e+14,3.239362649899288750e+14,3.239362649899288750e+14
8.787878787878787221e-03,7.348314688987511789e+23,2.202632271360374394e+22,6.112280294118079857e+20,1.661570909414546842e+19,4.492437606218074240e+17,1.212929357719246000e+16,3.273649844463308125e+14,3.273649844463308125e+14,3.273649844463308125e+14
9.393939393939393714e-03,7.251133174766719782e+23,2.161529066478762983e+22,5.987017893183166874e+20,1.626617331291166925e+19,4.397261884592018560e+17,1.187184626305418200e+16,3.204132259800125625e+14,3.204132259800125625e+14,3.204132259800125625e+14
9.090909090909090468e-03,7.300537832341538477e+23,2.182384278620730294e+22,6.050523404983056466e+20,1.644333220764357837e+19,4.445496807519703680e+17,1.200231720495465200e+16,3.239362649899288750e+14,3.239362649899288750e+14,3.239362649899288750e+14
9.696969696969696961e-03,7.200099886519539802e+23,2.140074569351789386e+22,5.921797254057027174e+20,1.608433414862008525e+19,4.347761187503324800e+17,1.173795791179978200e+16,3.167979543104483125e+14,3.167979543104483125e+14,3.167979543104483125e+14
9.393939393939393714e-03,7.251133174766722466e+23,2.161529066478762145e+22,5.987017893183160320e+20,1.626617331291165696e+19,4.397261884592016640e+17,1.187184626305418200e+16,3.204132259800122500e+14,3.204132259800122500e+14,3.204132259800122500e+14
1.000000000000000021e-02,7.147437110713906648e+23,2.118028985355300189e+22,5.854895920230569083e+20,1.589791908333979443e+19,4.297023778608021120e+17,1.160073123340500800e+16,3.130925887301748750e+14,3.130925887301748750e+14,3.130925887301748750e+14
9.696969696969696961e-03,7.200099886519537117e+23,2.140074569351788128e+22,5.921797254057021932e+20,1.608433414862007091e+19,4.347761187503324160e+17,1.173795791179978600e+16,3.167979543104481875e+14,3.167979543104481875e+14,3.167979543104481875e+14
1.030303030303030346e-02,7.093143963276365330e+23,2.095400776624736358e+22,5.786349245899748147e+20,1.570703504928148890e+19,4.245079412478421120e+17,1.146024717613364600e+16,3.092993183235838125e+14,3.092993183235838125e+14,3.092993183235838125e+14
1.000000000000000021e-02,7.147437110713906648e+23,2.118028985355300189e+22,5.854895920230567772e+20,1.589791908333979443e+19,4.297023778608019200e+17,1.160073123340500400e+16,3.130925887301748125e+14,3.130925887301748125e+14,3.130925887301748125e+14
1.060606060606060670e-02,7.037219532905421734e+23,2.072198669650146361e+22,5.716193490609679892e+20,1.551179147431103078e+19,4.191958515362903680e+17,1.131658849717302200e+16,3.054203809566764375e+14,3.054203809566764375e+14,3.054203809566764375e+14
1.030303030303030346e-02,7.093143963276362646e+23,2.095400776624734680e+22,5.786349245899742904e+20,1.570703504928147866e+19,4.245079412478417280e+17,1.146024717613364600e+16,3.092993183235838750e+14,3.092993183235838750e+14,3.092993183235838750e+14
1.090909090909090995e-02,6.979662881034279752e+23,2.048431655623472447e+22,5.644465802529416806e+20,1.531230021227122483e+19,4.137692164184317440e+17,1.116983970427678800e+16,3.014580616901339375e+14,3.014580616901339375e+14,3.014580616901339375e+14
1.060606060606060670e-02,7.037219532905424418e+23,2.072198669650144684e+22,5.716193490609675960e+20,1.551179147431102669e+19,4.191958515362899840e+17,1.131658849717302000e+16,3.054203809566763125e+14,3.054203809566763125e+14,3.054203809566763125e+14
1.121212121212121146e-02,6.920473041796319140e+23,2.024108990797863662e+22,5.571204201218970747e+20,1.510867547164141978e+19,4.082312065091676160e+17,1.102008699621799000e+16,2.974146911604363750e+14,2.974146911604363750e+14,2.974146911604363750e+14
1.090909090909090995e-02,6.979662881034285120e+23,2.048431655623471189e+22,5.644465802529417462e+20,1.531230021227123712e+19,4.137692164184315520e+17,1.116983970427678400e+16,3.014580616901340625e+14,3.014580616901340625e+14,3.014580616901340625e+14
1.151515151515151471e-02,6.859649021992320893e+23,1.999240196858931315e+22,5.496447559887437824e+20,1.490103374256768000e+19,4.025850531579880960e+17,1.086741820209488800e+16,2.932926439302482500e+14,2.932926439302482500e+14,2.932926439302482500e+14
1.121212121212121146e-02,6.920473041796316455e+23,2.024108990797862404e+22,5.571204201218972713e+20,1.510867547164142387e+19,4.082312065091673600e+17,1.102008699621798800e+16,2.974146911604361250e+14,2.974146911604361250e+14,2.974146911604361250e+14
1.181818181818181795e-02,6.797189801059169012e+23,1.973835061307662506e+22,5.420235587139332342e+20,1.468949372229965210e+19,3.968340462192001280e+17,1.071192271953593800e+16,2.890943368092840000e+14,2.890943368092840000e+14,2.890943368092840000e+14
1.151515151515151471e-02,6.859649021992320893e+23,1.999240196858929218e+22,5.496447559887433236e+20,1.490103374256767590e+19,4.025850531579879680e+17,1.086741820209488400e+16,2.932926439302478750e+14,2.932926439302478750e+14,2.932926439302478750e+14
1.212121212121212120e-02,6.733094331039643463e+23,1.947903637854918332e+22,5.342608808208330916e+20,1.447417623906984141e+19,3.909815317819469440e+17,1.055369145184743400e+16,2.848222271469383125e+14,2.848222271469383125e+14,2.848222271469383125e+14
1.181818181818181795e-02,6.797189801059164986e+23,1.973835061307660409e+22,5.420235587139328410e+20,1.468949372229963981e+19,3.968340462191999360e+17,1.071192271953592800e+16,2.890943368092838750e+14,2.890943368092838750e+14,2.890943368092838750e+14
1.242424242424242445e-02,6.667361536553921722e+23,1.921456246827510032e+22,5.263608545677061652e+20,1.425520417445670093e+19,3.850309098616097920e+17,1.039281674415282400e+16,2.804788110979975938e+14,2.804788110979975938e+14,2.804788110979975938e+14
1.212121212121212120e-02,6.733094331039642120e+23,1.947903637854916234e+22,5.342608808208328950e+20,1.447417623906983731e+19,3.909815317819468800e+17,1.055369145184742800e+16,2.848222271469380000e+14,2.848222271469380000e+14,2.848222271469380000e+14
1.272727272727272770e-02,6.599990314770508567e+23,1.894503475585429065e+22,5.183276899679677317e+20,1.403270238426401997e+19,3.789856320541268480e+17,1.022939231856877000e+16,2.760666218626666875e+14,2.760666218626666875e+14,2.760666218626666875e+14
1.242424242424242445e-02,6.667361536553915012e+23,1.921456246827509193e+22,5.263608545677058376e+20,1.425520417445669274e+19,3.850309098616094720e+17,1.039281674415282400e+16,2.804788110979975938e+14,2.804788110979975938e+14,2.804788110979975938e+14
1.303030303030303094e-02,6.530979535378461051e+23,1.867056178950448559e+22,5.101656727587052585e+20,1.380679761796441907e+19,3.728491991549101440e+17,1.006351320846805800e+16,2.715882279023310312e+14,2.715882279023310312e+14,2.715882279023310312e+14
1.272727272727272770e-02,6.599990314770504540e+23,1.894503475585426548e+22,5.183276899679670108e+20,1.403270238426401792e+19,3.789856320541265280e+17,1.022939231856876400e+16,2.760666218626666250e+14,2.760666218626666250e+14,2.760666218626666250e+14
1.333333333333333245e-02,6.460328040559322239e+23,1.839125479645907203e+22,5.018791623172570481e+20,1.357761843674304512e+19,3.666251587440030080e+17,9.895275691877298000e+15,2.670462311323608750e+14,2.670462311323608750e+14,2.670462311323608750e+14
1.303030303030303094e-02,6.530979535378465077e+23,1.867056178950448139e+22,5.101656727587046687e+20,1.380679761796441498e+19,3.728491991549100160e+17,1.006351320846805200e+16,2.715882279023311562e+14,2.715882279023311562e+14,2.715882279023311562e+14
1.363636363636363570e-02,6.388034644959657575e+23,1.810722768747695283e+22,4.934725895256744919e+20,1.334529513018807501e+19,3.603171027392058240e+17,9.724777224061418000e+15,2.624432650933744688e+14,2.624432650933744688e+14,2.624432650933744688e+14
1.333333333333333245e-02,6.460328040559322239e+23,1.839125479645906364e+22,5.018791623172569170e+20,1.357761843674304102e+19,3.666251587440030080e+17,9.895275691877294000e+15,2.670462311323609062e+14,2.670462311323609062e+14,2.670462311323609062e+14
1.393939393939393895e-02,6.314098135663607357e+23,1.781859706146428394e+22,4.849504545829485281e+20,1.310995963167167078e+19,3.539286649188787840e+17,9.552116369343646000e+15,2.577819931023327812e+14,2.577819931023327812e+14,2.577819931023327812e+14
1.363636363636363570e-02,6.388034644959652206e+23,1.810722768747694234e+22,4.934725895256741642e+20,1.334529513018806272e+19,3.603171027392054400e+17,9.724777224061418000e+15,2.624432650933745312e+14,2.624432650933745312e+14,2.624432650933745312e+14
1.424242424242424220e-02,6.238517272164989581e+23,1.752548221020699152e+22,4.763173247647766938e+20,1.287174543246478541e+19,3.474635184161985280e+17,9.377392732213654000e+15,2.530651063848863750e+14,2.530651063848863750e+14,2.530651063848863750e+14
1.393939393939393895e-02,6.314098135663603331e+23,1.781859706146426926e+22,4.849504545829483315e+20,1.310995963167166054e+19,3.539286649188787200e+17,9.552116369343636000e+15,2.577819931023327500e+14,2.577819931023327500e+14,2.577819931023327500e+14
1.454545454545454544e-02,6.161290786339656460e+23,1.722800512321307909e+22,4.675778321307533967e+20,1.263078749463395328e+19,3.409253731865954560e+17,9.200706887774730000e+15,2.482953221903817812e+14,2.482953221903817812e+14,2.482953221903817812e+14
1.424242424242424220e-02,6.238517272164984213e+23,1.752548221020697893e+22,4.763173247647764972e+20,1.287174543246477517e+19,3.474635184161981440e+17,9.377392732213636000e+15,2.530651063848863750e+14,2.530651063848863750e+14,2.530651063848863750e+14
1.484848484848484869e-02,6.082417382417504655e+23,1.692629049266830259e+22,4.587366711788337234e+20,1.238722216276804813e+19,3.343179734502798720e+17,9.022160311583904000e+15,2.434753818910160000e+14,2.434753818910160000e+14,2.434753818910160000e+14
1.454545454545454544e-02,6.161290786339648407e+23,1.722800512321306440e+22,4.675778321307530035e+20,1.263078749463395123e+19,3.409253731865951360e+17,9.200706887774718000e+15,2.482953221903817812e+14,2.482953221903817812e+14,2.482953221903817812e+14
1.515151515151515194e-02,6.001895736954422433e+23,1.662046571850071907e+22,4.497985964468554301e+20,1.214118707458342502e+19,3.276450951116212480e+17,8.841855308936857000e+15,2.386080490665491875e+14,2.386080490665491875e+14,2.386080490665491875e+14
1.484848484848484869e-02,6.082417382417504655e+23,1.692629049266829630e+22,4.587366711788331991e+20,1.238722216276804608e+19,3.343179734502795520e+17,9.022160311583900000e+15,2.434753818910157500e+14,2.434753818910157500e+14,2.434753818910157500e+14
1.545454545454545518e-02,5.919724498803617400e+23,1.631066091355628791e+22,4.407684200609771684e+20,1.189282107045647360e+19,3.209105431572566400e+17,8.659894943651750000e+15,2.336961075760480000e+14,2.336961075760480000e+14,2.336961075760480000e+14
1.515151515151515194e-02,6.001895736954420420e+23,1.662046571850071278e+22,4.497985964468552335e+20,1.214118707458342502e+19,3.276450951116211200e+17,8.841855308936859000e+15,2.386080490665489375e+14,2.386080490665489375e+14,2.386080490665489375e+14
1.575757575757575843e-02,5.835902289087071749e+23,1.599700890888642652e+22,4.316510092308727071e+20,1.164226410193693696e+19,3.141181490348230400e+17,8.476382966405870000e+15,2.287423596181588750e+14,2.287423596181588750e+14,2.287423596181588750e+14
1.545454545454545518e-02,5.919724498803615387e+23,1.631066091355628162e+22,4.407684200609765786e+20,1.189282107045646950e+19,3.209105431572563200e+17,8.659894943651752000e+15,2.336961075760477812e+14,2.336961075760477812e+14,2.336961075760477812e+14
1.606060606060605994e-02,5.750427701166166696e+23,1.567964525914488203e+22,4.224512836915007324e+20,1.138965713929285427e+19,3.072717680142179200e+17,8.291423742679190000e+15,2.237496237813638125e+14,2.237496237813638125e+14,2.237496237813638125e+14
1.575757575757575843e-02,5.835902289087075105e+23,1.599700890888643491e+22,4.316510092308723794e+20,1.164226410193693901e+19,3.141181490348230400e+17,8.476382966405877000e+15,2.287423596181587812e+14,2.287423596181587812e+14,2.287423596181587812e+14
1.636363636363636492e-02,5.663299300612547166e+23,1.535870824809718035e+22,4.131742130912539443e+20,1.113514207814105498e+19,3.003752765332924800e+17,8.105122180359885000e+15,2.187207330857327812e+14,2.187207330857327812e+14,2.187207330857327812e+14
1.606060606060605994e-02,5.750427701166166025e+23,1.567964525914488203e+22,4.224512836915004703e+20,1.138965713929284608e+19,3.072717680142177920e+17,8.291423742679193000e+15,2.237496237813637812e+14,2.237496237813637812e+14,2.237496237813637812e+14
1.666666666666666644e-02,5.574515625177873142e+23,1.503433889423890894e+22,4.038248143263051284e+20,1.087886164521748070e+19,2.934325695299321600e+17,7.917583657065921000e+15,2.136585330176319688e+14,2.136585330176319688e+14,2.136585330176319688e+14
1.636363636363636492e-02,5.663299300612547837e+23,1.535870824809718664e+22,4.131742130912538132e+20,1.113514207814105498e+19,3.003752765332924800e+17,8.105122180359891000e+15,2.187207330857328750e+14,2.187207330857328750e+14,2.187207330857328750e+14
1.696969696969696795e-02,5.484075184763822680e+23,1.470668095652713464e+22,3.944081488210368922e+20,1.062095930334451098e+19,2.864475577624911360e+17,7.728913947239253000e+15,2.085658795589474062e+14,2.085658795589474062e+14,2.085658795589474062e+14
1.666666666666666644e-02,5.574515625177874484e+23,1.503433889423891104e+22,4.038248143263053251e+20,1.087886164521748890e+19,2.934325695299320960e+17,7.917583657065924000e+15,2.136585330176321562e+14,2.136585330176321562e+14,2.136585330176321562e+14
1.727272727272727293e-02,5.391976461390943323e+23,1.437588094022142080e+22,3.849293197542543196e+20,1.036157915565023642e+19,2.794241651205104960e+17,7.539219149065788000e+15,2.034456372122559688e+14,2.034456372122559688e+14,2.034456372122559688e+14
1.696969696969696795e-02,5.484075184763826707e+23,1.470668095652713464e+22,3.944081488210367611e+20,1.062095930334451098e+19,2.864475577624910080e+17,7.728913947239253000e+15,2.085658795589473438e+14,2.085658795589473438e+14,2.085658795589473438e+14
1.757575757575757444e-02,5.298217909167645126e+23,1.404208810283668550e+22,3.753934692310813245e+20,1.010086584910039245e+19,2.723663259277951360e+17,7.348605611279457000e+15,1.983006770235073438e+14,1.983006770235073438e+14,1.983006770235073438e+14
1.727272727272727293e-02,5.391976461390948692e+23,1.437588094022142919e+22,3.849293197542543196e+20,1.036157915565024666e+19,2.794241651205107520e+17,7.539219149065793000e+15,2.034456372122559375e+14,2.034456372122559375e+14,2.034456372122559375e+14
1.787878787878787942e-02,5.202797954258703105e+23,1.370545446020858459e+22,3.658057754003439616e+20,9.838964477400629248e+18,2.652779822397722560e+17,7.157179859904145000e+15,1.931338746037095625e+14,1.931338746037095625e+14,1.931338746037095625e+14
1.757575757575757444e-02,5.298217909167643783e+23,1.404208810283668131e+22,3.753934692310811279e+20,1.010086584910039245e+19,2.723663259277950720e+17,7.348605611279452000e+15,1.983006770235073125e+14,1.983006770235073125e+14,1.983006770235073125e+14
1.818181818181818094e-02,5.105714994852804742e+23,1.336613479266824434e+22,3.561714495171632169e+20,9.576020483330172928e+18,2.581630811371645760e+17,6.965048524989010000e+15,1.879481081510999688e+14,1.879481081510999688e+14,1.879481081510999688e+14
1.787878787878787942e-02,5.202797954258703776e+23,1.370545446020857830e+22,3.658057754003438305e+20,9.838964477400633344e+18,2.652779822397724480e+17,7.157179859904145000e+15,1.931338746037096875e+14,1.931338746037096875e+14,1.931338746037096875e+14
1.848484848484848592e-02,5.006967401130088076e+23,1.302428665133124918e+22,3.464957329506614641e+20,9.312179560568657920e+18,2.510255720180413120e+17,6.772318267394251000e+15,1.827462564753229688e+14,1.827462564753229688e+14,1.827462564753229688e+14
1.818181818181818094e-02,5.105714994852806085e+23,1.336613479266824434e+22,3.561714495171632169e+20,9.576020483330172928e+18,2.581630811371644480e+17,6.965048524989010000e+15,1.879481081510999062e+14,1.879481081510999062e+14,1.879481081510999062e+14
1.878787878787878743e-02,4.906553515229055696e+23,1.268007036449627675e+22,3.367838941365214249e+20,9.047587555079585792e+18,2.438694038902313920e+17,6.579095705681779000e+15,1.775311970251348125e+14,1.775311970251348125e+14,1.775311970251348125e+14
1.848484848484848592e-02,5.006967401130088747e+23,1.302428665133125757e+22,3.464957329506615951e+20,9.312179560568666112e+18,2.510255720180413440e+17,6.772318267394258000e+15,1.827462564753229062e+14,1.827462564753229062e+14,1.827462564753229062e+14
1.909090909090909241e-02,4.804471651212706238e+23,1.233364904415753300e+22,3.270412254741758607e+20,8.782390366113437696e+18,2.366985226661655040e+17,6.385487343167013000e+15,1.723058039210947188e+14,1.723058039210947188e+14,1.723058039210947188e+14
1.878787878787878743e-02,4.906553515229057038e+23,1.268007036449627465e+22,3.367838941365214249e+20,9.047587555079584768e+18,2.438694038902312960e+17,6.579095705681777000e+15,1.775311970251348125e+14,1.775311970251348125e+14,1.775311970251348125e+14
1.939393939393939392e-02,4.700720095034709503e+23,1.198518859262850813e+22,3.172730401684780483e+20,8.516733846897277952e+18,2.295168684621979200e+17,6.191599495187280000e+15,1.670729459947667188e+14,1.670729459947667188e+14,1.670729459947667188e+14
1.909090909090909241e-02,4.804471651212710935e+23,1.233364904415753719e+22,3.270412254741760573e+20,8.782390366113437696e+18,2.366985226661656640e+17,6.385487343167016000e+15,1.723058039210949062e+14,1.723058039210949062e+14,1.723058039210949062e+14
1.969696969696969543e-02,4.595297104504475626e+23,1.163485770927868110e+22,3.074846690155980390e+20,8.250763705076374528e+18,2.223283729044529920e+17,5.997538216641437000e+15,1.618354848359005000e+14,1.618354848359005000e+14,1.618354848359005000e+14
1.939393939393939392e-02,4.700720095034712858e+23,1.198518859262851652e+22,3.172730401684783104e+20,8.516733846897286144e+18,2.295168684621980800e+17,6.191599495187278000e+15,1.670729459947669062e+14,1.670729459947669062e+14,1.670729459947669062e+14
2.000000000000000042e-02,4.488200909252017542e+23,1.128282789738243424e+22,2.976814571329120502e+20,7.984625402976093184e+18,2.151369564432430080e+17,5.803409229857270000e+15,1.565962728490727188e+14,1.565962728490727188e+14,1.565962728490727188e+14
1.969696969696969543e-02,4.595297104504474284e+23,1.163485770927868110e+22,3.074846690155979080e+20,8.250763705076379648e+18,2.223283729044530560e+17,5.997538216641439000e+15,1.618354848359004688e+14,1.618354848359004688e+14,1.618354848359004688e+14
2.030303030303030193e-02,4.379429710692292021e+23,1.092927347108117846e+22,2.878687606327097426e+20,7.718464057753014272e+18,2.079465256781464320e+17,5.609317852839875000e+15,1.513581513212684688e+14,1.513581513212684688e+14,1.513581513212684688e+14
2.000000000000000042e-02,4.488200909252020226e+23,1.128282789738243844e+22,2.976814571329122468e+20,7.984625402976105472e+18,2.151369564432430080e+17,5.803409229857276000e+15,1.565962728490728438e+14,1.565962728490728438e+14,1.565962728490728438e+14
2.060606060606060691e-02,4.268981681988987058e+23,1.057437156245867227e+22,2.780519432394732667e+20,7.452424341505620992e+18,2.007609706957596160e+17,5.415368927956589000e+15,1.461239485018425625e+14,1.461239485018425625e+14,1.461239485018425625e+14
2.030303030303030193e-02,4.379429710692293364e+23,1.092927347108117637e+22,2.878687606327097754e+20,7.718464057753013248e+18,2.079465256781464000e+17,5.609317852839874000e+15,1.513581513212685000e+14,1.513581513212685000e+14,1.513581513212685000e+14
2.090909090909090842e-02,4.156854968017502601e+23,1.021830212872924509e+22,2.682363728504878531e+20,7.186650381416296448e+18,1.935841624222391360e+17,5.221666751112794000e+15,1.408964776963314375e+14,1.408964776963314375e+14,1.408964776963314375e+14
2.060606060606060691e-02,4.268981681988987058e+23,1.057437156245867436e+22,2.780519432394734633e+20,7.452424341505620992e+18,2.007609706957596160e+17,5.415368927956589000e+15,1.461239485018425938e+14,1.461239485018425938e+14,1.461239485018425938e+14
2.121212121212121340e-02,4.043047685327978947e+23,9.861247959540567114e+21,2.584274180395754783e+20,6.921285659996525568e+18,1.864199499926162560e+17,5.028315001471787000e+15,1.356785353755232344e+14,1.356785353755232344e+14,1.356785353755232344e+14
2.090909090909090842e-02,4.156854968017503272e+23,1.021830212872925348e+22,2.682363728504877875e+20,7.186650381416294400e+18,1.935841624222391040e+17,5.221666751112796000e+15,1.408964776963313125e+14,1.408964776963313125e+14,1.408964776963313125e+14
2.151515151515151492e-02,3.927557922107228558e+23,9.503394684388291641e+21,2.486304445036936888e+20,6.656472915510490112e+18,1.792721581390041920e+17,4.835416671772413000e+15,1.304728993012385938e+14,1.304728993012385938e+14,1.304728993012385938e+14
2.121212121212121340e-02,4.043047685327981631e+23,9.861247959540573405e+21,2.584274180395755110e+20,6.921285659996528640e+18,1.864199499926164160e+17,5.028315001471791000e+15,1.356785353755233438e+14,1.356785353755233438e+14,1.356785353755233438e+14
2.181818181818181990e-02,3.810383738140202830e+23,9.144930780146483331e+21,2.388508114521722716e+20,6.392354042651354112e+18,1.721445845996766400e+17,4.643073999297225000e+15,1.252823266701952188e+14,1.252823266701952188e+14,1.252823266701952188e+14
2.151515151515151492e-02,3.927557922107228558e+23,9.503394684388293738e+21,2.486304445036935905e+20,6.656472915510494208e+18,1.792721581390041600e+17,4.835416671772413000e+15,1.304728993012385938e+14,1.304728993012385938e+14,1.304728993012385938e+14
2.212121212121212141e-02,3.691523164771408518e+23,8.786047578711692149e+21,2.290938679383619011e+20,6.129069993547346944e+18,1.650409975511190400e+17,4.451388397544409000e+15,1.201095522773840000e+14,1.201095522773840000e+14,1.201095522773840000e+14
2.181818181818181990e-02,3.810383738140204844e+23,9.144930780146493817e+21,2.388508114521722388e+20,6.392354042651355136e+18,1.721445845996766720e+17,4.643073999297224000e+15,1.252823266701953438e+14,1.252823266701953438e+14,1.252823266701953438e+14
2.242424242424242292e-02,3.570974204865036346e+23,8.426939274761142796e+21,2.193649491334114181e+20,5.866760679175388160e+18,1.579651330650192000e+17,4.260460388653756000e+15,1.149572867002942344e+14,1.149572867002942344e+14,1.149572867002942344e+14
2.212121212121212141e-02,3.691523164771409860e+23,8.786047578711697392e+21,2.290938679383619994e+20,6.129069993547345920e+18,1.650409975511191680e+17,4.451388397544413000e+15,1.201095522773841094e+14,1.201095522773841094e+14,1.201095522773841094e+14
2.272727272727272790e-02,3.448734832764946680e+23,8.067802933625657229e+21,2.096693725419410227e+20,5.605564871260531712e+18,1.509206925922433600e+17,4.070389536639198500e+15,1.098282145053637500e+14,1.098282145053637500e+14,1.098282145053637500e+14
2.242424242424242292e-02,3.570974204865036346e+23,8.426939274761140699e+21,2.193649491334113853e+20,5.866760679175389184e+18,1.579651330650191680e+17,4.260460388653754500e+15,1.149572867002942812e+14,1.149572867002942812e+14,1.149572867002942812e+14
2.303030303030302942e-02,3.324802994254113627e+23,7.708838499278354645e+21,2.000124341593822659e+20,5.345620104743248896e+18,1.439113404758026880e+17,3.881274381478016000e+15,1.047249924779923125e+14,1.047249924779923125e+14,1.047249924779923125e+14
2.272727272727272790e-02,3.448734832764949365e+23,8.067802933625659326e+21,2.096693725419410883e+20,5.605564871260531712e+18,1.509206925922434560e+17,4.070389536639200500e+15,1.098282145053638281e+14,1.098282145053638281e+14,1.098282145053638281e+14
2.333333333333333440e-02,3.199176606513460454e+23,7.350248802437741674e+21,1.903994045706817044e+20,5.087062580894488576e+18,1.369407014947781920e+17,3.693212374106439000e+15,9.965024787742121875e+13,9.965024787742121875e+13,9.965024787742121875e+13
2.303030303030302942e-02,3.324802994254114969e+23,7.708838499278353596e+21,2.000124341593822986e+20,5.345620104743247872e+18,1.439113404758025920e+17,3.881274381478014500e+15,1.047249924779922031e+14,1.047249924779922031e+14,1.047249924779922031e+14
2.363636363636363591e-02,3.071853558079925948e+23,6.992239568786354602e+21,1.808355249901414973e+20,4.830027071162421248e+18,1.300123584411869920e+17,3.506299812370953500e+15,9.460657671777884375e+13,9.460657671777884375e+13,9.460657671777884375e+13
2.333333333333333440e-02,3.199176606513460454e+23,7.350248802437745869e+21,1.903994045706818028e+20,5.087062580894489600e+18,1.369407014947781920e+17,3.693212374106442000e+15,9.965024787742120312e+13,9.965024787742120312e+13,9.965024787742120312e+13
2.393939393939394089e-02,2.942831708804494530e+23,6.635019427305846997e+21,1.713260032421217894e+20,4.574646821835183616e+18,1.231298497317467040e+17,3.320631777983779500e+15,8.959654207657148438e+13,8.959654207657148438e+13,8.959654207657148438e+13
2.363636363636363591e-02,3.071853558079924606e+23,6.992239568786358796e+21,1.808355249901414646e+20,4.830027071162421248e+18,1.300123584411869760e+17,3.506299812370953500e+15,9.460657671777885938e+13,9.460657671777885938e+13,9.460657671777885938e+13
2.424242424242424240e-02,2.812108889809041563e+23,6.278799918727242449e+21,1.618760096823251108e+20,4.321053459604597760e+18,1.162966670564447040e+17,3.136302074529254500e+15,8.462267243184832812e+13,8.462267243184832812e+13,8.462267243184832812e+13
2.393939393939394089e-02,2.942831708804495201e+23,6.635019427305845948e+21,1.713260032421218550e+20,4.574646821835184128e+18,1.231298497317467360e+17,3.320631777983777500e+15,8.959654207657156250e+13,8.959654207657156250e+13,8.959654207657156250e+13
2.454545454545454392e-02,2.679682903442915601e+23,5.923795504097969308e+21,1.524906730594049720e+20,4.069376898118373376e+18,1.095162530658507680e+17,2.953403166568975000e+15,7.968746002928671875e+13,7.968746002928671875e+13,7.968746002928671875e+13
2.424242424242424240e-02,2.812108889809041563e+23,6.278799918727244546e+21,1.618760096823252419e+20,4.321053459604599808e+18,1.162966670564447840e+17,3.136302074529254500e+15,8.462267243184839062e+13,8.462267243184839062e+13,8.462267243184839062e+13
2.484848484848484890e-02,2.545551523239115285e+23,5.570223573465358664e+21,1.431750763166117888e+20,3.819745245608628224e+18,1.027919990990370720e+17,2.772026119890367500e+15,7.479335928037585938e+13,7.479335928037585938e+13,7.479335928037585938e+13
2.454545454545454392e-02,2.679682903442915265e+23,5.923795504097969308e+21,1.524906730594049393e+20,4.069376898118370304e+18,1.095162530658507520e+17,2.953403166568974500e+15,7.968746002928668750e+13,7.968746002928668750e+13,7.968746002928668750e+13
2.515151515151515041e-02,2.409712493869490829e+23,5.218304454676832059e+21,1.339342523332019323e+20,3.572284713686845952e+18,9.612724295396988800e+16,2.592260542943891500e+15,6.994278519288450781e+13,6.994278519288450781e+13,6.994278519288450781e+13
2.484848484848484890e-02,2.545551523239115285e+23,5.570223573465360761e+21,1.431750763166119035e+20,3.819745245608626176e+18,1.027919990990370560e+17,2.772026119890367500e+15,7.479335928037589062e+13,7.479335928037589062e+13,7.479335928037589062e+13
2.545454545454545539e-02,2.272163531099442176e+23,4.868261422297469944e+21,1.247731796053267743e+20,3.327119527395307008e+18,8.952526670220822400e+16,2.414194529512642000e+15,6.513811183474714062e+13,6.513811183474714062e+13,6.513811183474714062e+13
2.515151515151515041e-02,2.409712493869491164e+23,5.218304454676831011e+21,1.339342523332020142e+20,3.572284713686842880e+18,9.612724295396990400e+16,2.592260542943892500e+15,6.994278519288452344e+13,6.994278519288452344e+13,6.994278519288452344e+13
2.575757575757575690e-02,2.132902321742752724e+23,4.520320706644955628e+21,1.156967778661034394e+20,3.084371836608639488e+18,8.298929454970491200e+16,2.237914602657259500e+15,6.038167083249257031e+13,6.038167083249257031e+13,6.038167083249257031e+13
2.545454545454545539e-02,2.272163531099443519e+23,4.868261422297470992e+21,1.247731796053269381e+20,3.327119527395307008e+18,8.952526670220824000e+16,2.414194529512643500e+15,6.513811183474720312e+13,6.513811183474720312e+13,6.513811183474720312e+13
2.606060606060606188e-02,1.991926523614786256e+23,4.174711502942081909e+21,1.067099036445902602e+20,2.844161628877559808e+18,7.652249074546904000e+16,2.063505659977363500e+15,5.567574990528970312e+13,5.567574990528970312e+13,5.567574990528970312e+13
2.575757575757575690e-02,2.132902321742754066e+23,4.520320706644953530e+21,1.156967778661034885e+20,3.084371836608640000e+18,8.298929454970489600e+16,2.237914602657259000e+15,6.038167083249260156e+13,6.038167083249260156e+13,6.038167083249260156e+13
2.636363636363636340e-02,1.849233765485691598e+23,3.831665980587452662e+21,9.781734576335185510e+19,2.606606643811328000e+18,7.012795753983618400e+16,1.891050920230453750e+15,5.102259143567565625e+13,5.102259143567565625e+13,5.102259143567565625e+13
2.606060606060606188e-02,1.991926523614788604e+23,4.174711502942081384e+21,1.067099036445902438e+20,2.844161628877560832e+18,7.652249074546907200e+16,2.063505659977365000e+15,5.567574990528971094e+13,5.567574990528971094e+13,5.567574990528971094e+13
2.666666666666666491e-02,1.704821647033172408e+23,3.491419292544357368e+21,8.902382077433192448e+19,2.371822289094239232e+18,6.380873319403236000e+16,1.720631871347684250e+15,4.642439107799087500e+13,4.642439107799087500e+13,4.642439107799087500e+13
2.636363636363636340e-02,1.849233765485693947e+23,3.831665980587454235e+21,9.781734576335185510e+19,2.606606643811330048e+18,7.012795753983616800e+16,1.891050920230454500e+15,5.102259143567564844e+13,5.102259143567564844e+13,5.102259143567564844e+13
2.696969696969696989e-02,1.558687738794289922e+23,3.154209584848411034e+21,8.033396833271966925e+19,2.139921558234624256e+18,5.756779004269380800e+16,1.552328219884583250e+15,4.188329640550417969e+13,4.188329640550417969e+13,4.188329640550417969e+13
2.666666666666666491e-02,1.704821647033172408e+23,3.491419292544356844e+21,8.902382077433192448e+19,2.371822289094239232e+18,6.380873319403234400e+16,1.720631871347683750e+15,4.642439107799086719e+13,4.642439107799086719e+13,4.642439107799086719e+13
2.727272727272727140e-02,1.410829582116810203e+23,2.820278006233942721e+21,7.175234650850574336e+19,1.911014950145419008e+18,5.140803261095333600e+16,1.386217841943886250e+15,3.740140559720299219e+13,3.740140559720299219e+13,3.740140559720299219e+13
2.696969696969696989e-02,1.558687738794290593e+23,3.154209584848412082e+21,8.033396833271971840e+19,2.139921558234624512e+18,5.756779004269384000e+16,1.552328219884584250e+15,4.188329640550421094e+13,4.188329640550421094e+13,4.188329640550421094e+13
2.757575757575757638e-02,1.261244689109835506e+23,2.489868717879697342e+21,6.328342703541093171e+19,1.685210390656672768e+18,4.533229578767314400e+16,1.222376735606251500e+15,3.298076616516146094e+13,3.298076616516146094e+13,3.298076616516146094e+13
2.727272727272727140e-02,1.410829582116810035e+23,2.820278006233942196e+21,7.175234650850571878e+19,1.911014950145419008e+18,5.140803261095331200e+16,1.386217841943886500e+15,3.740140559720300000e+13,3.740140559720300000e+13,3.740140559720300000e+13
2.787878787878787790e-02,1.109930542594612642e+23,2.163228903274434527e+21,5.493159049688586650e+19,1.462613156062717184e+18,3.934334305634652000e+16,1.060878974903431500e+15,2.862337372339201953e+13,2.862337372339201953e+13,2.862337372339201953e+13
2.757575757575757638e-02,1.261244689109836177e+23,2.489868717879699964e+21,6.328342703541092352e+19,1.685210390656674560e+18,4.533229578767313600e+16,1.222376735606251500e+15,3.298076616516147266e+13,3.298076616516147266e+13,3.298076616516147266e+13
2.818181818181818288e-02,9.568845960534634686e+22,1.840608778201710461e+21,4.670112144883643187e+19,1.243325798806577664e+18,3.344386478514183600e+16,9.017966653667906250e+14,2.433117079902392578e+13,2.433117079902392578e+13,2.433117079902392578e+13
2.787878787878787790e-02,1.109930542594611971e+23,2.163228903274434265e+21,5.493159049688585011e+19,1.462613156062717440e+18,3.934334305634649600e+16,1.060878974903430625e+15,2.862337372339202734e+13,2.862337372339202734e+13,2.862337372339202734e+13
2.848484848484848439e-02,8.021042735793079478e+22,1.522261600845601178e+21,3.859620347878177178e+19,1.027448075407425408e+18,2.763647657753367600e+16,7.451999011835132500e+14,2.010604568664777344e+13,2.010604568664777344e+13,2.010604568664777344e+13
2.818181818181818288e-02,9.568845960534639719e+22,1.840608778201709937e+21,4.670112144883644826e+19,1.243325798806578176e+18,3.344386478514184800e+16,9.017966653667903750e+14,2.433117079902391797e+13,2.433117079902391797e+13,2.433117079902391797e+13
2.878787878787878937e-02,6.455869698239729605e+22,1.208443682016455819e+21,3.062091420109118259e+19,8.150768767369480960e+17,2.192371768487866800e+16,5.911567239904562500e+14,1.594983134659677930e+13,1.594983134659677930e+13,1.594983134659677930e+13
2.848484848484848439e-02,8.021042735793079478e+22,1.522261600845599867e+21,3.859620347878177178e+19,1.027448075407425664e+18,2.763647657753366800e+16,7.451999011835128750e+14,2.010604568664776953e+13,2.010604568664776953e+13,2.010604568664776953e+13
2.909090909090909088e-02,4.873300499459581202e+22,8.994143954977986970e+20,2.277922018798411366e+19,6.063061607526149120e+17,1.630804948227196000e+16,4.397330833351145625e+14,1.186430434792406641e+13,1.186430434792406641e+13,1.186430434792406641e+13
2.878787878787878937e-02,6.455869698239732960e+22,1.208443682016455819e+21,3.062091420109118259e+19,8.150768767369483520e+17,2.192371768487866000e+16,5.911567239904561250e+14,1.594983134659678711e+13,1.594983134659678711e+13,1.594983134659678711e+13
2.939393939393939240e-02,3.273308495578256114e+22,5.954361885143228744e+20,1.507497183594962944e+19,4.012268877972467840e+17,1.079185400893796800e+16,2.909927988310950000e+14,7.851183856783826172e+12,7.851183856783826172e+12,7.851183856783826172e+12
2.909090909090909088e-02,4.873300499459582879e+22,8.994143954977988280e+20,2.277922018798411776e+19,6.063061607526151680e+17,1.630804948227196200e+16,4.397330833351145000e+14,1.186430434792407031e+13,1.186430434792407031e+13,1.186430434792407031e+13
2.969696969696969738e-02,1.655866746728869999e+22,2.967745923214651556e+20,7.511898167248947200e+18,1.999269585755485440e+17,5.377432574366216000e+15,1.449975240344110312e+14,3.912130670891856445e+12,3.912130670891856445e+12,3.912130670891856445e+12
2.939393939393939240e-02,3.273308495578254436e+22,5.954361885143228744e+20,1.507497183594962534e+19,4.012268877972465280e+17,1.079185400893796200e+16,2.909927988310951250e+14,7.851183856783823242e+12,7.851183856783823242e+12,7.851183856783823242e+12
2.999999999999999889e-02,2.094801651300233052e+20,3.698232916936080384e+18,9.360156615557104000e+16,2.491154920043380000e+15,6.700443132986200781e+13,1.806712065255585693e+12,4.874630070033810425e+10,4.874630070033810425e+10,4.874630070033810425e+10
2.969696969696969738e-02,1.655866746728870838e+22,2.967745923214649590e+20,7.511898167248947200e+18,1.999269585755484800e+17,5.377432574366212000e+15,1.449975240344110312e+14,3.912130670891856934e+12,3.912130670891856934e+12,3.912130670891856934e+12
