x,t=1.00e+01s,t=2.00e+01s,t=3.00e+01s,t=4.00e+01s,t=5.00e+01s,t=6.00e+01s,t=7.00e+01s,t=8.00e+01s,t=9.00e+01s
3.030303030303030300e-04,2.793404381999652053e+25,2.785144056452662416e+25,2.763863163525480273e+25,2.723848830556883253e+25,2.662109653628718230e+25,2.578836703092740683e+25,2.476747639970034957e+25,2.360005999210060392e+25,2.233226414938131115e+25
0.000000000000000000e+00,2.793405363165830246e+25,2.785148675977216490e+25,2.763875065483616074e+25,2.723871210934939703e+25,2.662144186405695185e+25,2.578883282046508566e+25,2.476804745349972685e+25,2.360071302208565620e+25,2.233297334192153998e+25
6.060606060606060601e-04,2.793393993570562385e+25,2.785095159569666530e+25,2.763737212848416496e+25,2.723612038957533639e+25,2.661744342390561171e+25,2.578344020475264728e+25,2.476143675309888028e+25,2.359315388062371682e+25,2.232476455465177530e+25
3.030303030303030300e-04,2.793404381999652912e+25,2.785144056452662845e+25,2.763863163525479844e+25,2.723848830556884971e+25,2.662109653628717800e+25,2.578836703092742401e+25,2.476747639970034098e+25,2.360005999210060821e+25,2.233226414938131974e+25
9.090909090909090901e-04,2.793377580061092037e+25,2.785017978536070219e+25,2.763538566194085816e+25,2.723238821498736927e+25,2.661168865454825469e+25,2.577568225461227288e+25,2.475192974556463293e+25,2.358228589166147462e+25,2.231296511389016256e+25
6.060606060606060601e-04,2.793393993570562385e+25,2.785095159569665242e+25,2.763737212848415207e+25,2.723612038957535357e+25,2.661744342390562460e+25,2.578344020475265587e+25,2.476143675309889746e+25,2.359315388062371252e+25,2.232476455465177960e+25
1.212121212121212120e-03,2.793354610894319684e+25,2.784910125489866253e+25,2.763261304906471250e+25,2.722718406642819888e+25,2.660367048159990201e+25,2.576487982417018704e+25,2.473869849423940901e+25,2.356716650558152942e+25,2.229655503207926903e+25
9.090909090909090901e-04,2.793377580061091608e+25,2.785017978536069790e+25,2.763538566194084527e+25,2.723238821498737356e+25,2.661168865454826328e+25,2.577568225461226429e+25,2.475192974556462004e+25,2.358228589166146604e+25,2.231296511389017115e+25
1.515151515151515150e-03,2.793324874561405566e+25,2.784770759566831918e+25,2.762903589717743704e+25,2.722047835616253879e+25,2.659334946016011070e+25,2.575098639821700394e+25,2.472169247930163605e+25,2.354774382415722008e+25,2.227548296343597789e+25
1.212121212121212120e-03,2.793354610894318396e+25,2.784910125489865394e+25,2.763261304906470820e+25,2.722718406642819888e+25,2.660367048159991060e+25,2.576487982417019134e+25,2.473869849423940472e+25,2.356716650558152083e+25,2.229655503207927762e+25
1.818181818181818180e-03,2.793288155523805388e+25,2.784599069382177671e+25,2.762463757553241168e+25,2.721224631438066166e+25,2.658069542151292581e+25,2.573396993420177356e+25,2.470088081254014846e+25,2.352399008956055380e+25,2.224972521303134241e+25
1.515151515151515150e-03,2.793324874561405566e+25,2.784770759566831488e+25,2.762903589717744563e+25,2.722047835616253020e+25,2.659334946016012788e+25,2.575098639821701682e+25,2.472169247930163605e+25,2.354774382415722008e+25,2.227548296343596500e+25
2.121212121212120993e-03,2.793244201606679197e+25,2.784394122713076252e+25,2.761939939399359288e+25,2.720246086191266933e+25,2.656567652736409763e+25,2.571379813554298072e+25,2.467623420455294580e+25,2.349588107244291707e+25,2.221926335336170298e+25
1.818181818181818180e-03,2.793288155523806677e+25,2.784599069382182825e+25,2.762463757553242027e+25,2.721224631438065736e+25,2.658069542151293869e+25,2.573396993420180362e+25,2.470088081254015705e+25,2.352399008956057957e+25,2.224972521303135529e+25
2.424242424242424240e-03,2.793192715254649345e+25,2.784154829294931402e+25,2.761329970777934057e+25,2.719109099771394103e+25,2.654825684379683713e+25,2.569043522349779214e+25,2.464772103244050138e+25,2.346339158538012048e+25,2.218407935218409918e+25
2.121212121212120993e-03,2.793244201606677479e+25,2.784394122713076681e+25,2.761939939399356281e+25,2.720246086191263927e+25,2.656567652736408045e+25,2.571379813554297643e+25,2.467623420455292862e+25,2.349588107244290419e+25,2.221926335336169869e+25
2.727272727272727487e-03,2.793133349080010201e+25,2.783879924670709116e+25,2.760631357751812327e+25,2.717810124444821906e+25,2.652839555958452101e+25,2.566384093505017658e+25,2.461530614101779940e+25,2.342649412390950611e+25,2.214415409683346611e+25
2.424242424242424240e-03,2.793192715254648057e+25,2.784154829294930113e+25,2.761329970777932769e+25,2.719109099771391955e+25,2.654825684379682854e+25,2.569043522349780073e+25,2.464772103244050138e+25,2.346339158538011619e+25,2.218407935218410347e+25
3.030303030303030300e-03,2.793065702304178517e+25,2.783567959150809249e+25,2.759841257453442334e+25,2.716345138149334203e+25,2.650604665985665429e+25,2.563397014298197620e+25,2.457895041110071931e+25,2.338515838627051408e+25,2.209946687260475331e+25
2.727272727272727487e-03,2.793133349080008913e+25,2.783879924670710834e+25,2.760631357751812757e+25,2.717810124444821906e+25,2.652839555958453819e+25,2.566384093505020235e+25,2.461530614101782087e+25,2.342649412390952329e+25,2.214415409683347899e+25
3.333333333333333114e-03,2.792989317216566342e+25,2.783217287831971691e+25,2.758956462774645868e+25,2.714709627100884756e+25,2.648115875534468009e+25,2.560077269365947359e+25,2.453861059877197433e+25,2.333935110432242011e+25,2.204999517869875416e+25
3.030303030303030300e-03,2.793065702304178947e+25,2.783567959150810967e+25,2.759841257453442763e+25,2.716345138149335492e+25,2.650604665985667147e+25,2.563397014298198479e+25,2.457895041110072361e+25,2.338515838627053555e+25,2.209946687260477478e+25
3.636363636363636360e-03,2.792903675352950042e+25,2.782826060357764234e+25,2.757973387912756245e+25,2.712898571548622652e+25,2.645367497234609863e+25,2.556419333445858925e+25,2.449423928837188688e+25,2.328903600558258420e+25,2.199571468601902715e+25
3.333333333333333114e-03,2.792989317216564194e+25,2.783217287831969544e+25,2.758956462774644150e+25,2.714709627100881749e+25,2.648115875534465861e+25,2.560077269365946500e+25,2.453861059877196574e+25,2.333935110432242441e+25,2.204999517869874557e+25
3.939393939393939607e-03,2.792808193261295692e+25,2.782392209897634644e+25,2.756888053528121432e+25,2.710906432401080115e+25,2.642353286844582295e+25,2.552417168353659245e+25,2.444578490098103925e+25,2.323417383955007749e+25,2.193659926405669025e+25
3.636363636363636360e-03,2.792903675352946606e+25,2.782826060357762945e+25,2.757973387912755386e+25,2.712898571548620934e+25,2.645367497234609004e+25,2.556419333445857207e+25,2.449423928837189547e+25,2.328903600558259279e+25,2.199571468601901856e+25
4.242424242424241987e-03,2.792702217777161047e+25,2.781913441091036246e+25,2.755696070976142228e+25,2.708727137785379013e+25,2.639066435970750675e+25,2.548064222252561887e+25,2.439319173430108069e+25,2.317472244049749860e+25,2.187262104646072035e+25
3.939393939393939607e-03,2.792808193261293974e+25,2.782392209897633785e+25,2.756888053528121002e+25,2.710906432401080974e+25,2.642353286844581866e+25,2.552417168353659245e+25,2.444578490098103925e+25,2.323417383955007749e+25,2.193659926405669025e+25
4.545454545454545234e-03,2.792585020748913917e+25,2.781387216804556403e+25,2.754392625352090859e+25,2.706354069125385996e+25,2.635499565314011856e+25,2.543353430361243457e+25,2.433640002315926752e+25,2.311063681412285789e+25,2.180375052139434558e+25
4.242424242424241987e-03,2.792702217777164053e+25,2.781913441091036675e+25,2.755696070976143087e+25,2.708727137785378584e+25,2.639066435970751963e+25,2.548064222252561458e+25,2.439319173430107640e+25,2.317472244049748571e+25,2.187262104646073753e+25
4.848484848484848481e-03,2.792455793157629027e+25,2.780810743589590615e+25,2.752972457204153841e+25,2.703780046551976169e+25,2.631644718175050286e+25,2.538277216716926381e+25,2.427534601559194899e+25,2.304186924197808237e+25,2.172995663984886781e+25
4.545454545454545234e-03,2.792585020748914346e+25,2.781387216804555974e+25,2.754392625352090000e+25,2.706354069125384278e+25,2.635499565314009708e+25,2.543353430361244316e+25,2.433640002315928040e+25,2.311063681412284071e+25,2.180375052139434128e+25
5.151515151515151728e-03,2.792313638575803003e+25,2.780180955743128752e+25,2.751429842824153905e+25,2.700997313566648050e+25,2.627493354115698575e+25,2.532827496830657400e+25,2.420996206212963167e+25,2.296836940061853810e+25,2.165120693836036588e+25
4.848484848484848481e-03,2.792455793157628598e+25,2.780810743589589327e+25,2.752972457204150834e+25,2.703780046551973162e+25,2.631644718175047709e+25,2.538277216716926381e+25,2.427534601559193181e+25,2.304186924197807378e+25,2.172995663984887211e+25
5.454545454545454974e-03,2.792157565905144919e+25,2.779494497877950559e+25,2.749758573051951681e+25,2.697997520936018985e+25,2.623036342759446831e+25,2.526995681183698710e+25,2.414017671723979480e+25,2.289008449391311841e+25,2.156746767418282616e+25
5.151515151515151728e-03,2.792313638575802573e+25,2.780180955743127464e+25,2.751429842824151328e+25,2.700997313566646762e+25,2.627493354115698145e+25,2.532827496830656541e+25,2.420996206212962308e+25,2.296836940061854669e+25,2.165120693836036159e+25
5.757575757575757354e-03,2.791986481328559212e+25,2.778747705907340851e+25,2.747951930543558611e+25,2.694771709827311786e+25,2.618263957762809243e+25,2.520772679574700154e+25,2.406591485258691738e+25,2.280695939773432195e+25,2.147870397180651949e+25
5.454545454545454974e-03,2.792157565905145778e+25,2.779494497877951418e+25,2.749758573051952540e+25,2.697997520936018985e+25,2.623036342759448549e+25,2.526995681183696992e+25,2.414017671723978621e+25,2.289008449391312700e+25,2.156746767418282187e+25
6.060606060606060601e-03,2.791799179404989688e+25,2.777936586345171650e+25,2.746002665461151332e+25,2.691310294216161816e+25,2.613165871019293202e+25,2.514148906363079054e+25,2.398709778216504464e+25,2.271893681667325557e+25,2.138487998015730457e+25
5.757575757575757354e-03,2.791986481328560500e+25,2.778747705907342139e+25,2.747951930543558611e+25,2.694771709827312645e+25,2.618263957762811391e+25,2.520772679574700154e+25,2.406591485258692167e+25,2.280695939773432624e+25,2.147870397180653238e+25
6.363636363636363848e-03,2.791594333228524174e+25,2.777056793816789420e+25,2.743902969548594527e+25,2.687603042613633962e+25,2.607731147178725536e+25,2.507114286676559201e+25,2.390364339958893452e+25,2.262595745266126159e+25,2.128595904005945155e+25
6.060606060606060601e-03,2.791799179404988400e+25,2.777936586345169932e+25,2.746002665461150903e+25,2.691310294216159669e+25,2.613165871019292343e+25,2.514148906363078624e+25,2.398709778216504464e+25,2.271893681667323409e+25,2.138487998015730027e+25
6.666666666666666227e-03,2.791370483565041814e+25,2.776103606669589298e+25,2.741644448560366523e+25,2.683639059172609957e+25,2.601948238580650532e+25,2.499658263666312938e+25,2.381546632797292008e+25,2.252796018551759973e+25,2.118190386168245209e+25
6.363636363636363848e-03,2.791594333228523315e+25,2.777056793816789420e+25,2.743902969548595816e+25,2.687603042613633532e+25,2.607731147178725107e+25,2.507114286676557912e+25,2.390364339958893452e+25,2.262595745266125300e+25,2.128595904005944725e+25
6.969696969696969474e-03,2.791126026870553549e+25,2.775071900565102447e+25,2.739218093015772765e+25,2.679406764245607024e+25,2.595804980714057301e+25,2.491769806904531467e+25,2.372247808291629405e+25,2.242488226551873825e+25,2.107267671176548569e+25
6.666666666666666227e-03,2.791370483565042673e+25,2.776103606669590587e+25,2.741644448560368670e+25,2.683639059172609098e+25,2.601948238580650532e+25,2.499658263666313797e+25,2.381546632797293726e+25,2.252796018551759973e+25,2.118190386168247357e+25
7.272727272727272721e-03,2.790859202085504824e+25,2.773956119926869941e+25,2.736614247254640179e+25,2.674893874478096661e+25,2.589288588327841931e+25,2.483437422028156296e+25,2.362458724917228744e+25,2.231665951812660296e+25,2.095823961045026467e+25
6.969696969696969474e-03,2.791126026870553120e+25,2.775071900565099441e+25,2.739218093015773624e+25,2.679406764245604877e+25,2.595804980714055583e+25,2.491769806904531896e+25,2.372247808291630264e+25,2.242488226551872966e+25,2.107267671176548998e+25
7.575757575757575968e-03,2.790568076088337684e+25,2.772750247110781397e+25,2.733822576775621610e+25,2.670087382533656680e+25,2.582385652328032921e+25,2.474649161739999451e+25,2.352169967161624411e+25,2.220322656103211246e+25,2.083855453756630341e+25
7.272727272727272721e-03,2.790859202085503965e+25,2.773956119926868223e+25,2.736614247254640179e+25,2.674893874478094943e+25,2.589288588327841931e+25,2.483437422028158873e+25,2.362458724917228744e+25,2.231665951812661155e+25,2.095823961045026467e+25
7.878787878787879215e-03,2.790250527679503178e+25,2.771447769156305064e+25,2.730832033843891723e+25,2.664973536560083041e+25,2.575082137608929329e+25,2.465392638284697906e+25,2.341371866115026134e+25,2.208451703367113513e+25,2.071358364820972790e+25
7.575757575757575968e-03,2.790568076088336825e+25,2.772750247110780108e+25,2.733822576775620322e+25,2.670087382533655392e+25,2.582385652328032491e+25,2.474649161739999451e+25,2.352169967161624411e+25,2.220322656103212535e+25,2.083855453756629911e+25
8.181818181818182462e-03,2.789904229953941486e+25,2.770041641969087804e+25,2.727630821361940520e+25,2.659537819519465025e+25,2.567363381976679325e+25,2.455655037522593415e+25,2.330054521619362683e+25,2.196046383936270647e+25,2.058328949744388300e+25
7.878787878787879215e-03,2.790250527679499742e+25,2.771447769156303346e+25,2.730832033843891293e+25,2.664973536560082612e+25,2.575082137608927182e+25,2.465392638284697047e+25,2.341371866115024416e+25,2.208451703367112654e+25,2.071358364820972361e+25
8.484848484848483974e-03,2.789526630905396576e+25,2.768524251777075472e+25,2.724206355005100001e+25,2.653764928519941900e+25,2.559214096335034511e+25,2.445423134729433283e+25,2.318207826041080035e+25,2.183099940019945108e+25,2.044763527392856666e+25
8.181818181818182462e-03,2.789904229953938909e+25,2.770041641969088233e+25,2.727630821361940520e+25,2.659537819519463737e+25,2.567363381976678466e+25,2.455655037522594274e+25,2.330054521619365689e+25,2.196046383936271936e+25,2.058328949744390447e+25
8.787878787878787221e-03,2.789114932089971741e+25,2.766887373694108553e+25,2.720545223633044746e+25,2.647638754302810693e+25,2.550618366314398811e+25,2.434683312254023737e+25,2.305821489732133146e+25,2.169605592479500202e+25,2.030658504225731479e+25
8.484848484848483974e-03,2.789526630905393999e+25,2.768524251777074613e+25,2.724206355005099142e+25,2.653764928519941041e+25,2.559214096335034940e+25,2.445423134729432424e+25,2.318207826041080465e+25,2.183099940019945967e+25,2.044763527392855807e+25
9.090909090909090468e-03,2.788666065158656349e+25,2.765122127216781430e+25,2.716633147999513499e+25,2.641142361055765432e+25,2.541559655536820517e+25,2.423421579169686575e+25,2.292885068242288844e+25,2.155556568895896689e+25,2.016010399374978440e+25
8.787878787878787221e-03,2.789114932089970453e+25,2.766887373694107265e+25,2.720545223633044316e+25,2.647638754302810263e+25,2.550618366314397093e+25,2.434683312254021590e+25,2.305821489732132717e+25,2.169605592479499343e+25,2.030658504225730620e+25
9.393939393939393714e-03,2.788176666049199366e+25,2.763218928472361624e+25,2.712454937795438706e+25,2.634257966741517872e+25,2.532020810721227498e+25,2.411623593058289480e+25,2.279387991343579376e+25,2.140946132933209511e+25,2.000815870540922181e+25
9.090909090909090468e-03,2.788666065158654202e+25,2.765122127216780142e+25,2.716633147999512210e+25,2.641142361055764144e+25,2.541559655536820088e+25,2.423421579169685716e+25,2.292885068242288844e+25,2.155556568895896689e+25,2.016010399374978869e+25
9.696969696969696961e-03,2.787643046606339852e+25,2.761167439027906096e+25,2.707994447075557730e+25,2.626966924150803518e+25,2.521984068844781367e+25,2.399274684068007117e+25,2.265319593924693657e+25,2.125767614996683742e+25,1.985071740671400274e+25
9.393939393939393714e-03,2.788176666049196360e+25,2.763218928472362913e+25,2.712454937795438277e+25,2.634257966741516154e+25,2.532020810721225780e+25,2.411623593058289480e+25,2.279387991343578946e+25,2.140946132933209511e+25,2.000815870540921322e+25
1.000000000000000021e-02,2.787061163375918484e+25,2.758956511063360891e+25,2.703234528135751196e+25,2.619249702910094050e+25,2.511431066587972273e+25,2.386359881387478494e+25,2.250669148809353238e+25,2.110014444178815150e+25,1.968775025386871026e+25
9.696969696969696961e-03,2.787643046606336416e+25,2.761167439027903949e+25,2.707994447075556012e+25,2.626966924150803518e+25,2.521984068844779649e+25,2.399274684068007546e+25,2.265319593924691939e+25,2.125767614996682883e+25,1.985071740671399845e+25
1.030303030303030346e-02,2.786426583292545750e+25,2.756574128704843191e+25,2.698156983927848768e+25,2.611085872696841925e+25,2.500342852302576199e+25,2.372863942279818961e+25,2.235425901547910922e+25,2.093680181481130543e+25,1.951922961109167051e+25
1.000000000000000021e-02,2.787061163375916337e+25,2.758956511063358743e+25,2.703234528135748619e+25,2.619249702910093620e+25,2.511431066587970985e+25,2.386359881387479353e+25,2.250669148809351091e+25,2.110014444178814721e+25,1.968775025386871026e+25
1.060606060606060670e-02,2.785734445951998473e+25,2.754007345308287617e+25,2.692742519121073974e+25,2.602454087939415308e+25,2.488699900752991604e+25,2.358771383819697352e+25,2.219579107225913699e+25,2.076758554293013548e+25,1.934513033846638393e+25
1.030303030303030346e-02,2.786426583292545320e+25,2.756574128704841473e+25,2.698156983927848768e+25,2.611085872696841495e+25,2.500342852302576199e+25,2.372863942279818961e+25,2.235425901547910922e+25,2.093680181481130543e+25,1.951922961109167481e+25
1.090909090909090995e-02,2.784979422128191858e+25,2.751242216478694228e+25,2.686970689944395644e+25,2.593332074304406396e+25,2.476482130892549432e+25,2.344066517475478930e+25,2.203118069326769439e+25,2.059243492101976981e+25,1.916543008583042629e+25
1.060606060606060670e-02,2.785734445951996755e+25,2.754007345308284181e+25,2.692742519121072686e+25,2.602454087939414020e+25,2.488699900752993322e+25,2.358771383819696923e+25,2.219579107225911552e+25,2.076758554293012689e+25,1.934513033846638823e+25
1.121212121212121146e-02,2.784155668160000599e+25,2.748263728606626816e+25,2.680819852972710373e+25,2.583696617301198415e+25,2.463668926946948358e+25,2.328733486676097438e+25,2.186032180678250110e+25,2.041129163402327723e+25,1.898010959211994610e+25
1.090909090909090995e-02,2.784979422128191429e+25,2.751242216478693798e+25,2.686970689944395215e+25,2.593332074304406826e+25,2.476482130892551579e+25,2.344066517475478930e+25,2.203118069326771586e+25,2.059243492101976122e+25,1.916543008583042629e+25
1.151515151515151471e-02,2.783256775795205895e+25,2.745055722701280060e+25,2.674267113051775815e+25,2.573523553362275039e+25,2.450239163087031580e+25,2.312756307498628913e+25,2.168310966503961478e+25,2.022410013761053844e+25,1.878915298953010454e+25
1.121212121212121146e-02,2.784155668159999311e+25,2.748263728606625098e+25,2.680819852972708655e+25,2.583696617301197556e+25,2.463668926946947928e+25,2.328733486676095720e+25,2.186032180678250540e+25,2.041129163402326005e+25,1.898010959211993751e+25
1.181818181818181795e-02,2.782275717036820232e+25,2.741600813299314702e+25,2.667288270592785368e+25,2.562787763787865397e+25,2.436171231982309651e+25,2.296118912607636782e+25,2.149944129591393732e+25,2.003080804991154869e+25,1.859254811179139966e+25
1.151515151515151471e-02,2.783256775795201600e+25,2.745055722701279630e+25,2.674267113051775815e+25,2.573523553362275468e+25,2.450239163087031580e+25,2.312756307498628913e+25,2.168310966503961908e+25,2.022410013761052126e+25,1.878915298953009380e+25
1.212121212121212120e-02,2.781204783491045293e+25,2.737880302230596523e+25,2.659857768507645224e+25,2.551463171974896889e+25,2.421443077534907695e+25,2.278805198570731476e+25,2.130921597577479463e+25,1.983136655373425100e+25,1.839028680580048474e+25
1.181818181818181795e-02,2.782275717036817226e+25,2.741600813299312984e+25,2.667288270592785797e+25,2.562787763787864108e+25,2.436171231982310080e+25,2.296118912607637641e+25,2.149944129591393732e+25,2.003080804991152721e+25,1.859254811179139107e+25
1.242424242424242445e-02,2.780035519665018090e+25,2.733874087026782661e+25,2.651948639100736098e+25,2.539522744383004197e+25,2.406032232100586078e+25,2.260799076666712408e+25,2.111233572340799607e+25,1.962573080858043105e+25,1.818236524578072863e+25
1.212121212121212120e-02,2.781204783491044434e+25,2.737880302230593517e+25,2.659857768507646942e+25,2.551463171974895171e+25,2.421443077534905977e+25,2.278805198570732764e+25,2.130921597577479463e+25,1.983136655373424241e+25,1.839028680580048474e+25
1.272727272727272770e-02,2.778758649606561938e+25,2.729560563766822338e+25,2.643532451282690127e+25,2.526938495724210423e+25,2.389915858509204927e+25,2.242084527292640008e+25,2.090870581476583513e+25,1.941386037167015994e+25,1.796878424908391337e+25
1.242424242424242445e-02,2.780035519665015083e+25,2.733874087026781373e+25,2.651948639100736098e+25,2.539522744383003768e+25,2.406032232100585219e+25,2.260799076666711979e+25,2.111233572340796600e+25,1.962573080858043535e+25,1.818236524578073507e+25
1.303030303030303094e-02,2.777363996216343544e+25,2.724916524165358438e+25,2.634579258526621163e+25,2.513681498897767555e+25,2.373070797200748522e+25,2.222645658064357140e+25,2.069823531816557992e+25,1.919571962707901567e+25,1.774954959267913500e+25
1.272727272727272770e-02,2.778758649606561508e+25,2.729560563766821050e+25,2.643532451282687980e+25,2.526938495724209564e+25,2.389915858509205786e+25,2.242084527292638290e+25,2.090870581476581366e+25,1.941386037167015565e+25,1.796878424908391122e+25
1.333333333333333245e-02,2.775840392494633847e+25,2.719917046726800261e+25,2.625057548048143711e+25,2.499721900227349236e+25,2.355473618794981118e+25,2.202466765690974677e+25,2.048083764940331452e+25,1.897127822198047767e+25,1.752467232931023820e+25
1.303030303030303094e-02,2.777363996216342256e+25,2.724916524165359297e+25,2.634579258526621163e+25,2.513681498897766696e+25,2.373070797200750670e+25,2.222645658064358429e+25,2.069823531816557992e+25,1.919571962707901567e+25,1.774954959267912641e+25
1.363636363636363570e-02,2.774175583909909317e+25,2.714535381809837450e+25,2.614934191757274623e+25,2.485028940593970910e+25,2.337100682412291599e+25,2.181532401687673981e+25,2.025643114608413414e+25,1.874051150887064807e+25,1.729416910223798406e+25
1.333333333333333245e-02,2.775840392494630841e+25,2.719917046726801549e+25,2.625057548048142852e+25,2.499721900227346229e+25,2.355473618794981977e+25,2.202466765690974677e+25,2.048083764940332741e+25,1.897127822198047337e+25,1.752467232931022747e+25
1.393939393939393895e-02,2.772356120993656887e+25,2.708742830475785486e+25,2.604174399603857778e+25,2.469570983094553571e+25,2.317928200060177852e+25,2.159827441972622702e+25,2.002493966029303168e+25,1.850340099253312228e+25,1.705806245741871069e+25
1.363636363636363570e-02,2.774175583909907170e+25,2.714535381809838309e+25,2.614934191757272905e+25,2.485028940593971769e+25,2.337100682412291599e+25,2.181532401687673981e+25,2.025643114608413843e+25,1.874051150887064378e+25,1.729416910223799479e+25
1.424242424242424220e-02,2.770367241174581131e+25,2.702508617030119156e+25,2.592741676018525888e+25,2.453315547892237591e+25,2.297932307393555817e+25,2.137337160372789694e+25,1.978629316854030175e+25,1.825993478038077970e+25,1.681638115190829970e+25
1.393939393939393895e-02,2.772356120993655599e+25,2.708742830475784627e+25,2.604174399603856919e+25,2.469570983094554000e+25,2.317928200060177852e+25,2.159827441972622272e+25,2.002493966029302309e+25,1.850340099253312872e+25,1.705806245741871069e+25
1.454545454545454544e-02,2.768192738764791974e+25,2.695799755211375740e+25,2.580597780238991940e+25,2.436229354960459460e+25,2.277089141147417904e+25,2.114047306039705317e+25,1.954042839771512092e+25,1.801010803468619611e+25,1.656916045721871842e+25
1.424242424242424220e-02,2.770367241174579413e+25,2.702508617030117868e+25,2.592741676018524170e+25,2.453315547892238021e+25,2.297932307393554958e+25,2.137337160372789694e+25,1.978629316854030175e+25,1.825993478038079473e+25,1.681638115190829541e+25
1.484848484848484869e-02,2.765814821899655145e+25,2.688580908036455920e+25,2.567702691407038695e+25,2.418278375457374037e+25,2.255374923526871571e+25,2.089944184749819943e+25,1.928728946556753139e+25,1.775392342508754605e+25,1.631644245629570471e+25
1.454545454545454544e-02,2.768192738764788968e+25,2.695799755211375740e+25,2.580597780238991940e+25,2.436229354960460319e+25,2.277089141147417904e+25,2.114047306039704888e+25,1.954042839771510804e+25,1.801010803468620255e+25,1.656916045721872486e+25
1.515151515151515194e-02,2.763213955110718466e+25,2.680814241378073619e+25,2.554014579425218246e+25,2.399427892500224184e+25,2.232766053821496722e+25,2.065014744034784440e+25,1.902682853401708678e+25,1.749139157963032932e+25,1.605827633272939857e+25
1.484848484848484869e-02,2.765814821899652997e+25,2.688580908036455061e+25,2.567702691407037406e+25,2.418278375457373607e+25,2.255374923526871571e+25,2.089944184749820802e+25,1.928728946556753139e+25,1.775392342508753961e+25,1.631644245629570686e+25
1.545454545454545518e-02,2.760368686076312350e+25,2.672459271430367299e+25,2.539489782674374001e+25,2.379642572139879348e+25,2.209239207488405120e+25,2.039246662054678266e+25,1.875900647335230655e+25,1.722253153247936183e+25,1.579471865075808418e+25
1.515151515151515194e-02,2.763213955110717607e+25,2.680814241378072760e+25,2.554014579425217387e+25,2.399427892500223325e+25,2.232766053821495863e+25,2.065014744034784870e+25,1.902682853401708248e+25,1.749139157963031644e+25,1.605827633272939212e+25
1.575757575757575843e-02,2.757255454945682553e+25,2.663472706314716014e+25,2.524082793813947936e+25,2.358886545363137746e+25,2.184771442920146501e+25,2.012628440091925910e+25,1.848379353514390621e+25,1.694737116631093187e+25,1.552583362457665390e+25
1.545454545454545518e-02,2.760368686076310203e+25,2.672459271430369017e+25,2.539489782674373571e+25,2.379642572139878918e+25,2.209239207488405120e+25,2.039246662054676548e+25,1.875900647335230225e+25,1.722253153247934035e+25,1.579471865075807130e+25
1.606060606060605994e-02,2.753848384468662395e+25,2.653808282191834875e+25,2.507746255016741447e+25,2.337123501973728703e+25,2.159340316079713996e+25,1.985149498505166840e+25,1.820117003144416736e+25,1.666594764727298372e+25,1.525169337541841910e+25
1.575757575757575843e-02,2.757255454945682982e+25,2.663472706314717303e+25,2.524082793813949224e+25,2.358886545363138176e+25,2.184771442920147789e+25,2.012628440091925051e+25,1.848379353514391050e+25,1.694737116631093616e+25,1.552583362457664531e+25
1.636363636363636492e-02,2.750119048981985924e+25,2.643416594381175902e+25,2.490430964128505755e+25,2.314316797221124518e+25,2.132924003144574375e+25,1.956800275940834513e+25,1.791112701758884686e+25,1.637830785028271139e+25,1.497237817484175027e+25
1.606060606060605994e-02,2.753848384468662395e+25,2.653808282191834016e+25,2.507746255016741017e+25,2.337123501973728274e+25,2.159340316079713137e+25,1.985149498505165551e+25,1.820117003144415448e+25,1.666594764727297084e+25,1.525169337541840621e+25
1.666666666666666644e-02,2.746036220103969372e+25,2.632244924147484695e+25,2.472085893390527699e+25,2.290429572058063103e+25,2.105501431254360967e+25,1.927572331555481917e+25,1.761366697565623100e+25,1.608450877231785473e+25,1.468797667262235171e+25
1.636363636363636492e-02,2.750119048981987642e+25,2.643416594381177191e+25,2.490430964128505755e+25,2.314316797221124947e+25,2.132924003144575663e+25,1.956800275940834943e+25,1.791112701758885115e+25,1.637830785028271568e+25,1.497237817484174812e+25
1.696969696969696795e-02,2.741565586769332708e+25,2.620237062000496922e+25,2.452658222519796409e+25,2.265424887911908010e+25,2.077052417402063811e+25,1.897458449954186002e+25,1.730880449537380665e+25,1.578461793125094248e+25,1.439858610762839471e+25
1.666666666666666644e-02,2.746036220103968513e+25,2.632244924147486413e+25,2.472085893390527269e+25,2.290429572058064821e+25,2.105501431254362255e+25,1.927572331555482132e+25,1.761366697565623744e+25,1.608450877231785473e+25,1.468797667262234526e+25
1.727272727272727293e-02,2.736669446993368756e+25,2.607333128571404387e+25,2.432093388106435367e+25,2.239265876849939173e+25,2.047557815445829143e+25,1.866452748499578442e+25,1.699656694899758781e+25,1.547871374767693995e+25,1.410431250004084479e+25
1.696969696969696795e-02,2.741565586769331420e+25,2.620237062000496063e+25,2.452658222519796839e+25,2.265424887911907580e+25,2.077052417402065099e+25,1.897458449954184714e+25,1.730880449537380665e+25,1.578461793125094462e+25,1.439858610762838182e+25
1.757575757575757444e-02,2.731306368487033807e+25,2.593469394383230430e+25,2.410335151460783661e+25,2.211915908002939141e+25,2.016999671147083391e+25,1.834550786592521707e+25,1.667699515642501089e+25,1.516688590709556405e+25,1.380527082327464813e+25
1.727272727272727293e-02,2.736669446993368327e+25,2.607333128571405675e+25,2.432093388106436226e+25,2.239265876849938743e+25,2.047557815445831720e+25,1.866452748499579087e+25,1.699656694899760070e+25,1.547871374767694210e+25,1.410431250004084479e+25
1.787878787878787942e-02,2.725430814949357694e+25,2.578578100126614754e+25,2.387325687222361615e+25,2.183338771082979348e+25,1.985361385060261110e+25,1.801749676469129141e+25,1.635014403654271953e+25,1.484923569973136123e+25,1.350158515395948774e+25
1.757575757575757444e-02,2.731306368487030371e+25,2.593469394383230001e+25,2.410335151460782372e+25,2.211915908002938282e+25,2.016999671147082962e+25,1.834550786592519989e+25,1.667699515642500230e+25,1.516688590709555761e+25,1.380527082327463739e+25
1.818181818181818094e-02,2.718992734538043730e+25,2.562587279393878179e+25,2.363005695228532882e+25,2.153498877788187820e+25,1.952627883009575036e+25,1.768048195000288398e+25,1.601608324055814722e+25,1.452587633520956961e+25,1.319338879835321875e+25
1.787878787878787942e-02,2.725430814949358124e+25,2.578578100126615183e+25,2.387325687222362904e+25,2.183338771082979348e+25,1.985361385060261110e+25,1.801749676469129571e+25,1.635014403654274101e+25,1.484923569973136123e+25,1.350158515395948774e+25
1.848484848484848592e-02,2.711937106659731599e+25,2.545420586218712139e+25,2.337314538330139861e+25,2.122361481827316370e+25,1.918785793788278526e+25,1.733446895919052293e+25,1.567489776282059839e+25,1.419693322925545731e+25,1.288082439358457484e+25
1.818181818181818094e-02,2.718992734538042012e+25,2.562587279393878608e+25,2.363005695228530735e+25,2.153498877788185672e+25,1.952627883009574177e+25,1.768048195000287109e+25,1.601608324055813648e+25,1.452587633520956316e+25,1.319338879835321016e+25
1.878787878787878743e-02,2.704203442825290391e+25,2.526997130224185844e+25,2.310190409033186643e+25,2.089892918217584414e+25,1.883823633605847963e+25,1.697948221839000704e+25,1.532668852441063938e+25,1.386254425955085014e+25,1.256404398215944979e+25
1.848484848484848592e-02,2.711937106659732029e+25,2.545420586218712998e+25,2.337314538330139861e+25,2.122361481827316800e+25,1.918785793788278311e+25,1.733446895919053367e+25,1.567489776282060054e+25,1.419693322925545517e+25,1.288082439358457484e+25
1.909090909090909241e-02,2.695725236878088851e+25,2.507231322706088070e+25,2.281570528036252623e+25,2.056060862407981439e+25,1.847731996687834449e+25,1.661556615363043268e+25,1.497157292456453280e+25,1.352285998786621080e+25,1.224320905821274967e+25
1.878787878787878743e-02,2.704203442825290391e+25,2.526997130224185415e+25,2.310190409033186214e+25,2.089892918217582267e+25,1.883823633605846889e+25,1.697948221839000274e+25,1.532668852441063723e+25,1.386254425955084370e+25,1.256404398215944550e+25
1.939393939393939392e-02,2.686429359420916652e+25,2.486032737581588848e+25,2.251391377920028573e+25,2.020834609654246944e+25,1.810503751301895146e+25,1.624278628518140698e+25,1.460968535481305808e+25,1.317804384559110787e+25,1.191849058405038200e+25
1.909090909090909241e-02,2.695725236878087992e+25,2.507231322706089788e+25,2.281570528036253911e+25,2.056060862407979722e+25,1.847731996687834878e+25,1.661556615363044342e+25,1.497157292456454354e+25,1.352285998786621080e+25,1.224320905821275611e+25
1.969696969696969543e-02,2.676235390734788110e+25,2.463305991825282745e+25,2.219588975423423026e+25,1.984185374917855831e+25,1.772134240341666461e+25,1.586123029687291089e+25,1.424117767055073778e+25,1.282827227981251748e+25,1.159006897560050504e+25
1.939393939393939392e-02,2.686429359420914504e+25,2.486032737581590566e+25,2.251391377920031579e+25,2.020834609654246944e+25,1.810503751301895146e+25,1.624278628518140913e+25,1.460968535481306023e+25,1.317804384559110143e+25,1.191849058405037985e+25
2.000000000000000042e-02,2.665054885895682343e+25,2.438950650808102364e+25,2.186099185905031137e+25,1.946086613376616704e+25,1.732621485447951678e+25,1.547100907147105650e+25,1.386621961462077449e+25,1.247373485714079791e+25,1.125813405548259626e+25
1.969696969696969543e-02,2.676235390734788969e+25,2.463305991825282316e+25,2.219588975423424314e+25,1.984185374917854972e+25,1.772134240341666032e+25,1.586123029687290230e+25,1.424117767055074422e+25,1.282827227981251104e+25,1.159006897560050289e+25
2.030303030303030193e-02,2.652790565146930499e+25,2.412861164862866292e+25,2.150858083732945852e+25,1.906514361415352497e+25,1.691966393484403005e+25,1.507225768257836647e+25,1.348499918740453586e+25,1.211463432255847677e+25,1.092288497250546079e+25
2.000000000000000042e-02,2.665054885895683631e+25,2.438950650808102794e+25,2.186099185905033284e+25,1.946086613376617133e+25,1.732621485447952752e+25,1.547100907147105864e+25,1.386621961462078093e+25,1.247373485714080220e+25,1.125813405548259411e+25
2.060606060606060691e-02,2.639335421869938430e+25,2.384926844438642766e+25,2.113802362462104413e+25,1.865447597708276189e+25,1.650172964013419687e+25,1.466513633294208722e+25,1.309772295784938733e+25,1.175118661066950913e+25,1.058453008652309241e+25
2.030303030303030193e-02,2.652790565146930499e+25,2.412861164862864144e+25,2.150858083732944993e+25,1.906514361415351209e+25,1.691966393484401931e+25,1.507225768257836647e+25,1.348499918740453371e+25,1.211463432255846603e+25,1.092288497250546723e+25
2.090909090909090842e-02,2.624571739706556368e+25,2.355031882392116561e+25,2.074869798737293590e+25,1.822868623706503570e+25,1.607248496238054336e+25,1.424983122850719500e+25,1.270461630985941893e+25,1.138362080685741003e+25,1.024328681770862244e+25
2.060606060606060691e-02,2.639335421869938860e+25,2.384926844438641478e+25,2.113802362462105272e+25,1.865447597708276404e+25,1.650172964013420331e+25,1.466513633294209366e+25,1.309772295784939163e+25,1.175118661066950484e+25,1.058453008652309671e+25
2.121212121212121340e-02,2.608370009515259853e+25,2.323055433317063450e+25,2.033999773890213079e+25,1.778763462500987659e+25,1.563203793688692066e+25,1.382655537705502693e+25,1.230592361851376363e+25,1.101217905602050658e+25,9.899381459452618609e+24
2.090909090909090842e-02,2.624571739706554650e+25,2.355031882392115702e+25,2.074869798737294020e+25,1.822868623706502711e+25,1.607248496238053263e+25,1.424983122850719071e+25,1.270461630985941678e+25,1.138362080685740574e+25,1.024328681770862459e+25
2.151515151515151492e-02,2.590587735882138841e+25,2.288871761354890347e+25,1.991133857167446571e+25,1.733122274639902882e+25,1.518053364740892417e+25,1.339554929983902785e+25,1.190190835067505957e+25,1.063711641674310085e+25,9.553048954252219822e+24
2.121212121212121340e-02,2.608370009515261571e+25,2.323055433317064309e+25,2.033999773890213509e+25,1.778763462500989163e+25,1.563203793688691636e+25,1.382655537705503123e+25,1.230592361851376148e+25,1.101217905602051517e+25,9.899381459452633641e+24
2.181818181818181990e-02,2.571068121846416673e+25,2.252350469684783434e+25,1.946216454416605589e+25,1.685939789036262619e+25,1.471815616854977799e+25,1.295708164427735499e+25,1.149285308470691041e+25,1.025870065898291020e+25,9.204532632130403959e+24
2.151515151515151492e-02,2.590587735882138411e+25,2.288871761354889918e+25,1.991133857167446141e+25,1.733122274639903526e+25,1.518053364740892202e+25,1.339554929983902570e+25,1.190190835067505098e+25,1.063711641674309870e+25,9.553048954252219822e+24
2.212121212121212141e-02,2.549638619329296540e+25,2.213356826888991124e+25,1.899195525851593453e+25,1.637215746603940562e+25,1.424513042231439380e+25,1.251144968550832906e+25,1.107905944424271943e+25,9.877212003608335405e+24,8.854083911312256646e+24
2.181818181818181990e-02,2.571068121846417103e+25,2.252350469684785152e+25,1.946216454416607737e+25,1.685939789036263048e+25,1.471815616854978658e+25,1.295708164427735929e+25,1.149285308470691471e+25,1.025870065898290590e+25,9.204532632130406106e+24
2.242424242424242292e-02,2.526109331462175831e+25,2.171752207658652087e+25,1.850023376192581754e+25,1.586955353705230466e+25,1.376172392382020431e+25,1.205897970447025272e+25,1.066084794123939826e+25,9.492942802403692896e+24,8.501961961083194009e+24
2.212121212121212141e-02,2.549638619329296969e+25,2.213356826888992842e+25,1.899195525851593668e+25,1.637215746603939059e+25,1.424513042231438736e+25,1.251144968550832906e+25,1.107905944424271728e+25,9.877212003608337553e+24,8.854083911312258793e+24
2.272727272727272790e-02,2.500271251583389582e+25,2.127394667883492629e+25,1.798657520005638067e+25,1.535169741879111164e+25,1.326824838928268497e+25,1.160002723015478895e+25,1.023855772391608720e+25,9.106197157476580494e+24,8.148433326964799149e+24
2.242424242424242292e-02,2.526109331462174113e+25,2.171752207658652087e+25,1.850023376192580680e+25,1.586955353705229392e+25,1.376172392382020001e+25,1.205897970447024413e+25,1.066084794123938537e+25,9.492942802403689675e+24,8.501961961083191861e+24
2.303030303030302942e-02,2.471894322097687017e+25,2.080139677094457628e+25,1.745061624420135941e+25,1.481876429645296985e+25,1.276506117761555632e+25,1.113497713381612803e+25,9.812546225619187681e+24,8.717290479348228486e+24,7.793771518564312256e+24
2.272727272727272790e-02,2.500271251583390012e+25,2.127394667883495636e+25,1.798657520005637208e+25,1.535169741879111593e+25,1.326824838928268497e+25,1.160002723015479109e+25,1.023855772391608076e+25,9.106197157476583715e+24,8.148433326964802371e+24
2.333333333333333440e-02,2.440725294653801464e+25,2.029841034546135734e+25,1.689206530543195522e+25,1.427099781445413719e+25,1.225256653536337082e+25,1.066424356321872125e+25,9.383188711176877304e+24,8.326548983383318046e+24,7.438256560683088192e+24
2.303030303030302942e-02,2.471894322097686587e+25,2.080139677094456340e+25,1.745061624420134437e+25,1.481876429645296126e+25,1.276506117761554988e+25,1.113497713381612589e+25,9.812546225619179091e+24,8.717290479348224191e+24,7.793771518564307961e+24
2.363636363636363591e-02,2.406485371176137685e+25,1.976351998986479850e+25,1.631071353777145774e+25,1.370871457991082765e+25,1.173121661327412666e+25,1.018826970548970166e+25,8.950877717908141319e+24,7.934309124619740182e+24,7.082174508506374663e+24
2.333333333333333440e-02,2.440725294653802323e+25,2.029841034546136163e+25,1.689206530543196167e+25,1.427099781445414148e+25,1.225256653536337726e+25,1.066424356321873199e+25,9.383188711176883747e+24,8.326548983383319120e+24,7.438256560683091413e+24
2.393939393939394089e-02,2.368867603167498530e+25,1.919526666420244611e+25,1.570644661829095485e+25,1.313230851443186885e+25,1.120151222168672772e+25,9.707527367828313228e+24,8.516022389134306736e+24,7.540916971487232109e+24,6.725816927938809074e+24
2.363636363636363591e-02,2.406485371176138114e+25,1.976351998986479850e+25,1.631071353777144056e+25,1.370871457991082336e+25,1.173121661327412452e+25,1.018826970548970166e+25,8.950877717908143466e+24,7.934309124619735887e+24,7.082174508506375736e+24
2.424242424242424240e-02,2.327534024360325678e+25,1.859221634993919548e+25,1.507925727424244644e+25,1.254225497953931215e+25,1.066400329112835730e+25,9.222516366228908048e+24,8.079047698805141080e+24,7.146727519356036521e+24,6.369480342396571925e+24
2.393939393939394089e-02,2.368867603167498959e+25,1.919526666420244826e+25,1.570644661829096129e+25,1.313230851443187530e+25,1.120151222168672987e+25,9.707527367828311080e+24,8.516022389134307810e+24,7.540916971487235330e+24,6.725816927938813368e+24
2.454545454545454392e-02,2.282112489211023884e+25,1.795298001584149995e+25,1.442925850529286042e+25,1.193911459173058923e+25,1.011928900416836994e+25,8.733763713512781312e+24,7.640393566693102522e+24,6.752103945327294393e+24,6.013465647614737286e+24
2.424242424242424240e-02,2.327534024360325248e+25,1.859221634993918904e+25,1.507925727424244858e+25,1.254225497953930785e+25,1.066400329112835515e+25,9.222516366228909122e+24,8.079047698805141080e+24,7.146727519356038668e+24,6.369480342396571925e+24
2.484848484848484890e-02,2.232193186880161514e+25,1.727623740839031681e+25,1.375669742182694080e+25,1.132353663365879552e+25,9.568017564750977197e+24,8.241822599349792267e+24,7.200513864526296143e+24,6.357416806163596267e+24,5.658077496275767134e+24
2.454545454545454392e-02,2.282112489211023454e+25,1.795298001584149780e+25,1.442925850529284754e+25,1.193911459173058064e+25,1.011928900416837209e+25,8.733763713512775944e+24,7.640393566693098227e+24,6.752103945327294393e+24,6.013465647614729770e+24
2.515151515151515041e-02,2.177324797192446197e+25,1.656076524391467482e+25,1.306196958724462997e+25,1.069626195832269450e+25,9.010885572021687647e+24,7.747271156593653069e+24,6.759875314415985557e+24,5.963043181755464497e+24,5.303623654509492847e+24
2.484848484848484890e-02,2.232193186880160655e+25,1.727623740839032754e+25,1.375669742182693007e+25,1.132353663365880840e+25,9.568017564750983639e+24,8.241822599349797636e+24,7.200513864526293996e+24,6.357416806163600562e+24,5.658077496275768208e+24
2.545454545454545539e-02,2.117010251593734131e+25,1.580547045836952139e+25,1.234563371215912102e+25,1.005812527377633605e+25,8.448636967176761959e+24,7.250711010161209891e+24,6.318956281982181576e+24,5.569365767022625637e+24,4.950414332553573790e+24
2.515151515151515041e-02,2.177324797192446197e+25,1.656076524391467053e+25,1.306196958724462997e+25,1.069626195832270095e+25,9.010885572021677984e+24,7.747271156593649848e+24,6.759875314415985557e+24,5.963043181755460202e+24,5.303623654509496068e+24
2.575757575757575690e-02,2.050702058283018641e+25,1.500942925957447989e+25,1.160842650020248182e+25,9.410056687013129651e+24,7.882061524207338147e+24,6.752765606857520290e+24,5.878245467680504440e+24,5.176771915652982020e+24,4.598761492094594180e+24
2.545454545454545539e-02,2.117010251593734990e+25,1.580547045836953213e+25,1.234563371215913176e+25,1.005812527377633819e+25,8.448636967176768401e+24,7.250711010161205596e+24,6.318956281982186944e+24,5.569365767022624564e+24,4.950414332553578085e+24
2.606060606060606188e-02,1.977797146458033936e+25,1.417193282705051217e+25,1.085127738738534636e+25,8.753082377764020408e+24,7.311992858686754531e+24,6.254078326980068621e+24,5.438240500973929801e+24,4.785652639579859059e+24,4.248978133029781200e+24
2.575757575757575690e-02,2.050702058283016923e+25,1.500942925957446916e+25,1.160842650020248611e+25,9.410056687013118914e+24,7.882061524207332779e+24,6.752765606857514921e+24,5.878245467680504440e+24,5.176771915652980946e+24,4.598761492094588811e+24
2.636363636363636340e-02,1.897631179931630196e+25,1.329254061776425579e+25,1.007532284803925224e+25,8.088324266497156963e+24,6.739305933072882853e+24,5.755310381216205879e+24,4.999446443161228608e+24,4.396401568584142672e+24,3.901377562596309331e+24
2.606060606060606188e-02,1.977797146458033506e+25,1.417193282705051861e+25,1.085127738738535065e+25,8.753082377764023629e+24,7.311992858686754531e+24,6.254078326980072916e+24,5.438240500973931948e+24,4.785652639579860669e+24,4.248978133029781200e+24
2.666666666666666491e-02,1.809472285206067693e+25,1.237114236370372320e+25,9.281919858455674825e+24,7.416998536567300848e+24,6.164914042463396636e+24,5.257138499257374599e+24,4.562374205852649284e+24,4.009413874874771262e+24,3.556272650005450301e+24
2.636363636363636340e-02,1.897631179931629981e+25,1.329254061776425579e+25,1.007532284803925009e+25,8.088324266497154816e+24,6.739305933072885000e+24,5.755310381216210174e+24,4.999446443161232903e+24,4.396401568584141061e+24,3.901377562596309331e+24
2.696969696969696989e-02,1.712514133383058041e+25,1.140802999105820089e+25,8.472658012311181263e+24,6.740412869046856898e+24,5.589765271446145112e+24,4.760252419663464967e+24,4.127538893256458303e+24,3.625085167942067366e+24,3.213975069891025099e+24
2.666666666666666491e-02,1.809472285206066834e+25,1.237114236370371890e+25,9.281919858455661941e+24,7.416998536567298701e+24,6.164914042463393415e+24,5.257138499257376747e+24,4.562374205852649821e+24,4.009413874874770726e+24,3.556272650005448690e+24
2.727272727272727140e-02,1.605868308981842801e+25,1.040398085285830654e+25,7.649369667398540166e+24,6.059962251266803750e+24,5.014838420696454301e+24,4.265352193780143853e+24,3.695458077586048556e+24,3.243810365386068599e+24,2.874794538032141831e+24
2.696969696969696989e-02,1.712514133383058900e+25,1.140802999105821592e+25,8.472658012311181263e+24,6.740412869046859045e+24,5.589765271446148333e+24,4.760252419663468188e+24,4.127538893256460450e+24,3.625085167942067902e+24,3.213975069891026710e+24
2.757575757575757638e-02,1.488555891773605639e+25,9.360353849500194019e+24,6.814137368276796271e+24,5.377123227720293804e+24,4.441138411332779767e+24,3.773145319890475584e+24,3.266650017995528149e+24,2.865982545789443967e+24,2.539038042937031433e+24
2.727272727272727140e-02,1.605868308981841727e+25,1.040398085285831084e+25,7.649369667398534798e+24,6.059962251266801602e+24,5.014838420696453228e+24,4.265352193780144390e+24,3.695458077586044798e+24,3.243810365386069136e+24,2.874794538032139684e+24
2.787878787878787790e-02,1.359498170049144631e+25,8.279200217147466179e+24,5.969297631001241633e+24,4.693446476208691716e+24,3.869691185752411187e+24,3.284343727205615332e+24,2.841631834479403112e+24,2.491991790024712310e+24,2.207009076976346145e+24
2.757575757575757638e-02,1.488555891773606069e+25,9.360353849500196166e+24,6.814137368276796271e+24,5.377123227720295951e+24,4.441138411332784062e+24,3.773145319890477732e+24,3.266650017995528685e+24,2.865982545789444503e+24,2.539038042937033044e+24
2.818181818181818288e-02,1.217506395241377421e+25,7.163390995397623362e+24,5.117439990418446177e+24,4.010547614722065791e+24,3.301538135673341586e+24,2.799660632690303531e+24,2.420917649103738141e+24,2.122224017651182491e+24,1.879006870827109244e+24
2.787878787878787790e-02,1.359498170049144416e+25,8.279200217147462958e+24,5.969297631001241633e+24,4.693446476208691716e+24,3.869691185752410113e+24,3.284343727205614795e+24,2.841631834479402039e+24,2.491991790024710699e+24,2.207009076976343998e+24
2.848484848484848439e-02,1.061270478441112737e+25,6.016763445979728142e+24,4.261399993398222255e+24,3.330096177696336337e+24,2.737730101277820998e+24,2.319807296988420736e+24,2.005016707749885694e+24,1.757059825262944477e+24,1.555325635032922532e+24
2.818181818181818288e-02,1.217506395241377851e+25,7.163390995397626584e+24,5.117439990418450472e+24,4.010547614722069012e+24,3.301538135673343197e+24,2.799660632690305679e+24,2.420917649103738678e+24,2.122224017651183028e+24,1.879006870827108170e+24
2.878787878787878937e-02,8.893465189799346844e+24,4.844288987157135316e+24,3.404244567995149988e+24,2.653802746554828945e+24,2.179320999454070461e+24,1.845489708758022366e+24,1.594431496221144339e+24,1.396873333788524946e+24,1.236253812498611076e+24
2.848484848484848439e-02,1.061270478441113381e+25,6.016763445979724921e+24,4.261399993398220108e+24,3.330096177696336337e+24,2.737730101277822072e+24,2.319807296988418857e+24,2.005016707749885157e+24,1.757059825262943940e+24,1.555325635032920921e+24
2.909090909090909088e-02,7.001430438055571052e+24,3.652265537913523750e+24,2.549247903365711486e+24,1.983404281912951384e+24,1.627361153807500400e+24,1.377405229432398762e+24,1.189655865066671034e+24,1.042031051812365685e+24,9.220733457191384646e+23
2.878787878787878937e-02,8.893465189799347918e+24,4.844288987157134242e+24,3.404244567995152672e+24,2.653802746554831629e+24,2.179320999454070461e+24,1.845489708758022903e+24,1.594431496221144339e+24,1.396873333788526288e+24,1.236253812498611344e+24
2.939393939393939240e-02,4.919058237283575538e+24,2.448537536342113030e+24,1.699855631994094539e+24,1.320647787180581817e+24,1.082890413834609485e+24,9.162392326702887233e+23,7.911731777932318023e+23,6.928907619827044183e+23,6.130589624912063549e+23
2.909090909090909088e-02,7.001430438055564609e+24,3.652265537913523750e+24,2.549247903365713097e+24,1.983404281912951921e+24,1.627361153807498789e+24,1.377405229432398494e+24,1.189655865066670900e+24,1.042031051812365954e+24,9.220733457191390014e+23
2.969696969696969738e-02,2.627011186477125545e+24,1.242747312916129292e+24,8.596347071844013216e+23,6.672725399191854955e+23,5.469311646893242476e+23,4.626617744214338327e+23,3.994544972475090317e+23,3.498004374889248588e+23,3.094774837726183959e+23
2.939393939393939240e-02,4.919058237283573390e+24,2.448537536342113567e+24,1.699855631994093465e+24,1.320647787180581280e+24,1.082890413834608545e+24,9.162392326702877838e+23,7.911731777932315339e+23,6.928907619827044183e+23,6.130589624912060864e+23
2.999999999999999889e-02,1.039718843376377287e+23,4.662196706036605675e+22,3.220590661157610796e+22,2.499126339335563615e+22,2.048134132607087123e+22,1.732433048921406282e+22,1.495682484508051479e+22,1.309719543147181113e+22,1.158715723851469580e+22
2.969696969696969738e-02,2.627011186477125008e+24,1.242747312916129829e+24,8.596347071844005163e+23,6.672725399191853612e+23,5.469311646893242476e+23,4.626617744214334972e+23,3.994544972475092330e+23,3.498004374889248588e+23,3.094774837726180603e+23
