x,t=1.00e+03s,t=2.00e+03s,t=3.00e+03s,t=4.00e+03s,t=5.00e+03s,t=6.00e+03s,t=7.00e+03s,t=8.00e+03s,t=9.00e+03s
3.030303030303030300e-04,2.951491966748873313e+24,4.506944991819902254e+23,6.205376931467874429e+22,8.266807681927048331e+21,1.090323692890474283e+21,1.433842806901215396e+20,1.884019190975589171e+19,2.474954822149472768e+18,3.251028756361978240e+17
0.000000000000000000e+00,2.951576878775699948e+24,4.507137772965050597e+23,6.205676529446525967e+22,8.267222320158226776e+21,1.090379015754157916e+21,1.433915805632406323e+20,1.884115200936651162e+19,2.475080980351581696e+18,3.251194486597160320e+17
6.060606060606060601e-04,2.950594114243055720e+24,4.504906705423587030e+23,6.202209382518076788e+22,8.262423914644352532e+21,1.089738794195888505e+21,1.433071032013089669e+20,1.883004131642043597e+19,2.473621022587550720e+18,3.249276584062826880e+17
3.030303030303030300e-04,2.951491966748871702e+24,4.506944991819900241e+23,6.205376931467875267e+22,8.266807681927051477e+21,1.090323692890473890e+21,1.433842806901215396e+20,1.884019190975587942e+19,2.474954822149471232e+18,3.251028756361977600e+17
9.090909090909090901e-04,2.949181905353727524e+24,4.501701627661858720e+23,6.197229247281136193e+22,8.255531940330274292e+21,1.088819256703708037e+21,1.431857707024269476e+20,1.881408336077905920e+19,2.471524129912891904e+18,3.246521959675752320e+17
6.060606060606060601e-04,2.950594114243054646e+24,4.504906705423586359e+23,6.202209382518076788e+22,8.262423914644359873e+21,1.089738794195888767e+21,1.433071032013089669e+20,1.883004131642042778e+19,2.473621022587550208e+18,3.249276584062827520e+17
1.212121212121212120e-03,2.947218738033812746e+24,4.497247949099110163e+23,6.190310309961990878e+22,8.245957575669324972e+21,1.087541862681028854e+21,1.430172205302602957e+20,1.879191526866681856e+19,2.468611220477282304e+18,3.242695359492668160e+17
9.090909090909090901e-04,2.949181905353726988e+24,4.501701627661856706e+23,6.197229247281139548e+22,8.255531940330275340e+21,1.088819256703708299e+21,1.431857707024269476e+20,1.881408336077905920e+19,2.471524129912892928e+18,3.246521959675754240e+17
1.515151515151515150e-03,2.944699304391926876e+24,4.491535405141493253e+23,6.181437893947769540e+22,8.233681194761908650e+21,1.085904024700361638e+21,1.428011125493500641e+20,1.876349235391388467e+19,2.464876424319480320e+18,3.237789073006782080e+17
1.212121212121212120e-03,2.947218738033812746e+24,4.497247949099107478e+23,6.190310309961990878e+22,8.245957575669328118e+21,1.087541862681029771e+21,1.430172205302604268e+20,1.879191526866681037e+19,2.468611220477281792e+18,3.242695359492669440e+17
1.818181818181818180e-03,2.941621840720834880e+24,4.484562288918201138e+23,6.170610983659117950e+22,8.218702271752130527e+21,1.083905712492694864e+21,1.425374444000024658e+20,1.872881436938292429e+19,2.460319711337055744e+18,3.231803061549629440e+17
1.515151515151515150e-03,2.944699304391926876e+24,4.491535405141490569e+23,6.181437893947772895e+22,8.233681194761913893e+21,1.085904024700362031e+21,1.428011125493500314e+20,1.876349235391388877e+19,2.464876424319480832e+18,3.237789073006783360e+17
2.121212121212120993e-03,2.937985442808636442e+24,4.476329356798362596e+23,6.157832751244549240e+22,8.201026268023344857e+21,1.081547703268462035e+21,1.422263206223729623e+20,1.868789514131747226e+19,2.454942901196510720e+18,3.224739716626996480e+17
1.818181818181818180e-03,2.941621840720838638e+24,4.484562288918200467e+23,6.170610983659120466e+22,8.218702271752133673e+21,1.083905712492695650e+21,1.425374444000024822e+20,1.872881436938294067e+19,2.460319711337056256e+18,3.231803061549632640e+17
2.424242424242424240e-03,2.933789476653893614e+24,4.466838491035906374e+23,6.143108475546603042e+22,8.180661749601618887e+21,1.078831196967416234e+21,1.418679018820732355e+20,1.864075589108833075e+19,2.448748785792792064e+18,3.216602707116568960e+17
2.121212121212120993e-03,2.937985442808636979e+24,4.476329356798360583e+23,6.157832751244546723e+22,8.201026268023346954e+21,1.081547703268462297e+21,1.422263206223729951e+20,1.868789514131747226e+19,2.454942901196509184e+18,3.224739716626997120e+17
2.727272727272727487e-03,2.929033394769435573e+24,4.456092283381847551e+23,6.126444891865563634e+22,8.157619484325895471e+21,1.075757695633302618e+21,1.414623890460340388e+20,1.858742314049727283e+19,2.441740853991870464e+18,3.207396617666084480e+17
2.424242424242424240e-03,2.933789476653893077e+24,4.466838491035901677e+23,6.143108475546597170e+22,8.180661749601622032e+21,1.078831196967415579e+21,1.418679018820731044e+20,1.864075589108831437e+19,2.448748785792790016e+18,3.216602707116569600e+17
3.030303030303030300e-03,2.923716665638609557e+24,4.444093875728385059e+23,6.107849940708541386e+22,8.131912090778886734e+21,1.072328956382837998e+21,1.410100169680764764e+20,1.852792789408425165e+19,2.433923184171283456e+18,3.197126807521970560e+17
2.727272727272727487e-03,2.929033394769434499e+24,4.456092283381845538e+23,6.126444891865564473e+22,8.157619484325897568e+21,1.075757695633302356e+21,1.414623890460340224e+20,1.858742314049727283e+19,2.441740853991868416e+18,3.207396617666085120e+17
3.333333333333333114e-03,2.917838742499767263e+24,4.430846890166669237e+23,6.087332655023136755e+22,8.103553878449991975e+21,1.068546969865851896e+21,1.405110516369746002e+20,1.846230526363515290e+19,2.425300394864764416e+18,3.185799345686923520e+17
3.030303030303030300e-03,2.923716665638607947e+24,4.444093875728387743e+23,6.107849940708548097e+22,8.131912090778895122e+21,1.072328956382838522e+21,1.410100169680765583e+20,1.852792789408425165e+19,2.433923184171285504e+18,3.197126807521971840e+17
3.636363636363636360e-03,2.911399048017698898e+24,4.416355395232492117e+23,6.064903103192043094e+22,8.072560764644329783e+21,1.064413948941710918e+21,1.399657886715090862e+20,1.839059426980702413e+19,2.415877618678578688e+18,3.173420976648279680e+17
3.333333333333333114e-03,2.917838742499766726e+24,4.430846890166669908e+23,6.087332655023135916e+22,8.103553878449990926e+21,1.068546969865851634e+21,1.405110516369746493e+20,1.846230526363515290e+19,2.425300394864764416e+18,3.185799345686923520e+17
3.939393939393939607e-03,2.904396966122642343e+24,4.400623888540639429e+23,6.040572357015550244e+22,8.038950225551795683e+21,1.059932321890449883e+21,1.393745524128455885e+20,1.831283772227392922e+19,2.405660486524059648e+18,3.159999099657864960e+17
3.636363636363636360e-03,2.911399048017697825e+24,4.416355395232489433e+23,6.064903103192040577e+22,8.072560764644323492e+21,1.064413948941710262e+21,1.399657886715089715e+20,1.839059426980700774e+19,2.415877618678578688e+18,3.173420976648280320e+17
4.242424242424241987e-03,2.896831837370208253e+24,4.383657287527344950e+23,6.014352471809686975e+22,8.002741263665883775e+21,1.055104727782784369e+21,1.387376953007826043e+20,1.822908213716776550e+19,2.394655116749198848e+18,3.145541754446935680e+17
3.939393939393939607e-03,2.904396966122642880e+24,4.400623888540638758e+23,6.040572357015548566e+22,8.038950225551789392e+21,1.059932321890449752e+21,1.393745524128455393e+20,1.831283772227390259e+19,2.405660486524057600e+18,3.159999099657863680e+17
4.545454545454545234e-03,2.888702956151768198e+24,4.365460924507601209e+23,5.986256472722563400e+22,7.963954383395798122e+21,1.049934012921273254e+21,1.380555973903729951e+20,1.813937767294318797e+19,2.382868106689703424e+18,3.130057610119082240e+17
4.242424242424241987e-03,2.896831837370210937e+24,4.383657287527342266e+23,6.014352471809687814e+22,8.002741263665886921e+21,1.055104727782785155e+21,1.387376953007826371e+20,1.822908213716776960e+19,2.394655116749199360e+18,3.145541754446938240e+17
4.848484848484848481e-03,2.880009568932178042e+24,4.346040544178409088e+23,5.956298344361628166e+22,7.922611570853861655e+21,1.044423227817230205e+21,1.373286659383050732e+20,1.804377807538078310e+19,2.370306525419452416e+18,3.113555955618138880e+17
4.545454545454545234e-03,2.888702956151768198e+24,4.365460924507596511e+23,5.986256472722558367e+22,7.963954383395790782e+21,1.049934012921272599e+21,1.380555973903729132e+20,1.813937767294318387e+19,2.382868106689699840e+18,3.130057610119081600e+17
5.151515151515151728e-03,2.870750873084344473e+24,4.325402302590404956e+23,5.924493022209970799e+22,7.878736275719202013e+21,1.038575624423895990e+21,1.365573350222100070e+20,1.794234062688531046e+19,2.356977907063986688e+18,3.096046690935288320e+17
4.848484848484848481e-03,2.880009568932176968e+24,4.346040544178403719e+23,5.956298344361625649e+22,7.922611570853860606e+21,1.044423227817230336e+21,1.373286659383049912e+20,1.804377807538077696e+19,2.370306525419450368e+18,3.113555955618138240e+17
5.454545454545454974e-03,2.860926016083579869e+24,4.303552767049815955e+23,5.890856384992825993e+22,7.832353394023224836e+21,1.032394653472658031e+21,1.357420651727158968e+20,1.783512609742745395e+19,2.342890244328741376e+18,3.077540318597761920e+17
5.151515151515151728e-03,2.870750873084344473e+24,4.325402302590402272e+23,5.924493022209969960e+22,7.878736275719200965e+21,1.038575624423895990e+21,1.365573350222099415e+20,1.794234062688530022e+19,2.356977907063986176e+18,3.096046690935284480e+17
5.757575757575757354e-03,2.850534094925697041e+24,4.280498916642182272e+23,5.855405247511532247e+22,7.783489251197256204e+21,1.025883961824991379e+21,1.348833430067690209e+20,1.772219869562108518e+19,2.328051982043876352e+18,3.058047935178970240e+17
5.454545454545454974e-03,2.860926016083579869e+24,4.303552767049813270e+23,5.890856384992820960e+22,7.832353394023217496e+21,1.032394653472657375e+21,1.357420651727157821e+20,1.783512609742743552e+19,2.342890244328739840e+18,3.077540318597761280e+17
6.060606060606060601e-03,2.839574155687808029e+24,4.256248143193969451e+23,5.818157353656416154e+22,7.732171584990576902e+21,1.019047389788735668e+21,1.339816808554908058e+20,1.760362601905235558e+19,2.312472010609724928e+18,3.037581222677625600e+17
5.757575757575757354e-03,2.850534094925697577e+24,4.280498916642181601e+23,5.855405247511528892e+22,7.783489251197257253e+21,1.025883961824991379e+21,1.348833430067690537e+20,1.772219869562108109e+19,2.328051982043877376e+18,3.058047935178971520e+17
6.363636363636363848e-03,2.828045193181897406e+24,4.230808252559107052e+23,5.779131369419430901e+22,7.678429528020270186e+21,1.011888968367681962e+21,1.330376163825221632e+20,1.747947900333071974e+19,2.296159659273315328e+18,3.016152439674595200e+17
6.060606060606060601e-03,2.839574155687807492e+24,4.256248143193968109e+23,5.818157353656409444e+22,7.732171584990571659e+21,1.019047389788735013e+21,1.339816808554908058e+20,1.760362601905233510e+19,2.312472010609724928e+18,3.037581222677622400e+17
6.666666666666666227e-03,2.815946150669552699e+24,4.204187466158945820e+23,5.738346875792337247e+22,7.622293589803709497e+21,1.004412916425510093e+21,1.320517121904039690e+20,1.734983186954185933e+19,2.279124689193941760e+18,2.993774412212368000e+17
6.363636363636363848e-03,2.828045193181897406e+24,4.230808252559104368e+23,5.779131369419425867e+22,7.678429528020263895e+21,1.011888968367681569e+21,1.330376163825221796e+20,1.747947900333071155e+19,2.296159659273314304e+18,3.016152439674593280e+17
6.969696969696969474e-03,2.803275919617379959e+24,4.176394422729598021e+23,5.695824361474775161e+22,7.563795638179316367e+21,9.966236377523921879e+20,1.310245554135073587e+20,1.721476206990875648e+19,2.261377286272535808e+18,2.970460524363800960e+17
6.666666666666666227e-03,2.815946150669553236e+24,4.204187466158947833e+23,5.738346875792334730e+22,7.622293589803712643e+21,1.004412916425509962e+21,1.320517121904040673e+20,1.734983186954186138e+19,2.279124689193943808e+18,2.993774412212366720e+17
7.272727272727272721e-03,2.790033339479413737e+24,4.147438180245863347e+23,5.651585215341087477e+22,7.502968880054878077e+21,9.885257180271833252e+20,1.299567572966280561e+20,1.707435023154742477e+19,2.242928053729900800e+18,2.946224708470833920e+17
6.969696969696969474e-03,2.803275919617378885e+24,4.176394422729595337e+23,5.695824361474769289e+22,7.563795638179316367e+21,9.966236377523908772e+20,1.310245554135073096e+20,1.721476206990875648e+19,2.261377286272536320e+18,2.970460524363798400e+17
7.575757575757575968e-03,2.776217197497331317e+24,4.117328218001431226e+23,5.605651718629837976e+22,7.439847841444680172e+21,9.801239216710453821e+20,1.288489527587580805e+20,1.692868009825530470e+19,2.223788004425815552e+18,2.921081435042483200e+17
7.272727272727272721e-03,2.790033339479412127e+24,4.147438180245862005e+23,5.651585215341080766e+22,7.502968880054877028e+21,9.885257180271829320e+20,1.299567572966280561e+20,1.707435023154742477e+19,2.242928053729900032e+18,2.946224708470828800e+17
7.878787878787879215e-03,2.761826228512084034e+24,4.086074438831137169e+23,5.558047036829978958e+22,7.374468346771035652e+21,9.714231885902952530e+20,1.277017999417973801e+20,1.677783847030407578e+19,2.203968552915414784e+18,2.895045702307538560e+17
7.575757575757575968e-03,2.776217197497330780e+24,4.117328218001427871e+23,5.605651718629835460e+22,7.439847841444675977e+21,9.801239216710452511e+20,1.288489527587580150e+20,1.692868009825529856e+19,2.223788004425815552e+18,2.921081435042479360e+17
8.181818181818182462e-03,2.746859114782393033e+24,4.053687171465589335e+23,5.508795211244144637e+22,7.306867497415238222e+21,9.624286308076025283e+20,1.265159797441513554e+20,1.662191514223169536e+19,2.183481507242225408e+18,2.868133025421201600e+17
7.878787878787879215e-03,2.761826228512082960e+24,4.086074438831133143e+23,5.558047036829972247e+22,7.374468346771033555e+21,9.714231885902948598e+20,1.277017999417973801e+20,1.677783847030407373e+19,2.203968552915414528e+18,2.895045702307538560e+17
8.484848484848483974e-03,2.731314485807024597e+24,4.020177173011463825e+23,5.457921150214006112e+22,7.237083649509756502e+21,9.531455289815770071e+20,1.252921953392773693e+20,1.646100283864532787e+19,2.162339060469513984e+18,2.840359425327766400e+17
8.181818181818182462e-03,2.746859114782393033e+24,4.053687171465585980e+23,5.508795211244142120e+22,7.306867497415235076e+21,9.624286308076013486e+20,1.265159797441514045e+20,1.662191514223169946e+19,2.183481507242225408e+18,2.868133025421200320e+17
8.787878787878787221e-03,2.715190918148430196e+24,3.985555631552626132e+23,5.405450619995528626e+22,7.165156390968157536e+21,9.435793288154498990e+20,1.240311716793371525e+20,1.629519714805776794e+19,2.140553781953029120e+18,2.811741417283588480e+17
8.484848484848483974e-03,2.731314485807024597e+24,4.020177173011462483e+23,5.457921150214006112e+22,7.237083649509752308e+21,9.531455289815762207e+20,1.252921953392773857e+20,1.646100283864531763e+19,2.162339060469513472e+18,2.840359425327766400e+17
9.090909090909090468e-03,2.698486935256099319e+24,3.949834168868797793e+23,5.351410235273710771e+22,7.091126517752399921e+21,9.337356373560009687e+20,1.227336549841680302e+20,1.612459645478866944e+19,2.118138608359332608e+18,2.782295999045770560e+17
8.787878787878787221e-03,2.715190918148429122e+24,3.985555631552626132e+23,5.405450619995521915e+22,7.165156390968149148e+21,9.435793288154493747e+20,1.240311716793370214e+20,1.629519714805776794e+19,2.140553781953028352e+18,2.811741417283589120e+17
9.393939393939393714e-03,2.681201007288348928e+24,3.913024843269411376e+23,5.295827449308439695e+22,7.015036009379907240e+21,9.236202191843057992e+20,1.214004122158467973e+20,1.594930186896869171e+19,2.095106834434854912e+18,2.752040638733411520e+17
9.090909090909090468e-03,2.698486935256098245e+24,3.949834168868795780e+23,5.351410235273704060e+22,7.091126517752395727e+21,9.337356373560004444e+20,1.227336549841679155e+20,1.612459645478867149e+19,2.118138608359330816e+18,2.782295999045769280e+17
9.696969696969696961e-03,2.663331550931577280e+24,3.875140152541121043e+23,5.238730543703155907e+22,6.936928003674594083e+21,9.132389925001043640e+20,1.200322305391454126e+20,1.576941715468911411e+19,2.071472103531369216e+18,2.720993262368903680e+17
9.393939393939393714e-03,2.681201007288348391e+24,3.913024843269408691e+23,5.295827449308436339e+22,7.015036009379901997e+21,9.236202191843050127e+20,1.214004122158467482e+20,1.594930186896869990e+19,2.095106834434854656e+18,2.752040638733409280e+17
1.000000000000000021e-02,2.644876929216331949e+24,3.836193037007873471e+23,5.180148617789446501e+22,6.856846770767459779e+21,9.025980251018652549e+20,1.186299167682195784e+20,1.558504865634437325e+19,2.047248397894227456e+18,2.689172241107672640e+17
9.696969696969696961e-03,2.663331550931578891e+24,3.875140152541121043e+23,5.238730543703155068e+22,6.936928003674590937e+21,9.132389925001042330e+20,1.200322305391454618e+20,1.576941715468911411e+19,2.071472103531369472e+18,2.720993262368901760e+17
1.030303030303030346e-02,2.625835451329492518e+24,3.796196882702861316e+23,5.120111577620465844e+22,6.774837686353636884e+21,8.917035302647647437e+20,1.171942967998879662e+20,1.539630522321709670e+19,2.022450028719944704e+18,2.656596378165071360e+17
1.000000000000000021e-02,2.644876929216329265e+24,3.836193037007871457e+23,5.180148617789443146e+22,6.856846770767456633e+21,9.025980251018645996e+20,1.186299167682195948e+20,1.558504865634436915e+19,2.047248397894225920e+18,2.689172241107670080e+17
1.060606060606060670e-02,2.606205372422299501e+24,3.755165524652103565e+23,5.058650124566835233e+22,6.690947204213842641e+21,8.805618625189820498e+20,1.157262150338840822e+20,1.520329813235904102e+19,1.997091625990315008e+18,2.623284895449843520e+17
1.030303030303030346e-02,2.625835451329490371e+24,3.796196882702861316e+23,5.120111577620465005e+22,6.774837686353632690e+21,8.917035302647636951e+20,1.171942967998878843e+20,1.539630522321708851e+19,2.022450028719943168e+18,2.656596378165071360e+17
1.090909090909090995e-02,2.585984893413749527e+24,3.713113250269384315e+23,4.995795743508534605e+22,6.605222828008798159e+21,8.691795133308486287e+20,1.142265337804853740e+20,1.500614100982321562e+19,1.971188128090374400e+18,2.589257419913864000e+17
1.060606060606060670e-02,2.606205372422297890e+24,3.755165524652100881e+23,5.058650124566832716e+22,6.690947204213840544e+21,8.805618625189812634e+20,1.157262150338840003e+20,1.520329813235903898e+19,1.997091625990312960e+18,2.623284895449842880e+17
1.121212121212121146e-02,2.565172160789154936e+24,3.670054802862776810e+23,4.931580690616410964e+22,6.517713082356141654e+21,8.575631066894948106e+20,1.126961326559293932e+20,1.480494975030453043e+19,1.944754771217878016e+18,2.554533969628232960e+17
1.090909090909090995e-02,2.585984893413748990e+24,3.713113250269385657e+23,4.995795743508527894e+22,6.605222828008793965e+21,8.691795133308481044e+20,1.142265337804852920e+20,1.500614100982319923e+19,1.971188128090372864e+18,2.589257419913862400e+17
1.151515151515151471e-02,2.543765266393619736e+24,3.626005385252780271e+23,4.866037980717048136e+22,6.428467483200018448e+21,8.457193946017599324e+20,1.111359079660519424e+20,1.459984243524824064e+19,1.917807078592143104e+18,2.519134939596094400e+17
1.121212121212121146e-02,2.565172160789153862e+24,3.670054802862776810e+23,4.931580690616406770e+22,6.517713082356138508e+21,8.575631066894941553e+20,1.126961326559293932e+20,1.480494975030452429e+19,1.944754771217876992e+18,2.554533969628233280e+17
1.181818181818181795e-02,2.521762247220263895e+24,3.580980663502507711e+23,4.799201374234635089e+22,6.337536507484033778e+21,8.336552524982141583e+20,1.095467720785883464e+20,1.439093924948701798e+19,1.890360849470413824e+18,2.483081087312914880e+17
1.151515151515151471e-02,2.543765266393618125e+24,3.626005385252779600e+23,4.866037980717046458e+22,6.428467483200015303e+21,8.457193946017594081e+20,1.111359079660518605e+20,1.459984243524822630e+19,1.917807078592141824e+18,2.519134939596092480e+17
1.212121212121212120e-02,2.499161085193031137e+24,3.534996770760282446e+23,4.731105363703285521e+22,6.244971562138797605e+21,8.213776745532555264e+20,1.079296527845927322e+20,1.417836239646907597e+19,1.862432147979976960e+18,2.446393518085069440e+17
1.181818181818181795e-02,2.521762247220262284e+24,3.580980663502508382e+23,4.799201374234633411e+22,6.337536507484028535e+21,8.336552524982136340e+20,1.095467720785882481e+20,1.439093924948700365e+19,1.890360849470412544e+18,2.483081087312914240e+17
1.242424242424242445e-02,2.475959706943947645e+24,3.488070311215068097e+23,4.661785159843400647e+22,6.150824952396180881e+21,8.088937689223048724e+20,1.062854926494399693e+20,1.396223601214110720e+19,1.834037291774541824e+18,2.409093670117965440e+17
1.212121212121212120e-02,2.499161085193028989e+24,3.534996770760279091e+23,4.731105363703283843e+22,6.244971562138796556e+21,8.213776745532553953e+20,1.079296527845926175e+20,1.417836239646907187e+19,1.862432147979974912e+18,2.446393518085069440e+17
1.272727272727272770e-02,2.452155983584752747e+24,3.440218364165405173e+23,4.591276677195457416e+22,6.055149849442588295e+21,7.962107528992401654e+20,1.046152483538892882e+20,1.374268607755103846e+19,1.805192840523501312e+18,2.371203299385031680e+17
1.242424242424242445e-02,2.475959706943943350e+24,3.488070311215066755e+23,4.661785159843399808e+22,6.150824952396179833e+21,8.088937689223047414e+20,1.062854926494398546e+20,1.396223601214109082e+19,1.834037291774540544e+18,2.409093670117964800e+17
1.303030303030303094e-02,2.427747730472788830e+24,3.391458488202319322e+23,4.519616519304249554e+22,5.958000257424111436e+21,7.833359479972360356e+20,1.029198900256883507e+20,1.351984033023652454e+19,1.775915584242824448e+18,2.332744464289157760e+17
1.272727272727272770e-02,2.452155983584749525e+24,3.440218364165403831e+23,4.591276677195454900e+22,6.055149849442586198e+21,7.962107528992401654e+20,1.046152483538892718e+20,1.374268607755102618e+19,1.805192840523500544e+18,2.371203299385028800e+17
1.333333333333333245e-02,2.402732706971060588e+24,3.341808725506932710e+23,4.446841963446900726e+22,5.859430979817293480e+21,7.702767749563155743e+20,1.012004005622178120e+20,1.329382817446662963e+19,1.746222531476546560e+18,2.293739510128283840e+17
1.303030303030303094e-02,2.427747730472787220e+24,3.391458488202318651e+23,4.519616519304251231e+22,5.958000257424106193e+21,7.833359479972360356e+20,1.029198900256883507e+20,1.351984033023651635e+19,1.775915584242823168e+18,2.332744464289153920e+17
1.363636363636363570e-02,2.377108616202401819e+24,3.291287606263436217e+23,4.372990944897325754e+22,5.759497585179253277e+21,7.570407486809112576e+20,9.945777494466995814e+19,1.306478059040472064e+19,1.716130897337825024e+18,2.254211053377086080e+17
1.333333333333333245e-02,2.402732706971060588e+24,3.341808725506936065e+23,4.446841963446900726e+22,5.859430979817295577e+21,7.702767749563151811e+20,1.012004005622178284e+20,1.329382817446662554e+19,1.746222531476546048e+18,2.293739510128282880e+17
1.393939393939393895e-02,2.350873104797680294e+24,3.239914153188181441e+23,4.298102040720104332e+22,5.658256372291899228e+21,7.436354731109055201e+20,9.769301954428002304e+19,1.283283004226159411e+19,1.685658091418773504e+18,2.214181965796775360e+17
1.363636363636363570e-02,2.377108616202400477e+24,3.291287606263436888e+23,4.372990944897322399e+22,5.759497585179250131e+21,7.570407486809107333e+20,9.945777494466989261e+19,1.306478059040470835e+19,1.716130897337824000e+18,2.254211053377085120e+17
1.424242424242424220e-02,2.324023762637990727e+24,3.187707886175580376e+23,4.222214453086204094e+22,5.555764334715273740e+21,7.300686360295714324e+20,9.590715142111838208e+19,1.259811038550917120e+19,1.654821705578313728e+18,2.173675358385207040e+17
1.393939393939393895e-02,2.350873104797679489e+24,3.239914153188179428e+23,4.298102040720100976e+22,5.658256372291896082e+21,7.436354731109047337e+20,9.769301954427999027e+19,1.283283004226159002e+19,1.685658091418772480e+18,2.214181965796773120e+17
1.454545454545454544e-02,2.296558122590755076e+24,3.134688827061738867e+23,4.145367992103015861e+22,5.452079124765489496e+21,7.163480038119989576e+20,9.410119761596963226e+19,1.236075677322461184e+19,1.623639501617368832e+18,2.132714565179642240e+17
1.424242424242424220e-02,2.324023762637989654e+24,3.187707886175578363e+23,4.222214453086203255e+22,5.555764334715273740e+21,7.300686360295710392e+20,9.590715142111833293e+19,1.259811038550916096e+19,1.654821705578311680e+18,2.173675358385206720e+17
1.484848484848484869e-02,2.268473660239718080e+24,3.080877504506537213e+23,4.067603058150908048e+22,5.347259016933568152e+21,7.024814161175902945e+20,9.227619443582858035e+19,1.212090556163719987e+19,1.592129398850900992e+18,2.091323126924517760e+17
1.454545454545454544e-02,2.296558122590753733e+24,3.134688827061737525e+23,4.145367992103015861e+22,5.452079124765487399e+21,7.163480038119989576e+20,9.410119761596956672e+19,1.236075677322460365e+19,1.623639501617367552e+18,2.132714565179640640e+17
1.515151515151515194e-02,2.239767793608720466e+24,3.026294958995055156e+23,3.988960623718288274e+22,5.241362870761775170e+21,6.884767805302939320e+20,9.043318673354435789e+19,1.187869421494933094e+19,1.560309461586234112e+18,2.049524774616815040e+17
1.484848484848484869e-02,2.268473660239716469e+24,3.080877504506533186e+23,4.067603058150905532e+22,5.347259016933565006e+21,7.024814161175901635e+20,9.227619443582846566e+19,1.212090556163719987e+19,1.592129398850900224e+18,2.091323126924515520e+17
1.545454545454545518e-02,2.210437882879297601e+24,2.970962747959276093e+23,3.909482214727103178e+22,5.134450093194728178e+21,6.743420671503015608e+20,8.857322718215802061e+19,1.163426120950422528e+19,1.528197886517326080e+18,2.007343412941605120e+17
1.515151515151515194e-02,2.239767793608719124e+24,3.026294958995053142e+23,3.988960623718284080e+22,5.241362870761774121e+21,6.884767805302938010e+20,9.043318673354435789e+19,1.187869421494933094e+19,1.560309461586232576e+18,2.049524774616813440e+17
1.575757575757575843e-02,2.180481230101969910e+24,2.914902951020895939e+23,3.829209891340313166e+22,5.026580600423135052e+21,6.600853031409988403e+20,8.669737554447253504e+19,1.138774593737402163e+19,1.495812990044588544e+18,1.964803103610476800e+17
1.545454545454545518e-02,2.210437882879296796e+24,2.970962747959274751e+23,3.909482214727096467e+22,5.134450093194728178e+21,6.743420671503012987e+20,8.857322718215802061e+19,1.163426120950422733e+19,1.528197886517326080e+18,2.007343412941604480e+17
1.606060606060605994e-02,2.149895078901208689e+24,2.858138175356249655e+23,3.748186228242820524e+22,4.917814779238346129e+21,6.457145672349732045e+20,8.480669793840755507e+19,1.113928860944101786e+19,1.463173195529989632e+18,1.921928048615586240e+17
1.575757575757575843e-02,2.180481230101967763e+24,2.914902951020894932e+23,3.829209891340310649e+22,5.026580600423128760e+21,6.600853031409984471e+20,8.669737554447250227e+19,1.138774593737402163e+19,1.495812990044589568e+18,1.964803103610474560e+17
1.636363636363636492e-02,2.118676614174079455e+24,2.800691561184269131e+23,3.666454294387116684e+22,4.808213447917085655e+21,6.312379842030040515e+20,8.290226609869330842e+19,1.088903015804646400e+19,1.430297020497136896e+18,1.878742573412199680e+17
1.606060606060605994e-02,2.149895078901207079e+24,2.858138175356248313e+23,3.748186228242816749e+22,4.917814779238340887e+21,6.457145672349729423e+20,8.480669793840752230e+19,1.113928860944101171e+19,1.463173195529988608e+18,1.921928048615586240e+17
1.666666666666666644e-02,2.086822961782435063e+24,2.742586787378548840e+23,3.584057632194650597e+22,4.697837816655566602e+21,6.166637192899361505e+20,8.098515663545730662e+19,1.063711213928109670e+19,1.397203063786197760e+18,1.835271110042496640e+17
1.636363636363636492e-02,2.118676614174080261e+24,2.800691561184271480e+23,3.666454294387118781e+22,4.808213447917086704e+21,6.312379842030047068e+20,8.290226609869335757e+19,1.088903015804645990e+19,1.430297020497136384e+18,1.878742573412200640e+17
1.696969696969696795e-02,2.054331188238676570e+24,2.683848077204379276e+23,3.501040236203650895e+22,4.586749447573357986e+21,6.019999726214364529e+20,7.905645029026462106e+19,1.038367663499155661e+19,1.363909992673400320e+18,1.791538180213613440e+17
1.666666666666666644e-02,2.086822961782435063e+24,2.742586787378548840e+23,3.584057632194651016e+22,4.697837816655570272e+21,6.166637192899356262e+20,8.098515663545729024e+19,1.063711213928109261e+19,1.397203063786195712e+18,1.835271110042497280e+17
1.727272727272727293e-02,2.021198300385024137e+24,2.624500204181967203e+23,3.417446531154183193e+22,4.475010214307822043e+21,5.872549735856626729e+20,7.711723119017630106e+19,1.012886615457778074e+19,1.330436529964980224e+18,1.747568378342799360e+17
1.696969696969696795e-02,2.054331188238674154e+24,2.683848077204376257e+23,3.501040236203648798e+22,4.586749447573353267e+21,6.019999726214357975e+20,7.905645029026462106e+19,1.038367663499154842e+19,1.363909992673398272e+18,1.791538180213612800e+17
1.757575757575757444e-02,1.987421245066259043e+24,2.564568498076827527e+23,3.333321349500720959e+22,4.362682261220641735e+21,5.724369751939156541e+20,7.516858610038813491e+19,9.872823536656142336e+18,1.296801441075414016e+18,1.703386354582649600e+17
1.727272727272727293e-02,2.021198300385024137e+24,2.624500204181968881e+23,3.417446531154185709e+22,4.475010214307822567e+21,5.872549735856628040e+20,7.711723119017631744e+19,1.012886615457778483e+19,1.330436529964980992e+18,1.747568378342798080e+17
1.787878787878787942e-02,1.952996908795859502e+24,2.504078851018362842e+23,3.248709908342342733e+22,4.249827962238361141e+21,5.575542484243781386e+20,7.321160367601615667e+19,9.615691850662715392e+18,1.263023521099753984e+18,1.659016797839291520e+17
1.757575757575757444e-02,1.987421245066255821e+24,2.564568498076825514e+23,3.333321349500718442e+22,4.362682261220639638e+21,5.724369751939151299e+20,7.516858610038813491e+19,9.872823536656132096e+18,1.296801441075414528e+18,1.703386354582648320e+17
1.818181818181818094e-02,1.917922117415552296e+24,2.443057723747928512e+23,3.163657785760660482e+22,4.136509879349975974e+21,5.426150765531074396e+20,7.124737371359958630e+19,9.357614298472402944e+18,1.229121581889955584e+18,1.614484418796542080e+17
1.787878787878787942e-02,1.952996908795860038e+24,2.504078851018363849e+23,3.248709908342346088e+22,4.249827962238362190e+21,5.575542484243782697e+20,7.321160367601619763e+19,9.615691850662715392e+18,1.263023521099755776e+18,1.659016797839293120e+17
1.848484848484848592e-02,1.882193635748155671e+24,2.381532151997311421e+23,3.078210896555015563e+22,4.022790720784815882e+21,5.276277494764527944e+20,6.927698640288520602e+19,9.098734116107855872e+18,1.195114439144958464e+18,1.569813932958799680e+17
1.818181818181818094e-02,1.917922117415551759e+24,2.443057723747925827e+23,3.163657785760658804e+22,4.136509879349974925e+21,5.426150765531070464e+20,7.124737371359952077e+19,9.357614298472398848e+18,1.229121581889956096e+18,1.614484418796540800e+17
1.878787878787878743e-02,1.845808167243758046e+24,2.319529752998991742e+23,2.992415467364633543e+22,3.908733298895112634e+21,5.126005580291487171e+20,6.730153157946751386e+19,8.839194475613805568e+18,1.161020899524410112e+18,1.525030043725722880e+17
1.848484848484848592e-02,1.882193635748155939e+24,2.381532151997311085e+23,3.078210896555016402e+22,4.022790720784819028e+21,5.276277494764531220e+20,6.927698640288521421e+19,9.098734116107858944e+18,1.195114439144959488e+18,1.569813932958800960e+17
1.909090909090909241e-02,1.808762353619091092e+24,2.257078732129196699e+23,2.906318011166799534e+22,3.794400487767939744e+21,4.975417883022920909e+20,6.532209797884815770e+19,8.579138387170541568e+18,1.126859747795720448e+18,1.480157425511366400e+17
1.878787878787878743e-02,1.845808167243756973e+24,2.319529752998990064e+23,2.992415467364630187e+22,3.908733298895111062e+21,5.126005580291484549e+20,6.730153157946743194e+19,8.839194475613790208e+18,1.161020899524409088e+18,1.525030043725723200e+17
1.939393939393939392e-02,1.771052774490171509e+24,2.194207889685099588e+23,2.819965301140277219e+22,3.679855180592322183e+21,4.824597159655397786e+20,6.333977249248879411e+19,8.318708601521614848e+18,1.092649734024266496e+18,1.435220706920683840e+17
1.909090909090909241e-02,1.808762353619091092e+24,2.257078732129196363e+23,2.906318011166800373e+22,3.794400487767942365e+21,4.975417883022924186e+20,6.532209797884816589e+19,8.579138387170542592e+18,1.126859747795721344e+18,1.480157425511367680e+17
1.969696969696969543e-02,1.732675946998008855e+24,2.130946627797292480e+23,2.733404343882537448e+22,3.565160246807691264e+21,4.673626005977785303e+20,6.135563942641871258e+19,8.058047512789057536e+18,1.058409560816363904e+18,1.390244453996017120e+17
1.939393939393939392e-02,1.771052774490171240e+24,2.194207889685097239e+23,2.819965301140277219e+22,3.679855180592320610e+21,4.824597159655397130e+20,6.333977249248876134e+19,8.318708601521610752e+18,1.092649734024266240e+18,1.435220706920683840e+17
2.000000000000000042e-02,1.693628325427502633e+24,2.067324957478899616e+23,2.646682351969603525e+22,3.450378489061040456e+21,4.522586800306485985e+20,5.937077976296964915e+19,7.797297061750476800e+18,1.024157870624730880e+18,1.345253153546312320e+17
1.969696969696969543e-02,1.732675946998006708e+24,2.130946627797290131e+23,2.733404343882537029e+22,3.565160246807690215e+21,4.673626005977783337e+20,6.135563942641863885e+19,8.058047512789054464e+18,1.058409560816363520e+18,1.390244453996016480e+17
2.030303030303030193e-02,1.653906300819358165e+24,2.003373505812542479e+23,2.559846715846597542e+22,3.335572600000506495e+21,4.371561647092371948e+20,5.738627042619744256e+19,7.536598639650721792e+18,9.899132331259621120e+17,1.300271196571574720e+17
2.000000000000000042e-02,1.693628325427501827e+24,2.067324957478900287e+23,2.646682351969603944e+22,3.450378489061042553e+21,4.522586800306487951e+20,5.937077976296967373e+19,7.797297061750482944e+18,1.024157870624731392e+18,1.345253153546313120e+17
2.060606060606060691e-02,1.613506200575037386e+24,1.939123523276489317e+23,2.472944975037181670e+22,3.220805118934256714e+21,4.220632320743265403e+20,5.540318355155347046e+19,7.276092992621358080e+18,9.556941326795543040e+17,1.255322861795068160e+17
2.030303030303030193e-02,1.653906300819358165e+24,2.003373505812540802e+23,2.559846715846596284e+22,3.335572600000505971e+21,4.371561647092370637e+20,5.738627042619736883e+19,7.536598639650719744e+18,9.899132331259616000e+17,1.300271196571574240e+17
2.090909090909090842e-02,1.572424288054650851e+24,1.874606891211365192e+23,2.386024788659650376e+22,3.106138388384066830e+21,4.069880209705753641e+20,5.342258576036706714e+19,7.015920126779707392e+18,9.215189558779107840e+17,1.210432299315616640e+17
2.060606060606060691e-02,1.613506200575038997e+24,1.939123523276489653e+23,2.472944975037181251e+22,3.220805118934257762e+21,4.220632320743268024e+20,5.540318355155347866e+19,7.276092992621355008e+18,9.556941326795544320e+17,1.255322861795068800e+17
2.121212121212121340e-02,1.530656762167795525e+24,1.809856129428746603e+23,2.299133905237241233e+22,2.991634510564104339e+21,3.919386260850248253e+20,5.144553743969101414e+19,6.756219214079648768e+18,8.874059791966960640e+17,1.165623514392286560e+17
2.090909090909090842e-02,1.572424288054650583e+24,1.874606891211363849e+23,2.386024788659647860e+22,3.106138388384064209e+21,4.069880209705754296e+20,5.342258576036704256e+19,7.015920126779701248e+18,9.215189558779097600e+17,1.210432299315615680e+17
2.151515151515151492e-02,1.488199756957249780e+24,1.744904403963041263e+23,2.212320131789995848e+22,2.877355303816092713e+21,3.769230924203362222e+20,4.947309202806492365e+19,6.497128498984652800e+18,8.533733567547751680e+17,1.120920351373598720e+17
2.121212121212121340e-02,1.530656762167796599e+24,1.809856129428746268e+23,2.299133905237241653e+22,2.991634510564104864e+21,3.919386260850248253e+20,5.144553743969098138e+19,6.756219214079647744e+18,8.874059791966958080e+17,1.165623514392288320e+17
2.181818181818181990e-02,1.445049341175486396e+24,1.679785534968069337e+23,2.125631302195124109e+22,2.763362259032958566e+21,3.619494098071519887e+20,4.750629530774242918e+19,6.238785206033642496e+18,8.194391081929171200e+17,1.076346477783245120e+17
2.151515151515151492e-02,1.488199756957248706e+24,1.744904403963038914e+23,2.212320131789994590e+22,2.877355303816090616e+21,3.769230924203358945e+20,4.947309202806484992e+19,6.497128498984643584e+18,8.533733567547738880e+17,1.120920351373597760e+17
2.212121212121212141e-02,1.401201517853937007e+24,1.614534004759823227e+23,2.039115244802767900e+22,2.649716496104012382e+21,3.470255074600033976e+20,4.554618470392675533e+19,5.981325448369096704e+18,7.856211066803275520e+17,1.031925368574211040e+17
2.181818181818181990e-02,1.445049341175486665e+24,1.679785534968070679e+23,2.125631302195124948e+22,2.763362259032960139e+21,3.619494098071521853e+20,4.750629530774245376e+19,6.238785206033643520e+18,8.194391081929167360e+17,1.076346477783244800e+17
2.242424242424242292e-02,1.356652223865006630e+24,1.549184966006807137e+23,1.952819749293583552e+22,2.536478720415584748e+21,3.321592485811522765e+20,4.359378859155026739e+19,5.724884137296034816e+18,7.519370670579320320e+17,9.876802905630369600e+16
2.212121212121212141e-02,1.401201517853937007e+24,1.614534004759823227e+23,2.039115244802767900e+22,2.649716496104010285e+21,3.470255074600032666e+20,4.554618470392674714e+19,5.981325448369092608e+18,7.856211066803266560e+17,1.031925368574210720e+17
2.272727272727272790e-02,1.311397329476720188e+24,1.483774250069535637e+23,1.866792532764426817e+22,2.423709179441982210e+21,3.173584250167744922e+20,4.165012561013215232e+19,5.469594892939703296e+18,7.184045341272574720e+17,9.436342870557348800e+16
2.242424242424242292e-02,1.356652223865005288e+24,1.549184966006806130e+23,1.952819749293582293e+22,2.536478720415582126e+21,3.321592485811520799e+20,4.359378859155025101e+19,5.724884137296027648e+18,7.519370670579319040e+17,9.876802905630364800e+16
2.303030303030302942e-02,1.265432637899992155e+24,1.418338375490621177e+23,1.781081205028102865e+22,2.311467619462632964e+21,3.026307519698567823e+20,3.971620398723851878e+19,5.215589956068856832e+18,6.850408710935823360e+17,8.998101626767662400e+16
2.272727272727272790e-02,1.311397329476720993e+24,1.483774250069535805e+23,1.866792532764427236e+22,2.423709179441983783e+21,3.173584250167745577e+20,4.165012561013216051e+19,5.469594892939704320e+18,7.184045341272578560e+17,9.436342870557353600e+16
2.333333333333333440e-02,1.218753884828437186e+24,1.352914556637120865e+23,1.695733233112859437e+22,2.199813242442147955e+21,2.879838627741878845e+20,3.779302087106519859e+19,4.963000101150323712e+18,6.518632481719356160e+17,8.562304684123238400e+16
2.303030303030302942e-02,1.265432637899991618e+24,1.418338375490620841e+23,1.781081205028101397e+22,2.311467619462630867e+21,3.026307519698563891e+20,3.971620398723850240e+19,5.215589956068851712e+18,6.850408710935824640e+17,8.998101626767657600e+16
2.363636363636363591e-02,1.171356737970700116e+24,1.287540712496583861e+23,1.610795904947030327e+22,2.088804663111280755e+21,2.734253037337972572e+20,3.588156167265513472e+19,4.711954550699921408e+18,6.188886313643578880e+17,8.129174868788926400e+16
2.333333333333333440e-02,1.218753884828437722e+24,1.352914556637121704e+23,1.695733233112859437e+22,2.199813242442148741e+21,2.879838627741881139e+20,3.779302087106521498e+19,4.963000101150328832e+18,6.518632481719360000e+17,8.562304684123235200e+16
2.393939393939394089e-02,1.123236796575206963e+24,1.222255475628503927e+23,1.526316292213973818e+22,1.978499866287469232e+21,2.589625290321541530e+20,3.398279941825443430e+19,4.462580890993053184e+18,5.861337714166849280e+17,7.698932178279520000e+16
2.363636363636363591e-02,1.171356737970699848e+24,1.287540712496582183e+23,1.610795904947029488e+22,2.088804663111278395e+21,2.734253037337970606e+20,3.588156167265511014e+19,4.711954550699916288e+18,6.188886313643575040e+17,8.129174868788918400e+16
2.424242424242424240e-02,1.074389590947338660e+24,1.157098201272801538e+23,1.442341212362122461e+22,1.868956164475014873e+21,2.446028957154504540e+20,3.209769411230445158e+19,4.215004989197917696e+18,5.536151929629880320e+17,7.271793638974452800e+16
2.393939393939394089e-02,1.123236796575207769e+24,1.222255475628503592e+23,1.526316292213973608e+22,1.978499866287469232e+21,2.589625290321544806e+20,3.398279941825443021e+19,4.462580890993053184e+18,5.861337714166850560e+17,7.698932178279524800e+16
2.454545454545454392e-02,1.024810581958877740e+24,1.092108976616924984e+23,1.358917189754668502e+22,1.760230155785776660e+21,2.303536587542126264e+20,3.022719211155767706e+19,3.969350911992283136e+18,5.213491838656056320e+17,6.847973166203835200e+16
2.424242424242424240e-02,1.074389590947338123e+24,1.157098201272800531e+23,1.442341212362122461e+22,1.868956164475014611e+21,2.446028957154504540e+20,3.209769411230446387e+19,4.215004989197916160e+18,5.536151929629880320e+17,7.271793638974456000e+16
2.484848484848484890e-02,9.744951605497775039e+23,1.027328630223361813e+23,1.276090415943176002e+22,1.652377682222531478e+21,2.162219661874959811e+20,2.837222551079609958e+19,3.725740845724164096e+18,4.893517847585629440e+17,6.427681427008485600e+16
2.454545454545454392e-02,1.024810581958877606e+24,1.092108976616923977e+23,1.358917189754668712e+22,1.760230155785776136e+21,2.303536587542123315e+20,3.022719211155766886e+19,3.969350911992282624e+18,5.213491838656053120e+17,6.847973166203829600e+16
2.515151515151515041e-02,9.234386472221107164e+23,9.627987416192000406e+22,1.193906709049008508e+22,1.545453788368200794e+21,2.022148543538383421e+20,2.653371154062270054e+19,3.484295018174985216e+18,4.576387788019938560e+17,6.011125705672816800e+16
2.484848484848484890e-02,9.744951605497776382e+23,1.027328630223362819e+23,1.276090415943176421e+22,1.652377682222531740e+21,2.162219661874959155e+20,2.837222551079608730e+19,3.725740845724165632e+18,4.893517847585632640e+17,6.427681427008489600e+16
2.545454545454545539e-02,8.716362915261809322e+23,8.985616510495269428e+22,1.112411472236252443e+22,1.439512680525283459e+21,1.883392432131217490e+20,2.471255197778459443e+19,3.245131621982699520e+18,4.262256816549891200e+17,5.598509772128379200e+16
2.515151515151515041e-02,9.234386472221095085e+23,9.627987416191997051e+22,1.193906709049007879e+22,1.545453788368198697e+21,2.022148543538380800e+20,2.653371154062268416e+19,3.484295018174982656e+18,4.576387788019934720e+17,6.011125705672812800e+16
2.575757575757575690e-02,8.190832715387208781e+23,8.346604693964260062e+22,1.031649651259432187e+22,1.334607686351099003e+21,1.746019317634347500e+20,2.290963256847899034e+19,3.008366739780807168e+18,3.951277316741216640e+17,5.190033753322464800e+16
2.545454545454545539e-02,8.716362915261810664e+23,8.985616510495271105e+22,1.112411472236252863e+22,1.439512680525283459e+21,1.883392432131217490e+20,2.471255197778460262e+19,3.245131621982699520e+18,4.262256816549889280e+17,5.598509772128380000e+16
2.606060606060606188e-02,7.657746933331148145e+23,7.711390882653977497e+22,9.516656910690538226e+21,1.230791215035524579e+21,1.610095935569718149e+20,2.112582246507911578e+19,2.774114271107777024e+18,3.643598803447045120e+17,4.785894007644377600e+16
2.575757575757575690e-02,8.190832715387204754e+23,8.346604693964251673e+22,1.031649651259431558e+22,1.334607686351098479e+21,1.746019317634346189e+20,2.290963256847897395e+19,3.008366739780804608e+18,3.951277316741216000e+17,5.190033753322461600e+16
2.636363636363636340e-02,7.117055904415766901e+23,7.080421902410228066e+22,8.725034914576556098e+21,1.128114718069262647e+21,1.475687723189412823e+20,1.936197367670888448e+19,2.542485861139997184e+18,3.339367829516369920e+17,4.386283002498805600e+16
2.606060606060606188e-02,7.657746933331153513e+23,7.711390882653980852e+22,9.516656910690542420e+21,1.230791215035525628e+21,1.610095935569718477e+20,2.112582246507913216e+19,2.774114271107779072e+18,3.643598803447047680e+17,4.785894007644378400e+16
2.666666666666666491e-02,6.568709233092493302e+23,6.454152593137317236e+22,7.942063617287434273e+21,1.026628650651848278e+21,1.342858776733880320e+20,1.761892053408186368e+19,2.313590831299612160e+18,3.038727894964880000e+17,3.991389195113491200e+16
2.636363636363636340e-02,7.117055904415766901e+23,7.080421902410223872e+22,8.725034914576556098e+21,1.128114718069262909e+21,1.475687723189413642e+20,1.936197367670889267e+19,2.542485861139998208e+18,3.339367829516369280e+17,4.386283002498808000e+16
2.696969696969696989e-02,6.012655787401140607e+23,5.833045914796127001e+22,7.168169743706653458e+21,9.263824337899644518e+20,1.211671809797623480e+20,1.589747916900827750e+19,2.087536111787201024e+18,2.741819358672824320e+17,3.601396916665418000e+16
2.666666666666666491e-02,6.568709233092493302e+23,6.454152593137310525e+22,7.942063617287425884e+21,1.026628650651847098e+21,1.342858776733879337e+20,1.761892053408185549e+19,2.313590831299611136e+18,3.038727894964878720e+17,3.991389195113488800e+16
2.727272727272727140e-02,5.448843693346743973e+23,5.217573055151328775e+22,6.403773177171233735e+21,8.274244171378833490e+20,1.082188112839877427e+20,1.419844700896212582e+19,1.864426176087594752e+18,2.448779352671942080e+17,3.216486259807050800e+16
2.696969696969696989e-02,6.012655787401144634e+23,5.833045914796128679e+22,7.168169743706658701e+21,9.263824337899647140e+20,1.211671809797623644e+20,1.589747916900828979e+19,2.087536111787202560e+18,2.741819358672825600e+17,3.601396916665417200e+16
2.757575757575757638e-02,4.877220329193404472e+23,4.608213539287738614e+22,5.649286475756941083e+21,7.298018426332381184e+20,9.544675138769082778e+19,1.252260228708639949e+19,1.644362977495346944e+18,2.159741699081922560e+17,2.836832969671314800e+16
2.727272727272727140e-02,5.448843693346742631e+23,5.217573055151323742e+22,6.403773177171227443e+21,8.274244171378826936e+20,1.082188112839877100e+20,1.419844700896211558e+19,1.864426176087594496e+18,2.448779352671941440e+17,3.216486259807048800e+16
2.787878787878787790e-02,4.297732319674547684e+23,4.005455340915708343e+22,4.905114378054273073e+21,6.335608089827378463e+20,8.285683403917161267e+19,1.087070356800287744e+19,1.427445887704864512e+18,1.874836829754161600e+17,2.462608338431039600e+16
2.757575757575757638e-02,4.877220329193407827e+23,4.608213539287736936e+22,5.649286475756940034e+21,7.298018426332382495e+20,9.544675138769086054e+19,1.252260228708639539e+19,1.644362977495347712e+18,2.159741699081922560e+17,2.836832969671316000e+16
2.818181818181818288e-02,3.710325530118611702e+23,3.409794995485466323e+22,4.171653298241636663e+21,5.387462370537473311e+20,7.045473824958345216e+19,9.243489289777098752e+18,1.213771637508235008e+18,1.594191708678506240e+17,2.093979103485572000e+16
2.787878787878787790e-02,4.297732319674546342e+23,4.005455340915705827e+22,4.905114378054270976e+21,6.335608089827373220e+20,8.285683403917159629e+19,1.087070356800287130e+19,1.427445887704862976e+18,1.874836829754160320e+17,2.462608338431037600e+16
2.848484848484848439e-02,3.114945060489874626e+23,2.821737715131346636e+22,3.449290810259449840e+21,4.454018362292273152e+20,5.824598573769958195e+19,7.641677322377608192e+18,1.003434259642220672e+18,1.317929757206430080e+17,1.731107349344503200e+16
2.818181818181818288e-02,3.710325530118611702e+23,3.409794995485468839e+22,4.171653298241637188e+21,5.387462370537472655e+20,7.045473824958345216e+19,9.243489289777100800e+18,1.213771637508236032e+18,1.594191708678507520e+17,2.093979103485572400e+16
2.878787878787878937e-02,2.511535239343353868e+23,2.241797505466445385e+22,2.738405120884723941e+21,3.535700717848570757e+20,4.623593750651433779e+19,6.065964542952071168e+18,7.965250338239088640e+17,1.046170782141507200e+17,1.374150413274898200e+16
2.848484848484848439e-02,3.114945060489871942e+23,2.821737715131343700e+22,3.449290810259447742e+21,4.454018362292269220e+20,5.824598573769957376e+19,7.641677322377597952e+18,1.003434259642219520e+18,1.317929757206428800e+17,1.731107349344501400e+16
2.909090909090909088e-02,1.900039617693269560e+23,1.670497284249194647e+22,2.039364531502509720e+21,2.632921333488193372e+20,3.442979055482633830e+19,4.517026428229926912e+18,5.931324340127934720e+17,7.790309067459694400e+16,1.023260794775854800e+16
2.878787878787878937e-02,2.511535239343354539e+23,2.241797505466445385e+22,2.738405120884723941e+21,3.535700717848572723e+20,4.623593750651436237e+19,6.065964542952071168e+18,7.965250338239091200e+17,1.046170782141507360e+17,1.374150413274898400e+16
2.939393939393939240e-02,1.280400962794068818e+23,1.108369001943168503e+22,1.352526888366548451e+21,1.746079045061098209e+20,2.283257472680691302e+19,2.995516664344727552e+18,3.933420779350783360e+17,5.166225047093826400e+16,6.785860689405094000e+15
2.909090909090909088e-02,1.900039617693268218e+23,1.670497284249194647e+22,2.039364531502510244e+21,2.632921333488194028e+20,3.442979055482633830e+19,4.517026428229926400e+18,5.931324340127934720e+17,7.790309067459694400e+16,1.023260794775854400e+16
2.969696969696969738e-02,6.525612518339415481e+22,5.559537641921344176e+21,6.782390211380523827e+20,8.755593361094321766e+19,1.144914970243563315e+19,1.502066774355403264e+18,1.972366789041907520e+17,2.590541371232914800e+16,3.402688037628347500e+15
2.939393939393939240e-02,1.280400962794066973e+23,1.108369001943167874e+22,1.352526888366546878e+21,1.746079045061096899e+20,2.283257472680688435e+19,2.995516664344723968e+18,3.933420779350778880e+17,5.166225047093823200e+16,6.785860689405085000e+15
2.999999999999999889e-02,1.646166553894195823e+21,1.380195623252298138e+20,1.683616948757339136e+19,2.173405872340274432e+18,2.842021315354607040e+17,3.728576372907343200e+16,4.895999969495160000e+15,6.430492503004326250e+14,8.446481443000085938e+13
2.969696969696969738e-02,6.525612518339414642e+22,5.559537641921341030e+21,6.782390211380521206e+20,8.755593361094318490e+19,1.144914970243562086e+19,1.502066774355402752e+18,1.972366789041906880e+17,2.590541371232914800e+16,3.402688037628344500e+15
