x,t=1.00e+03s,t=2.00e+03s,t=3.00e+03s,t=4.00e+03s,t=5.00e+03s,t=6.00e+03s,t=7.00e+03s,t=8.00e+03s,t=9.00e+03s
3.030303030303030300e-04,4.921466082966250919e+24,6.939579503910119339e+23,8.824300491576525927e+22,1.086044800229511161e+22,1.323549985579341709e+21,1.608401469879958897e+20,1.952983757398605005e+19,2.370856510903138816e+18,2.877961075785656960e+17
0.000000000000000000e+00,4.921608573034239221e+24,6.939877228949888167e+23,8.824727074702245652e+22,1.086099298182238516e+22,1.323617150860142313e+21,1.608483355798248161e+20,1.953083277721432474e+19,2.370977356112549888e+18,2.878107779061414720e+17
6.060606060606060601e-04,4.919959407572886435e+24,6.936431642670843120e+23,8.819790373564105674e+22,1.085468620147972165e+22,1.322839883474354307e+21,1.607535735736972083e+20,1.951931584986528154e+19,2.369578882612779008e+18,2.876410064786451520e+17
3.030303030303030300e-04,4.921466082966249845e+24,6.939579503910112629e+23,8.824300491576519216e+22,1.086044800229511161e+22,1.323549985579341447e+21,1.608401469879958897e+20,1.952983757398603366e+19,2.370856510903137792e+18,2.877961075785656960e+17
9.090909090909090901e-04,4.917589609884969079e+24,6.931481844828258016e+23,8.812699415055491190e+22,1.084562774767979568e+22,1.321723510095992324e+21,1.606174695356780708e+20,1.950277443205957222e+19,2.367570297875494912e+18,2.873971689964061120e+17
6.060606060606060601e-04,4.919959407572884287e+24,6.936431642670839093e+23,8.819790373564105674e+22,1.085468620147972375e+22,1.322839883474354831e+21,1.607535735736972083e+20,1.951931584986526515e+19,2.369578882612777984e+18,2.876410064786451520e+17
1.212121212121212120e-03,4.914295287074321288e+24,6.924603790982132510e+23,8.802847921490933632e+22,1.083304371299304866e+22,1.320172678159332803e+21,1.604283993640085422e+20,1.947979582018984346e+19,2.364780061812242432e+18,2.870584409326324480e+17
9.090909090909090901e-04,4.917589609884966931e+24,6.931481844828263384e+23,8.812699415055492868e+22,1.084562774767978729e+22,1.321723510095993111e+21,1.606174695356781036e+20,1.950277443205957222e+19,2.367570297875492864e+18,2.873971689964062080e+17
1.515151515151515150e-03,4.910067557930255761e+24,6.915781662649057584e+23,8.790215020438907100e+22,1.081690831570676692e+22,1.318184246975871320e+21,1.601859815348563476e+20,1.945033369453147750e+19,2.361202551608046080e+18,2.866241397475741120e+17
1.212121212121212120e-03,4.914295287074322362e+24,6.924603790982129826e+23,8.802847921490931954e+22,1.083304371299304866e+22,1.320172678159332803e+21,1.604283993640085750e+20,1.947979582018984755e+19,2.364780061812242432e+18,2.870584409326324480e+17
1.818181818181818180e-03,4.904903496118218516e+24,6.905012867209823403e+23,8.774799297769410186e+22,1.079722088205130085e+22,1.315758180570200801e+21,1.598902134283795497e+20,1.941438779926931866e+19,2.356837738351425536e+18,2.860942620042825920e+17
1.515151515151515150e-03,4.910067557930253614e+24,6.915781662649054900e+23,8.790215020438907100e+22,1.081690831570676692e+22,1.318184246975870271e+21,1.601859815348564787e+20,1.945033369453146931e+19,2.361202551608045568e+18,2.866241397475739200e+17
2.121212121212120993e-03,4.898801625039174501e+24,6.892298625731576568e+23,8.756605308999987259e+22,1.077398861134347790e+22,1.312895423461983257e+21,1.595412123448502190e+20,1.937197246659919872e+19,2.351687364982047744e+18,2.854690193800874560e+17
1.818181818181818180e-03,4.904903496118218516e+24,6.905012867209827430e+23,8.774799297769416897e+22,1.079722088205131134e+22,1.315758180570200801e+21,1.598902134283797135e+20,1.941438779926931456e+19,2.356837738351428608e+18,2.860942620042827520e+17
2.424242424242424240e-03,4.891760928963752622e+24,6.877641907527669535e+23,8.735640616120994916e+22,1.074722278718471091e+22,1.309597433552940564e+21,1.591391585486271939e+20,1.932310969429626061e+19,2.345754105706763776e+18,2.847487366213391680e+17
2.121212121212120993e-03,4.898801625039172354e+24,6.892298625731569857e+23,8.756605308999980548e+22,1.077398861134347161e+22,1.312895423461981684e+21,1.595412123448501862e+20,1.937197246659917005e+19,2.351687364982046208e+18,2.854690193800876480e+17
2.727272727272727487e-03,4.883780544782574979e+24,6.861046787017818337e+23,8.711914861648622387e+22,1.071693759075325890e+22,1.305866035676699951e+21,1.586842774051877356e+20,1.926782697442673050e+19,2.339041302334275584e+18,2.839338195346800960e+17
2.424242424242424240e-03,4.891760928963750475e+24,6.877641907527658798e+23,8.735640616120986527e+22,1.074722278718470462e+22,1.309597433552938467e+21,1.591391585486270628e+20,1.932310969429624013e+19,2.345754105706760704e+18,2.847487366213389120e+17
3.030303030303030300e-03,4.874859643638646112e+24,6.842518197527464106e+23,8.685439410758483968e+22,1.068314963929246518e+22,1.301703364495969354e+21,1.581768324099445883e+20,1.920615644575221760e+19,2.331552861341217792e+18,2.830247424906799360e+17
2.727272727272727487e-03,4.883780544782577126e+24,6.861046787017822364e+23,8.711914861648620709e+22,1.071693759075325890e+22,1.305866035676699427e+21,1.586842774051877356e+20,1.926782697442672230e+19,2.339041302334276608e+18,2.839338195346801920e+17
3.333333333333333114e-03,4.864997378557704363e+24,6.822061823162166008e+23,8.656227190584616000e+22,1.064587777593376873e+22,1.297111838346987700e+21,1.576171219888978002e+20,1.913813450450217779e+19,2.323293206595258880e+18,2.820220426840552960e+17
3.030303030303030300e-03,4.874859643638646112e+24,6.842518197527469474e+23,8.685439410758492357e+22,1.068314963929246518e+22,1.301703364495969354e+21,1.581768324099447849e+20,1.920615644575223398e+19,2.331552861341220864e+18,2.830247424906801920e+17
3.636363636363636360e-03,4.854192858740112086e+24,6.799684046556614235e+23,8.624292608898723794e+22,1.060514296038087144e+22,1.292094145486653489e+21,1.570054778102450749e+20,1.906380159873909965e+19,2.314267254369978880e+18,2.809263171000080960e+17
3.333333333333333114e-03,4.864997378557703289e+24,6.822061823162160639e+23,8.656227190584617678e+22,1.064587777593376244e+22,1.297111838346987176e+21,1.576171219888977674e+20,1.913813450450216550e+19,2.323293206595257856e+18,2.820220426840552320e+17
3.939393939393939607e-03,4.842445135882016166e+24,6.775391921920962787e+23,8.589651508352554684e+22,1.056096820448138258e+22,1.286653235844521132e+21,1.563422637660165898e+20,1.898320210411417600e+19,2.304480398241382656e+18,2.797382206801178240e+17
3.636363636363636360e-03,4.854192858740106717e+24,6.799684046556607524e+23,8.624292608898720439e+22,1.060514296038086515e+22,1.292094145486653227e+21,1.570054778102448456e+20,1.906380159873909146e+19,2.314267254369978368e+18,2.809263171000080000e+17
4.242424242424241987e-03,4.829753196406672917e+24,6.749193160595976665e+23,8.552321137956114085e+22,1.051337852927827404e+22,1.280792315395333947e+21,1.556278752721175839e+20,1.889638423828137574e+19,2.293938498677189888e+18,2.784584650578890880e+17
3.939393939393939607e-03,4.842445135882010797e+24,6.775391921920958760e+23,8.589651508352549650e+22,1.056096820448136580e+22,1.286653235844521394e+21,1.563422637660164260e+20,1.898320210411414733e+19,2.304480398241379584e+18,2.797382206801176320e+17
4.545454545454545234e-03,4.816115956802449524e+24,6.721096123258844668e+23,8.512320133394380672e+22,1.046240093281974852e+22,1.274514841831495172e+21,1.548627387258139116e+20,1.880339999440829235e+19,2.282647874943717888e+18,2.770878175755919040e+17
4.242424242424241987e-03,4.829753196406672380e+24,6.749193160595973981e+23,8.552321137956105696e+22,1.051337852927826985e+22,1.280792315395334210e+21,1.556278752721174856e+20,1.889638423828133888e+19,2.293938498677188352e+18,2.784584650578890560e+17
4.848484848484848481e-03,4.801532260686522403e+24,6.691109815893471957e+23,8.469668502043613358e+22,1.040806436344838907e+22,1.267824520885538652e+21,1.540473110414580449e+20,1.870430508415935283e+19,2.270615298161673728e+18,2.756271004405413440e+17
4.545454545454545234e-03,4.816115956802445766e+24,6.721096123258837957e+23,8.512320133394375639e+22,1.046240093281974642e+22,1.274514841831494648e+21,1.548627387258136822e+20,1.880339999440825549e+19,2.282647874943715840e+18,2.770878175755915840e+17
5.151515151515151728e-03,4.786000876871544386e+24,6.659243888015013052e+23,8.424387610520157212e+22,1.035039969580888254e+22,1.260725302963250659e+21,1.531820792231246561e+20,1.859915888513001882e+19,2.257847984901219584e+18,2.740771899468050880e+17
4.848484848484848481e-03,4.801532260686520256e+24,6.691109815893461219e+23,8.469668502043610002e+22,1.040806436344838698e+22,1.267824520885537866e+21,1.540473110414579139e+20,1.870430508415933645e+19,2.270615298161671680e+18,2.756271004405412480e+17
5.454545454545454974e-03,4.769520498037729947e+24,6.625508632318191862e+23,8.376500173567767557e+22,1.028943970805943475e+22,1.253221379901480501e+21,1.522675599515288863e+20,1.848802438998433382e+19,2.244353590982771456e+18,2.724390157218393600e+17
5.151515151515151728e-03,4.786000876871543312e+24,6.659243888015006342e+23,8.424387610520153856e+22,1.035039969580888044e+22,1.260725302963249611e+21,1.531820792231244268e+20,1.859915888512999834e+19,2.257847984901217792e+18,2.740771899468049920e+17
5.757575757575757354e-03,4.752089739781969851e+24,6.589914985272342552e+23,8.326030243596722189e+22,1.022521905941867554e+22,1.245317181744650650e+21,1.513042991723579965e+20,1.837096815573279744e+19,2.230140205293728768e+18,2.707135599750305920e+17
5.454545454545454974e-03,4.769520498037722968e+24,6.625508632318186493e+23,8.376500173567755813e+22,1.028943970805942845e+22,1.253221379901479453e+21,1.522675599515287552e+20,1.848802438998431334e+19,2.244353590982768896e+18,2.724390157218391680e+17
6.060606060606060601e-03,4.733707139908002441e+24,6.552474528379422921e+23,8.273003200463661485e+22,1.015777426753435206e+22,1.237017373477594726e+21,1.502928716784512860e+20,1.824806025223407821e+19,2.215216343509982976e+18,2.689018567346415040e+17
5.757575757575757354e-03,4.752089739781967704e+24,6.589914985272342552e+23,8.326030243596717156e+22,1.022521905941866925e+22,1.245317181744649339e+21,1.513042991723578982e+20,1.837096815573280358e+19,2.230140205293728000e+18,2.707135599750306240e+17
6.363636363636363848e-03,4.714371157873776973e+24,6.513199489920161536e+23,8.217445741237746690e+22,1.008714368536019783e+22,1.228326851677058499e+21,1.492338806812989850e+20,1.811937420937156608e+19,2.199590941655637248e+18,2.670049910650858240e+17
6.060606060606060601e-03,4.733707139907998146e+24,6.552474528379420237e+23,8.273003200463658130e+22,1.015777426753434996e+22,1.237017373477593678e+21,1.502928716784512205e+20,1.824806025223406182e+19,2.215216343509984256e+18,2.689018567346413120e+17
6.666666666666666227e-03,4.694080174343147621e+24,6.472102747078203602e+23,8.159385869790561803e+22,1.001336747734537653e+22,1.219250741058919203e+21,1.481279573691102986e+20,1.798498696257310925e+19,2.183273349460689920e+18,2.650240982596470720e+17
6.363636363636363848e-03,4.714371157873771604e+24,6.513199489920153483e+23,8.217445741237743334e+22,1.008714368536018315e+22,1.228326851677057450e+21,1.492338806812987556e+20,1.811937420937153331e+19,2.199590941655636736e+18,2.670049910650854720e+17
6.969696969696969474e-03,4.672832490807349951e+24,6.429197828370651750e+23,8.098852886102928471e+22,9.936487594813284155e+21,1.209794390906919453e+21,1.469757604497794499e+20,1.784497879647341158e+19,2.166273323492423936e+18,2.629603630057074560e+17
6.666666666666666227e-03,4.694080174343144400e+24,6.472102747078198234e+23,8.159385869790565158e+22,1.001336747734536605e+22,1.219250741058918416e+21,1.481279573691102331e+20,1.798498696257310310e+19,2.183273349460689664e+18,2.650240982596471360e+17
7.272727272727272721e-03,4.650626329253394013e+24,6.384498916337730244e+23,8.035877375215550648e+22,9.856547750449690706e+21,1.199963371374391329e+21,1.457779756777670246e+20,1.769943328660108083e+19,2.148601020046335488e+18,2.608150185207530560e+17
6.969696969696969474e-03,4.672832490807348341e+24,6.429197828370639670e+23,8.098852886102916727e+22,9.936487594813269475e+21,1.209794390906918928e+21,1.469757604497793024e+20,1.784497879647339520e+19,2.166273323492421376e+18,2.629603630057071360e+17
7.575757575757575968e-03,4.627459831863994302e+24,6.338020850459765711e+23,7.970491195772991282e+22,9.773593391850416243e+21,1.189763469653897118e+21,1.445353153643390894e+20,1.754843723902623744e+19,2.130266987788792064e+18,2.585893456582324480e+17
7.272727272727272721e-03,4.650626329253392939e+24,6.384498916337722191e+23,8.035877375215540581e+22,9.856547750449680220e+21,1.199963371374389494e+21,1.457779756777669263e+20,1.769943328660106854e+19,2.148601020046332672e+18,2.608150185207528320e+17
7.878787878787879215e-03,4.603331060738127917e+24,6.289779130279632390e+23,7.902727468124257386e+22,9.687671674096284860e+21,1.179200686012197241e+21,1.432485178709123400e+20,1.739208062793944474e+19,2.111282160148072704e+18,2.562846719828449600e+17
7.575757575757575968e-03,4.627459831863991618e+24,6.338020850459763026e+23,7.970491195772982893e+22,9.773593391850399465e+21,1.189763469653895021e+21,1.445353153643390075e+20,1.754843723902621696e+19,2.130266987788790784e+18,2.585893456582323520e+17
8.181818181818182462e-03,4.578237997624922139e+24,6.239789918715526177e+23,7.832620561952493955e+22,9.598831431336880767e+21,1.168281229689491816e+21,1.419183470854356009e+20,1.723045653115699814e+19,2.091657847453183744e+18,2.539023708152030400e+17
7.878787878787879215e-03,4.603331060738122549e+24,6.289779130279629706e+23,7.902727468124243965e+22,9.687671674096276472e+21,1.179200686012196323e+21,1.432485178709122253e+20,1.739208062793943245e+19,2.111282160148069888e+18,2.562846719828448960e+17
8.484848484848483974e-03,4.552178543665340068e+24,6.188070045553570286e+23,7.760206083413033301e+22,9.507123147372245287e+21,1.157011514662980682e+21,1.405455918818874327e+20,1.706366106356400333e+19,2.071405728822011392e+18,2.514438602460536000e+17
8.181818181818182462e-03,4.578237997624920528e+24,6.239789918715527519e+23,7.832620561952490599e+22,9.598831431336878670e+21,1.168281229689491554e+21,1.419183470854356337e+20,1.723045653115699610e+19,2.091657847453182720e+18,2.539023708152030720e+17
8.787878787878787221e-03,4.525150519137870243e+24,6.134637011112705477e+23,7.685520861762633387e+22,9.412598925228719997e+21,1.145398155275674976e+21,1.391310655630603715e+20,1.689179330851952640e+19,2.050537843801794816e+18,2.489106021204245760e+17
8.484848484848483974e-03,4.552178543665334700e+24,6.188070045553563575e+23,7.760206083413021557e+22,9.507123147372230607e+21,1.157011514662979240e+21,1.405455918818872852e+20,1.706366106356399718e+19,2.071405728822009088e+18,2.514438602460535360e+17
9.090909090909090468e-03,4.497151663205335630e+24,6.079508990076635715e+23,7.608602935466137747e+22,9.315312455729017782e+21,1.133447961731874816e+21,1.376756052868798054e+20,1.671495524725557658e+19,2.029066583765907456e+18,2.463041009921892800e+17
8.787878787878787221e-03,4.525150519137865411e+24,6.134637011112700108e+23,7.685520861762626676e+22,9.412598925228712657e+21,1.145398155275673666e+21,1.391310655630602732e+20,1.689179330851950592e+19,2.050537843801793536e+18,2.489106021204245120e+17
9.393939393939393714e-03,4.468179633660760414e+24,6.022704835489085941e+23,7.529491537768521033e+22,9.215318985060183441e+21,1.121167935461254758e+21,1.361800714765589217e+20,1.653325168631020339e+19,2.007004683071925248e+18,2.436259030496475200e+17
9.090909090909090468e-03,4.497151663205332946e+24,6.079508990076630346e+23,7.608602935466134392e+22,9.315312455729012539e+21,1.133447961731874423e+21,1.376756052868797563e+20,1.671495524725556429e+19,2.029066583765906432e+18,2.463041009921891200e+17
9.696969696969696961e-03,4.438232006670626511e+24,5.964244082909833886e+23,7.448227081721607094e+22,9.112675281345466860e+21,1.108565264353775059e+21,1.346453472149327380e+20,1.634679018303830426e+19,1.984365209986363136e+18,2.408775950127912320e+17
9.393939393939393714e-03,4.468179633660757730e+24,6.022704835489080573e+23,7.529491537768513484e+22,9.215318985060178199e+21,1.121167935461254627e+21,1.361800714765588234e+20,1.653325168631017677e+19,2.007004683071923200e+18,2.436259030496473600e+17
1.000000000000000021e-02,4.407306276514351058e+24,5.904146954729674464e+23,7.364851144655845405e+22,9.007439600228056957e+21,1.095647317867961778e+21,1.330723376233491005e+20,1.615568096924950528e+19,1.961161557382178048e+18,2.380608030029849600e+17
9.696969696969696961e-03,4.438232006670623827e+24,5.964244082909833886e+23,7.448227081721602061e+22,9.112675281345466860e+21,1.108565264353774010e+21,1.346453472149325742e+20,1.634679018303828173e+19,1.984365209986362880e+18,2.408775950127911360e+17
1.030303030303030346e-02,4.375399855319053387e+24,5.842434364643155095e+23,7.279406452087893210e+22,8.899671649476495278e+21,1.082421642015297503e+21,1.314619692255249367e+20,1.596003687302474752e+19,1.937407433215404800e+18,2.351771913858505600e+17
1.000000000000000021e-02,4.407306276514347837e+24,5.904146954729671109e+23,7.364851144655841211e+22,9.007439600228060103e+21,1.095647317867960467e+21,1.330723376233489695e+20,1.615568096924947866e+19,1.961161557382177280e+18,2.380608030029847360e+17
1.060606060606060670e-02,4.342510072788945247e+24,5.779127922278549108e+23,7.191936861055566951e+22,8.789432552622634566e+21,1.068895954223698543e+21,1.298151892967977943e+20,1.575997323876717773e+19,1.913116850787754240e+18,2.322284615881791680e+17
1.030303030303030346e-02,4.375399855319048018e+24,5.842434364643149726e+23,7.279406452087890693e+22,8.899671649476490035e+21,1.082421642015297241e+21,1.314619692255247892e+20,1.596003687302474138e+19,1.937407433215403008e+18,2.351771913858502400e+17
1.090909090909090995e-02,4.308634175928625384e+24,5.714249937984492101e+23,7.102487342871329794e+22,8.676784811644035269e+21,1.055078138083120644e+21,1.281329651992213094e+20,1.555560784554384794e+19,1.888304118802183680e+18,2.292163508897265280e+17
1.060606060606060670e-02,4.342510072788940415e+24,5.779127922278545081e+23,7.191936861055561079e+22,8.789432552622626177e+21,1.068895954223697887e+21,1.298151892967977615e+20,1.575997323876716134e+19,1.913116850787751680e+18,2.322284615881788800e+17
1.121212121212121146e-02,4.273769328760003081e+24,5.647823427773336293e+23,7.011103965286282297e+22,8.561792268704117948e+21,1.040976237976595857e+21,1.264162837029742674e+20,1.534706082377876480e+19,1.862983831218774784e+18,2.261426311907918080e+17
1.090909090909090995e-02,4.308634175928624310e+24,5.714249937984489416e+23,7.102487342871330632e+22,8.676784811644031074e+21,1.055078138083119596e+21,1.281329651992213750e+20,1.555560784554384179e+19,1.888304118802183424e+18,2.292163508897264320e+17
1.151515151515151471e-02,4.237912612032335250e+24,5.579872118421309431e+23,6.917833874056127552e+22,8.444520066963753402e+21,1.026598453600077611e+21,1.246661502945646182e+20,1.513445457035794022e+19,1.837170856918510080e+18,2.230091077564920960e+17
1.121212121212121146e-02,4.273769328759999323e+24,5.647823427773332267e+23,7.011103965286279781e+22,8.561792268704113754e+21,1.040976237976595595e+21,1.264162837029741036e+20,1.534706082377875866e+19,1.862983831218772224e+18,2.261426311907916160e+17
1.181818181818181795e-02,4.201061022925192402e+24,5.510420452725813129e+23,6.822725273900953685e+22,8.325034610479309259e+21,1.011953134374577242e+21,1.228835884723337134e+20,1.491791366221006029e+19,1.810880329182650880e+18,2.198176179386850240e+17
1.151515151515151471e-02,4.237912612032330955e+24,5.579872118421302721e+23,6.917833874056120841e+22,8.444520066963745014e+21,1.026598453600077218e+21,1.246661502945644380e+20,1.513445457035792794e+19,1.837170856918507264e+18,2.230091077564919360e+17
1.212121212121212120e-02,4.163211474744066261e+24,5.439493594920318319e+23,6.725827408850222842e+22,8.203403523202452816e+21,9.970487737542342083e+20,1.210696390297620644e+20,1.469756476842749133e+19,1.784127634995726336e+18,2.165700298765004160e+17
1.181818181818181795e-02,4.201061022925188644e+24,5.510420452725809773e+23,6.822725273900949491e+22,8.325034610479304016e+21,1.011953134374577111e+21,1.228835884723334840e+20,1.491791366221004390e+19,1.810880329182649088e+18,2.198176179386848000e+17
1.242424242424242445e-02,4.124360796608390853e+24,5.367117436247370535e+23,6.627190541964702174e+22,8.079695607098279723e+21,9.818940034340211917e+20,1.192253593271108895e+20,1.447353656099338650e+19,1.756928404180188672e+18,2.132682411764758080e+17
1.212121212121212120e-02,4.163211474744062503e+24,5.439493594920315634e+23,6.725827408850220325e+22,8.203403523202444427e+21,9.970487737542328975e+20,1.210696390297619661e+20,1.469756476842747699e+19,1.784127634995724800e+18,2.165700298765001280e+17
1.272727272727272770e-02,4.084505733131858430e+24,5.293318600690329127e+23,6.526865934426313222e+22,7.953980799398299304e+21,9.664975874608958013e+20,1.173518225519241462e+20,1.424595962418270003e+19,1.729298498370994688e+18,2.099141775732889600e+17
1.242424242424242445e-02,4.124360796608386558e+24,5.367117436247370535e+23,6.627190541964696302e+22,8.079695607098276577e+21,9.818940034340197499e+20,1.192253593271108403e+20,1.447353656099337626e+19,1.756928404180186880e+18,2.132682411764755840e+17
1.303030303030303094e-02,4.043642944094821375e+24,5.218124450864669886e+23,6.424905823987426342e+22,7.826330129006478754e+21,9.508684162523501691e+20,1.154501169689428296e+20,1.401496636270512742e+19,1.701253999838589696e+18,2.065097915721285120e+17
1.272727272727272770e-02,4.084505733131852524e+24,5.293318600690325772e+23,6.526865934426304833e+22,7.953980799398298255e+21,9.664975874608951460e+20,1.173518225519240643e+20,1.424595962418268570e+19,1.729298498370993408e+18,2.099141775732888320e+17
1.333333333333333245e-02,4.001769004108740366e+24,5.141563094069534901e+23,6.321363402770398734e+22,7.696815672076503351e+21,9.350155005263132754e+20,1.135213451599832187e+20,1.378069090866052506e+19,1.672811200168768256e+18,2.030570610737250560e+17
1.303030303030303094e-02,4.043642944094819764e+24,5.218124450864669215e+23,6.424905823987423825e+22,7.826330129006477705e+21,9.508684162523499069e+20,1.154501169689427313e+20,1.401496636270512128e+19,1.701253999838588416e+18,2.065097915721284800e+17
1.363636363636363570e-02,3.958880402272493576e+24,5.063663388500533623e+23,6.216292794408194015e+22,7.565510506779193115e+21,9.189479651465287434e+20,1.115666232543453512e+20,1.354326902737672192e+19,1.643986588808080640e+18,1.995579879831093760e+17
1.333333333333333245e-02,4.001769004108737145e+24,5.141563094069529532e+23,6.321363402770393701e+22,7.696815672076496011e+21,9.350155005263126200e+20,1.135213451599831695e+20,1.378069090866051277e+19,1.672811200168767232e+18,2.030570610737248640e+17
1.393939393939393895e-02,3.914973541820431484e+24,4.984454949624502435e+23,6.109749030516566471e+22,7.432488667280152986e+21,9.026750428875615109e+20,1.095870801503189402e+20,1.330283802220157338e+19,1.614796841483581440e+18,1.960145968031517120e+17
1.363636363636363570e-02,3.958880402272491965e+24,5.063663388500531610e+23,6.216292794408187304e+22,7.565510506779185775e+21,9.189479651465276948e+20,1.115666232543452037e+20,1.354326902737669734e+19,1.643986588808079872e+18,1.995579879831091840e+17
1.424242424242424220e-02,3.870044739762210583e+24,4.903968156717405207e+23,6.001788026488451655e+22,7.297825096947803881e+21,8.862060681236982006e+20,1.075838567283725926e+20,1.305953663832205107e+19,1.585258808505733376e+18,1.924289332139732800e+17
1.393939393939393895e-02,3.914973541820427189e+24,4.984454949624499080e+23,6.109749030516563955e+22,7.432488667280146694e+21,9.026750428875609866e+20,1.095870801503187763e+20,1.330283802220155085e+19,1.614796841483579648e+18,1.960145968031516480e+17
1.454545454545454544e-02,3.824090226514139153e+24,4.822234159566204961e+23,5.892466556600339294e+22,7.161595600813205488e+21,8.695504704460657787e+20,1.055581050566095667e+20,1.281350496568339661e+19,1.555389502963503360e+18,1.888030626393094080e+17
1.424242424242424220e-02,3.870044739762204141e+24,4.903968156717399839e+23,6.001788026488443267e+22,7.297825096947798639e+21,8.862060681236976763e+20,1.075838567283725271e+20,1.305953663832203878e+19,1.585258808505732096e+18,1.924289332139733120e+17
1.484848484848484869e-02,3.777106145522176311e+24,4.739284885335924005e+23,5.781842228420881783e+22,7.023876797303407772e+21,8.527177682123637391e+20,1.035109875890877891e+20,1.256488434108230451e+19,1.525206088820618240e+18,1.851390688009322560e+17
1.454545454545454544e-02,3.824090226514134322e+24,4.822234159566202276e+23,5.892466556600334261e+22,7.161595600813198148e+21,8.695504704460643369e+20,1.055581050566094684e+20,1.281350496568338432e+19,1.555389502963502592e+18,1.888030626393093440e+17
1.515151515151515194e-02,3.729088552876305147e+24,4.655153045602779718e+23,5.669973456511150168e+22,6.884746069270878749e+21,8.357175620336996844e+20,1.014436763576004116e+20,1.231381724950901350e+19,1.494725868922148864e+18,1.814390522622329600e+17
1.484848484848484869e-02,3.777106145522171479e+24,4.739284885335921991e+23,5.781842228420878428e+22,7.023876797303401480e+21,8.527177682123626906e+20,1.035109875890877071e+20,1.256488434108229632e+19,1.525206088820617472e+18,1.851390688009321600e+17
1.545454545454545518e-02,3.680033416916335795e+24,4.569872143554712657e+23,5.556919435406103020e+22,6.744281514342386500e+21,8.185595282030624768e+20,9.935735215752832614e+19,1.206044722481331610e+19,1.463966272920566272e+18,1.777051289620880640e+17
1.515151515151515194e-02,3.729088552876301389e+24,4.655153045602778376e+23,5.669973456511144296e+22,6.884746069270869311e+21,8.357175620336985047e+20,1.014436763576003789e+20,1.231381724950900326e+19,1.494725868922147328e+18,1.814390522622328000e+17
1.575757575757575843e-02,3.629936617829054145e+24,4.483476481360352541e+23,5.442740111866351269e+22,6.602561894611346784e+21,8.012534120700444672e+20,9.725320372837136794e+19,1.180491874977054106e+19,1.432944845130561280e+18,1.739394287401263040e+17
1.545454545454545518e-02,3.680033416916332037e+24,4.569872143554707959e+23,5.556919435406094631e+22,6.744281514342377062e+21,8.185595282030614282e+20,9.935735215752826061e+19,1.206044722481331405e+19,1.463966272920564992e+18,1.777051289620878720e+17
1.606060606060605994e-02,3.578793947236640496e+24,4.396001167707672360e+23,5.327496156389339824e+22,6.459666585698458141e+21,7.838090213665043907e+20,9.513242692958189978e+19,1.154737715562349773e+19,1.401679232321877504e+18,1.701440938545338240e+17
1.575757575757575843e-02,3.629936617829051461e+24,4.483476481360349186e+23,5.442740111866351269e+22,6.602561894611344687e+21,8.012534120700442051e+20,9.725320372837130240e+19,1.180491874977053696e+19,1.432944845130560256e+18,1.739394287401262720e+17
1.636363636363636492e-02,3.526601107776310365e+24,4.307482125513557342e+23,5.211248933968288311e+22,6.315675525206082847e+21,7.662362194878819205e+20,9.299622391231224218e+19,1.128796852117699379e+19,1.370187171459514368e+18,1.663212774935201600e+17
1.606060606060605994e-02,3.578793947236638348e+24,4.396001167707670346e+23,5.327496156389338146e+22,6.459666585698457092e+21,7.838090213665042596e+20,9.513242692958183424e+19,1.154737715562348954e+19,1.401679232321876736e+18,1.701440938545338240e+17
1.666666666666666644e-02,3.473353712671098545e+24,4.217956099805503470e+23,5.094060474087594839e+22,6.170669160592834560e+21,7.485449187349874606e+20,9.084580228771119104e+19,1.102683957152237568e+19,1.338486477400677120e+18,1.624731422815952960e+17
1.636363636363636492e-02,3.526601107776310365e+24,4.307482125513554657e+23,5.211248933968287472e+22,6.315675525206080750e+21,7.662362194878819205e+20,9.299622391231219302e+19,1.128796852117699584e+19,1.370187171459512832e+18,1.663212774935201600e+17
1.696969696969696795e-02,3.419047285291754189e+24,4.127460665776827972e+23,4.975993439942650888e+22,6.024728396495293776e+21,7.307450735210893148e+20,8.868237429239051059e+19,1.076413757646829568e+19,1.306595030557832704e+18,1.586018587817904320e+17
1.666666666666666644e-02,3.473353712671098009e+24,4.217956099805502127e+23,5.094060474087591484e+22,6.170669160592830366e+21,7.485449187349871985e+20,9.084580228771117466e+19,1.102683957152237773e+19,1.338486477400676864e+18,1.624731422815952000e+17
1.727272727272727293e-02,3.363677258709604105e+24,4.036034237016589017e+23,4.857111096871950798e+22,5.877934541525001175e+21,7.128466735492323082e+20,8.650715595169398784e+19,1.050001024875610726e+19,1.274530764537328128e+18,1.547096039949680000e+17
1.696969696969696795e-02,3.419047285291751504e+24,4.127460665776827972e+23,4.975993439942649210e+22,6.024728396495295873e+21,7.307450735210891837e+20,8.868237429239057613e+19,1.076413757646829158e+19,1.306595030557832448e+18,1.586018587817902400e+17
1.757575757575757444e-02,3.307238975240559846e+24,3.943716073915783620e+23,4.737477279989258571e+22,5.730369254569341354e+21,6.948597369647362212e+20,8.432136624140789350e+19,1.023460564213700403e+19,1.242311653762978304e+18,1.507985598573714880e+17
1.727272727272727293e-02,3.363677258709601958e+24,4.036034237016588346e+23,4.857111096871948281e+22,5.877934541524996981e+21,7.128466735492325704e+20,8.650715595169405338e+19,1.050001024875611546e+19,1.274530764537327360e+18,1.547096039949680320e+17
1.787878787878787942e-02,3.249727685979878254e+24,3.850546292250984736e+23,4.617156361002857320e+22,5.582114490625940259e+21,6.767943034878794138e+20,8.212622624854002893e+19,9.968072049388552192e+18,1.209955701094067200e+18,1.468709117375476160e+17
1.757575757575757444e-02,3.307238975240560383e+24,3.943716073915782277e+23,4.737477279989253538e+22,5.730369254569337160e+21,6.948597369647362212e+20,8.432136624140786074e+19,1.023460564213700403e+19,1.242311653762978048e+18,1.507985598573714880e+17
1.818181818181818094e-02,3.191138550327934800e+24,3.756565871947006020e+23,4.496213214209236376e+22,5.433252446201040601e+21,6.586604275317928100e+20,7.992295833181180723e+19,9.700557900348076032e+18,1.177480925447159040e+18,1.429288469337978880e+17
1.787878787878787942e-02,3.249727685979878254e+24,3.850546292250984065e+23,4.617156361002858997e+22,5.582114490625939210e+21,6.767943034878788895e+20,8.212622624854004531e+19,9.968072049388550144e+18,1.209955701094067456e+18,1.468709117375475520e+17
1.848484848484848592e-02,3.131466635506683814e+24,3.661816666019951175e+23,4.374713181647601349e+22,5.283865504303073460e+21,6.404681713107120947e+20,7.771278528249624986e+19,9.432211660040880128e+18,1.144905349431147904e+18,1.389745531732911520e+17
1.818181818181818094e-02,3.191138550327934263e+24,3.756565871947004007e+23,4.496213214209237215e+22,5.433252446201037455e+21,6.586604275317921546e+20,7.992295833181177446e+19,9.700557900348071936e+18,1.177480925447159040e+18,1.429288469337977920e+17
1.878787878787878743e-02,3.070706916066998356e+24,3.566341409702224970e+23,4.252722037401995077e+22,5.134036179063779885e+21,6.222275979436624445e+20,7.549692948624213606e+19,9.163181726980289536e+18,1.112246987004938880e+18,1.350102171139836800e+17
1.848484848484848592e-02,3.131466635506685961e+24,3.661816666019948491e+23,4.374713181647602188e+22,5.283865504303071363e+21,6.404681713107115704e+20,7.771278528249620070e+19,9.432211660040882176e+18,1.144905349431148160e+18,1.389745531732912000e+17
1.909090909090909241e-02,3.008854273386583173e+24,3.470183729750884997e+23,4.130305951037025524e+22,4.983847060019878035e+21,6.039487645587691274e+20,7.327661208652178227e+19,8.893616331716967424e+18,1.079523831167116032e+18,1.310380228504774560e+17
1.878787878787878743e-02,3.070706916066998893e+24,3.566341409702222286e+23,4.252722037401992561e+22,5.134036179063775691e+21,6.222275979436623135e+20,7.549692948624207053e+19,9.163181726980283392e+18,1.112246987004938496e+18,1.350102171139837120e+17
1.939393939393939392e-02,2.945903495158651324e+24,3.373388153941059541e+23,4.007531450153061633e+22,4.833380756089460490e+21,5.856417154033971364e+20,7.105305215034042778e+19,8.623663435714772992e+18,1.046753841686935040e+18,1.270601504249526720e+17
1.909090909090909241e-02,3.008854273386582100e+24,3.470183729750884997e+23,4.130305951037023008e+22,4.983847060019871744e+21,6.039487645587689964e+20,7.327661208652172493e+19,8.893616331716968448e+18,1.079523831167115520e+18,1.310380228504774080e+17
1.969696969696969543e-02,2.881849274871085307e+24,3.276000120745857636e+23,3.884465382046608812e+22,4.682719839277994213e+21,5.673164749653388820e+20,6.882746583684195123e+19,8.353470630629296128e+18,1.013954932885917568e+18,1.230787743442982560e+17
1.939393939393939392e-02,2.945903495158649714e+24,3.373388153941056857e+23,4.007531450153060794e+22,4.833380756089458393e+21,5.856417154033962844e+20,7.105305215034040320e+19,8.623663435714768896e+18,1.046753841686935296e+18,1.270601504249525920e+17
2.000000000000000042e-02,2.816686211276191134e+24,3.178065989204477194e+23,3.761174874460930651e+22,4.531946788149995241e+21,5.489830411103096013e+20,6.660106556944760013e+19,8.083185038065957888e+18,9.811449614792785920e+17,1.190960621045594720e+17
1.969696969696969543e-02,2.881849274871085307e+24,3.276000120745856294e+23,3.884465382046604617e+22,4.682719839277992116e+21,5.673164749653382922e+20,6.882746583684188570e+19,8.353470630629295104e+18,1.013954932885917568e+18,1.230787743442981280e+17
2.030303030303030193e-02,2.750408807850880000e+24,3.079633048980129894e+23,3.637727295412075338e+22,4.381143931103248122e+21,5.306513782410211492e+20,6.437505921215786189e+19,7.812953209893276672e+18,9.483417144863764480e+17,1.151141727238169120e+17
2.000000000000000042e-02,2.816686211276190060e+24,3.178065989204476523e+23,3.761174874460930651e+22,4.531946788149994717e+21,5.489830411103097324e+20,6.660106556944757555e+19,8.083185038065960960e+18,9.811449614792787200e+17,1.190960621045593920e+17
2.060606060606060691e-02,2.683011472247234052e+24,2.980749530609416919e+23,3.514190212074810481e+22,4.230393389483673780e+21,5.123314104831326945e+20,6.215064925064818688e+19,7.542921029186655232e+18,9.155628972192748800e+17,1.111352552845990880e+17
2.030303030303030193e-02,2.750408807850877852e+24,3.079633048980129894e+23,3.637727295412070724e+22,4.381143931103246025e+21,5.306513782410208870e+20,6.437505921215780454e+19,7.812953209893276672e+18,9.483417144863760640e+17,1.151141727238168640e+17
2.090909090909090842e-02,2.614488515733465395e+24,2.881464615944890981e+23,3.390631348712910514e+22,4.079777020579727540e+21,4.940330149033900114e+20,5.992903197878385050e+19,7.273233611877711872e+18,8.828261213584682240e+17,1.071614474869259840e+17
2.060606060606060691e-02,2.683011472247234052e+24,2.980749530609414570e+23,3.514190212074808803e+22,4.230393389483673256e+21,5.123314104831323013e+20,6.215064925064817869e+19,7.542921029186651136e+18,9.155628972192747520e+17,1.111352552845990560e+17
2.121212121212121340e-02,2.544834152625107263e+24,2.781828448792612543e+23,3.267118543637770666e+22,3.929376360536515019e+21,4.757660147652726620e+20,5.771139669117823386e+19,7.004035209183295488e+18,8.501488931247296000e+17,1.031948742130674880e+17
2.090909090909090842e-02,2.614488515733465395e+24,2.881464615944889303e+23,3.390631348712907997e+22,4.079777020579724919e+21,4.940330149033900114e+20,5.992903197878382592e+19,7.273233611877704704e+18,8.828261213584678400e+17,1.071614474869258560e+17
2.151515151515151492e-02,2.474042499706450791e+24,2.681892145746368235e+23,3.143719705179083244e+22,3.779272567230715920e+21,4.575401728274768855e+20,5.549892488241074176e+19,6.735469110887735296e+18,8.175486015559505920e+17,9.923764610509371200e+16
2.121212121212121340e-02,2.544834152625106726e+24,2.781828448792612543e+23,3.267118543637766891e+22,3.929376360536512922e+21,4.757660147652727276e+20,5.771139669117822566e+19,7.004035209183296512e+18,8.501488931247297280e+17,1.031948742130674240e+17
2.181818181818181990e-02,2.402107575642116235e+24,2.581707807220370443e+23,3.020502766650862757e+22,3.629546363148547129e+21,4.393651846905551913e+20,5.329278945351796326e+19,6.467677549550952448e+18,7.850425068977232640e+17,9.529185815627494400e+16
2.151515151515151492e-02,2.474042499706447569e+24,2.681892145746367228e+23,3.143719705179080727e+22,3.779272567230712250e+21,4.575401728274766234e+20,5.549892488241070080e+19,6.735469110887730176e+18,8.175486015559498240e+17,9.923764610509364800e+16
2.212121212121212141e-02,2.329023300378725649e+24,2.481328528682375174e+23,2.897535640295996129e+22,3.480277978310192398e+21,4.212506721970545623e+20,5.109415392636679782e+19,6.200801605714692096e+18,7.526477291163712000e+17,9.135958831738867200e+16
2.181818181818181990e-02,2.402107575642116235e+24,2.581707807220370778e+23,3.020502766650862338e+22,3.629546363148546081e+21,4.393651846905551913e+20,5.329278945351792230e+19,6.467677549550948352e+18,7.850425068977235200e+17,9.529185815627492800e+16
2.242424242424242292e-02,2.254783494536540356e+24,2.380808412088911685e+23,2.774886170191899866e+22,3.331547093285176082e+21,4.032061768904597176e+20,4.890417166651024179e+19,5.934981114177766400e+18,7.203812365429693440e+17,8.744289611896435200e+16
2.212121212121212141e-02,2.329023300378724844e+24,2.481328528682376181e+23,2.897535640295995710e+22,3.480277978310188728e+21,4.212506721970543002e+20,5.109415392636678144e+19,6.200801605714689024e+18,7.526477291163712000e+17,9.135958831738864000e+16
2.272727272727272790e-02,2.179381878791137598e+24,2.280202577524735796e+23,2.652622084099789763e+22,3.183432782344504738e+21,3.852411535382700360e+20,4.672398511512320410e+19,5.670354571410727936e+18,6.882598346568221440e+17,8.354382131049494400e+16
2.242424242424242292e-02,2.254783494536540893e+24,2.380808412088909672e+23,2.774886170191899027e+22,3.331547093285175558e+21,4.032061768904595210e+20,4.890417166651024998e+19,5.934981114177764352e+18,7.203812365429687040e+17,8.744289611896433600e+16
2.303030303030302942e-02,2.102812073244926088e+24,2.179567175048300698e+23,2.530810944239503304e+22,3.036013456796349891e+21,3.673649637244918170e+20,4.455472503060448870e+19,5.407059044179002368e+18,6.563001550167005440e+17,7.966438251761761600e+16
2.272727272727272790e-02,2.179381878791138135e+24,2.280202577524735460e+23,2.652622084099790183e+22,3.183432782344503689e+21,3.852411535382695117e+20,4.672398511512317952e+19,5.670354571410726912e+18,6.882598346568222720e+17,8.354382131049492800e+16
2.333333333333333440e-02,2.025067596788450820e+24,2.078959396745217604e+23,2.409520096971543963e+22,2.889366808553432547e+21,3.495868695168203489e+20,4.239750974042759987e+19,5.145230079442746368e+18,6.245186443480555520e+17,7.580657591825931200e+16
2.303030303030302942e-02,2.102812073244924209e+24,2.179567175048298685e+23,2.530810944239503304e+22,3.036013456796348318e+21,3.673649637244914237e+20,4.455472503060447232e+19,5.407059044178997248e+18,6.563001550167009280e+17,7.966438251761761600e+16
2.363636363636363591e-02,1.946141866451499749e+24,1.978437488991817129e+23,2.288816621367816566e+22,2.743569753981604856e+21,3.319160272137769452e+20,4.025344440381295821e+19,4.885001615600629760e+18,5.929315537942600960e+17,7.197237393872309600e+16
2.333333333333333440e-02,2.025067596788450015e+24,2.078959396745215927e+23,2.409520096971542705e+22,2.889366808553430450e+21,3.495868695168201523e+20,4.239750974042756710e+19,5.145230079442749440e+18,6.245186443480558080e+17,7.580657591825926400e+16
2.393939393939394089e-02,1.866028196743850198e+24,1.878060764930754216e+23,2.168767276651857628e+22,2.598698378080174998e+21,3.143614811770027377e+20,3.812362028578596454e+19,4.626505895143328768e+18,5.615549283397962880e+17,6.816372397067116800e+16
2.363636363636363591e-02,1.946141866451497602e+24,1.978437488991817129e+23,2.288816621367815727e+22,2.743569753981605380e+21,3.319160272137768141e+20,4.025344440381295821e+19,4.885001615600631808e+18,5.929315537942599680e+17,7.197237393872307200e+16
2.424242424242424240e-02,1.784719798985620644e+24,1.777889617160762819e+23,2.049438448489326864e+22,2.454827879046017712e+21,2.969321577539062333e+20,3.600911404317643981e+19,4.369873378781598208e+18,5.304045964131678720e+17,6.438254710994679200e+16
2.393939393939394089e-02,1.866028196743849393e+24,1.878060764930753209e+23,2.168767276651856790e+22,2.598698378080177095e+21,3.143614811770026066e+20,3.812362028578594816e+19,4.626505895143331840e+18,5.615549283397960960e+17,6.816372397067113600e+16
2.454545454545454392e-02,1.702209780627187612e+24,1.677985530642672250e+23,1.930896094108948051e+22,2.312032513274769572e+21,2.796368592957999677e+20,3.391098702310412698e+19,4.115232661112322048e+18,4.994961596771441280e+17,6.063073691815633600e+16
2.424242424242424240e-02,1.784719798985619570e+24,1.777889617160763154e+23,2.049438448489326445e+22,2.454827879046016139e+21,2.969321577539061678e+20,3.600911404317642752e+19,4.369873378781597696e+18,5.304045964131676800e+17,6.438254710994676800e+16
2.484848484848484890e-02,1.618491144558468496e+24,1.578411095823843422e+23,1.813205686233750254e+22,2.170385540853793292e+21,2.624842582766259732e+20,3.183028457448759706e+19,3.862710387884814848e+18,4.688449830137914240e+17,5.691015820791178400e+16
2.454545454545454392e-02,1.702209780627186538e+24,1.677985530642672921e+23,1.930896094108947631e+22,2.312032513274767737e+21,2.796368592957999350e+20,3.391098702310411878e+19,4.115232661112319488e+18,4.994961596771439360e+17,6.063073691815628000e+16
2.515151515151515041e-02,1.533556788407703456e+24,1.479230021983169445e+23,1.696432155802247941e+22,2.029959171602991546e+21,2.454828915173152522e+20,2.976803537310092083e+19,3.612431174928158720e+18,4.384661847115849600e+17,5.322264585261753600e+16
2.484848484848484890e-02,1.618491144558467690e+24,1.578411095823842751e+23,1.813205686233749206e+22,2.170385540853791457e+21,2.624842582766260060e+20,3.183028457448760115e+19,3.862710387884812800e+18,4.688449830137911040e+17,5.691015820791177600e+16
2.545454545454545539e-02,1.447399503829405408e+24,1.380507150798892911e+23,1.580639833458550505e+22,1.890824511720959246e+21,2.286411545207619256e+20,2.772525076069149491e+19,3.364517528798966784e+18,4.083746268617164160e+17,4.957000362166048000e+16
2.515151515151515041e-02,1.533556788407702651e+24,1.479230021983167767e+23,1.696432155802246264e+22,2.029959171602990760e+21,2.454828915173151212e+20,2.976803537310092083e+19,3.612431174928157696e+18,4.384661847115847680e+17,5.322264585261756000e+16
2.575757575757575690e-02,1.360011975781677282e+24,1.282308470141510180e+23,1.465892389790284146e+22,1.753051511095457743e+21,2.119672959223452467e+20,2.570292409866301850e+19,3.119089769207604736e+18,3.785849059705325440e+17,4.595400304184334400e+16
2.545454545454545539e-02,1.447399503829405140e+24,1.380507150798892239e+23,1.580639833458550296e+22,1.890824511720959508e+21,2.286411545207618601e+20,2.772525076069149901e+19,3.364517528798966272e+18,4.083746268617164160e+17,4.957000362166046400e+16
2.606060606060606188e-02,1.271386781792577918e+24,1.184701128093971702e+23,1.352252774292548642e+22,1.616708911338605249e+21,1.954694120608281395e+20,2.370203013681188864e+19,2.876265953279165440e+18,3.491113437948561280e+17,4.237638228587673600e+16
2.575757575757575690e-02,1.360011975781678624e+24,1.282308470141509005e+23,1.465892389790282678e+22,1.753051511095457219e+21,2.119672959223450501e+20,2.570292409866301030e+19,3.119089769207604224e+18,3.785849059705324160e+17,4.595400304184335200e+16
2.636363636363636340e-02,1.181516391215552986e+24,1.087753447201616450e+23,1.239783153036043695e+22,1.481864194608812524e+21,1.791554416744331674e+20,2.172352439759680307e+19,2.636161801704321024e+18,3.199679784067665920e+17,3.883884508872603200e+16
2.606060606060606188e-02,1.271386781792577650e+24,1.184701128093971199e+23,1.352252774292547594e+22,1.616708911338604724e+21,1.954694120608281723e+20,2.370203013681187635e+19,2.876265953279162368e+18,3.491113437948560000e+17,4.237638228587675200e+16
2.666666666666666491e-02,1.090393164473906072e+24,9.915349389541001868e+22,1.128544845016784804e+22,1.348583533282897953e+21,1.630331607267607839e+20,1.976834257640471757e+19,2.398890626833085952e+18,2.911685554941949440e+17,3.534305969257947600e+16
2.636363636363636340e-02,1.181516391215552986e+24,1.087753447201616114e+23,1.239783153036042856e+22,1.481864194608812261e+21,1.791554416744331674e+20,2.172352439759679898e+19,2.636161801704321024e+18,3.199679784067665920e+17,3.883884508872602400e+16
2.696969696969696989e-02,9.980093522941451436e+23,8.961163185018145184e+22,1.018598257164659196e+22,1.216931740543551537e+21,1.471101773671645512e+20,1.783739995826583142e+19,2.164563262763354624e+18,2.627265199035229760e+17,3.189065782118834800e+16
2.666666666666666491e-02,1.090393164473905803e+24,9.915349389540996835e+22,1.128544845016784595e+22,1.348583533282896904e+21,1.630331607267608494e+20,1.976834257640471347e+19,2.398890626833084928e+18,2.911685554941948160e+17,3.534305969257945600e+16
2.727272727272727140e-02,9.043570949281371254e+23,8.015695196091653397e+22,9.100028179875727671e+21,1.086972221948812722e+21,1.313939270300779151e+20,1.593159085145360384e+19,1.933287997474052352e+18,2.346550074301397120e+17,2.848323368429696000e+16
2.696969696969696989e-02,9.980093522941451436e+23,8.961163185018140151e+22,1.018598257164658986e+22,1.216931740543551013e+21,1.471101773671645348e+20,1.783739995826582118e+19,2.164563262763355136e+18,2.627265199035227840e+17,3.189065782118834000e+16
2.757575757575757638e-02,8.094284213640089934e+23,7.079677098472313664e+22,8.028169098274982068e+21,9.587669280519314473e+20,1.158916676776877752e+20,1.405178803839371878e+19,1.705170507051154944e+18,2.069668368627253120e+17,2.512234301286010800e+16
2.727272727272727140e-02,9.043570949281360516e+23,8.015695196091651719e+22,9.100028179875725574e+21,1.086972221948811936e+21,1.313939270300778824e+20,1.593159085145359770e+19,1.933287997474052096e+18,2.346550074301395520e+17,2.848323368429694800e+16
2.787878787878787790e-02,7.132152485256764672e+23,6.153853060282938347e+22,6.970977997043596788e+21,8.323763081416980562e+20,1.006104751902423777e+20,1.219884224428955648e+19,1.480313792053103872e+18,1.796745022868060480e+17,2.180950212571792800e+16
2.757575757575757638e-02,8.094284213640087250e+23,7.079677098472312825e+22,8.028169098274975777e+21,9.587669280519311852e+20,1.158916676776877097e+20,1.405178803839371059e+19,1.705170507051153920e+18,2.069668368627250880e+17,2.512234301286008800e+16
2.818181818181818288e-02,6.157093804609483561e+23,5.238979898848312086e+22,5.929015687232703431e+21,7.078592651749638799e+20,8.555723890815326618e+19,1.037358162385735475e+19,1.258818116060181248e+18,1.527901656529111680e+17,1.854618702837297200e+16
2.787878787878787790e-02,7.132152485256760645e+23,6.153853060282934152e+22,6.970977997043594691e+21,8.323763081416972698e+20,1.006104751902423777e+20,1.219884224428954829e+19,1.480313792053102336e+18,1.796745022868058240e+17,2.180950212571790400e+16
2.848484848484848439e-02,5.169025075181325407e+23,4.335827239955454755e+22,4.902830400201665020e+21,5.852731119749599068e+20,7.073865732993127219e+19,8.576811266548549632e+18,1.040780946450816512e+18,1.263256496144432480e+17,1.533383254448608800e+16
2.818181818181818288e-02,6.157093804609478192e+23,5.238979898848310408e+22,5.929015687232702382e+21,7.078592651749636178e+20,8.555723890815329894e+19,1.037358162385734656e+19,1.258818116060181248e+18,1.527901656529111040e+17,1.854618702837295200e+16
2.878787878787878937e-02,4.167862055109464225e+23,3.445177679610604264e+22,3.892957052204446384e+21,4.646735287706500465e+20,5.616123396984874598e+19,6.809312720619603968e+18,8.262968974455710720e+17,1.002924306401355360e+17,1.217383148068102000e+16
2.848484848484848439e-02,5.169025075181325407e+23,4.335827239955456433e+22,4.902830400201662923e+21,5.852731119749593170e+20,7.073865732993125581e+19,8.576811266548551680e+18,1.040780946450815744e+18,1.263256496144432000e+17,1.533383254448608000e+16
2.909090909090909088e-02,3.153519348718089504e+23,2.567826948320012324e+22,2.899916493848374673e+21,3.461145221543859323e+20,4.183127337909297971e+19,5.071843536395445248e+18,6.154576754580517120e+17,7.470163240576952000e+16,9.067533825221054000e+15
2.878787878787878937e-02,4.167862055109463554e+23,3.445177679610604264e+22,3.892957052204444287e+21,4.646735287706499154e+20,5.616123396984871322e+19,6.809312720619606016e+18,8.262968974455708160e+17,1.002924306401355200e+17,1.217383148068100600e+16
2.939393939393939240e-02,2.125910397932501499e+23,1.704584077921170227e+22,1.924214744161939096e+21,2.296483855368086159e+20,2.775487733400269210e+19,3.365136829053286400e+18,4.083520267896720000e+17,4.956401946955324000e+16,6.016245981090754000e+15
2.909090909090909088e-02,3.153519348718087491e+23,2.567826948320011485e+22,2.899916493848371528e+21,3.461145221543860634e+20,4.183127337909295514e+19,5.071843536395443200e+18,6.154576754580517120e+17,7.470163240576948800e+16,9.067533825221054000e+15
2.969696969696969738e-02,1.084947473574878836e+23,8.562715709927212450e+21,9.663422090049933804e+20,1.153256611800159027e+20,1.393794119483587994e+19,1.689900861238964480e+18,2.050656877035211200e+17,2.488999123536662400e+16,3.021230033989687000e+15
2.939393939393939240e-02,2.125910397932501163e+23,1.704584077921168759e+22,1.924214744161936736e+21,2.296483855368084521e+20,2.775487733400265523e+19,3.365136829053287424e+18,4.083520267896720000e+17,4.956401946955322400e+16,6.016245981090748000e+15
2.999999999999999889e-02,3.054166653971730006e+21,2.372557287060216873e+20,2.677288354910794138e+19,3.195103891865942528e+18,3.861504383347911680e+17,4.681864580837548000e+16,5.681336910398574000e+15,6.895762078115500000e+14,8.370305571445176562e+13
2.969696969696969738e-02,1.084947473574878501e+23,8.562715709927209304e+21,9.663422090049923318e+20,1.153256611800158208e+20,1.393794119483586560e+19,1.689900861238962176e+18,2.050656877035209280e+17,2.488999123536661200e+16,3.021230033989684000e+15
