x,t=1.00e+00s,t=2.00e+00s,t=3.00e+00s,t=4.00e+00s,t=5.00e+00s,t=6.00e+00s,t=7.00e+00s,t=8.00e+00s,t=9.00e+00s
3.030303030303030300e-04,1.380314308667164819e+24,1.380314974992917479e+24,1.380315642900304999e+24,1.380316311494462085e+24,1.380316980386846130e+24,1.380317649138470676e+24,1.380318316795283630e+24,1.380318981043488131e+24,1.380319636585555285e+24
0.000000000000000000e+00,1.380314304322416973e+24,1.380314970636716297e+24,1.380315638533758315e+24,1.380316307123399243e+24,1.380316976013823172e+24,1.380317644766355567e+24,1.380318312430297898e+24,1.380318976700722413e+24,1.380319632299554807e+24
6.060606060606060601e-04,1.380314354363886782e+24,1.380315021059077496e+24,1.380315689072615670e+24,1.380316357713583336e+24,1.380317026626286872e+24,1.380317695367840256e+24,1.380318362948224804e+24,1.380319026958991970e+24,1.380319681895080846e+24
3.030303030303030300e-04,1.380314308667163745e+24,1.380314974992917747e+24,1.380315642900304462e+24,1.380316311494461816e+24,1.380316980386846130e+24,1.380317649138470676e+24,1.380318316795282825e+24,1.380318981043488668e+24,1.380319636585554211e+24
9.090909090909090901e-04,1.380314426412366899e+24,1.380315093539295242e+24,1.380315761699894707e+24,1.380316430409722778e+24,1.380317099352195269e+24,1.380317768075347671e+24,1.380318435529905783e+24,1.380319099153582848e+24,1.380319753105365614e+24
6.060606060606060601e-04,1.380314354363886513e+24,1.380315021059077228e+24,1.380315689072615401e+24,1.380316357713583067e+24,1.380317026626286603e+24,1.380317695367838377e+24,1.380318362948224535e+24,1.380319026958992507e+24,1.380319681895080846e+24
1.212121212121212120e-03,1.380314526796484924e+24,1.380315194334357618e+24,1.380315862668523958e+24,1.380316531465590600e+24,1.380317200445176172e+24,1.380317869137457691e+24,1.380318536405280021e+24,1.380319199462100591e+24,1.380319851979883703e+24
9.090909090909090901e-04,1.380314426412366899e+24,1.380315093539294974e+24,1.380315761699894438e+24,1.380316430409722241e+24,1.380317099352194464e+24,1.380317768075346329e+24,1.380318435529905247e+24,1.380319099153582580e+24,1.380319753105365078e+24
1.515151515151515150e-03,1.380314655816311433e+24,1.380315323733881515e+24,1.380315992254623919e+24,1.380316661151642772e+24,1.380317330172086904e+24,1.380317998815674769e+24,1.380318665823110142e+24,1.380319328101916446e+24,1.380319978664091963e+24
1.212121212121212120e-03,1.380314526796484924e+24,1.380315194334358155e+24,1.380315862668523958e+24,1.380316531465590063e+24,1.380317200445176709e+24,1.380317869137457423e+24,1.380318536405280021e+24,1.380319199462100591e+24,1.380319851979882898e+24
1.818181818181818180e-03,1.380314813578142301e+24,1.380315481839707856e+24,1.380316150550016159e+24,1.380316819554060227e+24,1.380317488614784174e+24,1.380318157184796564e+24,1.380318823841146547e+24,1.380319485088947293e+24,1.380320133078787977e+24
1.515151515151515150e-03,1.380314655816311164e+24,1.380315323733881515e+24,1.380315992254623383e+24,1.380316661151641698e+24,1.380317330172086904e+24,1.380317998815674769e+24,1.380318665823110948e+24,1.380319328101916983e+24,1.380319978664092232e+24
2.121212121212120993e-03,1.380315000135055808e+24,1.380315668703817826e+24,1.380316337599491279e+24,1.380317006712464308e+24,1.380317675808000307e+24,1.380318344270494902e+24,1.380319010462529124e+24,1.380319670371048204e+24,1.380320315046727302e+24
1.818181818181818180e-03,1.380314813578142032e+24,1.380315481839708662e+24,1.380316150550016695e+24,1.380316819554061838e+24,1.380317488614784174e+24,1.380318157184797638e+24,1.380318823841146815e+24,1.380319485088947562e+24,1.380320133078789051e+24
2.424242424242424240e-03,1.380315215518500242e+24,1.380315884358679497e+24,1.380316553430591028e+24,1.380317222649814837e+24,1.380317891769243470e+24,1.380318560078795354e+24,1.380319225663945060e+24,1.380319883852908753e+24,1.380320524310542077e+24
2.121212121212120993e-03,1.380315000135055539e+24,1.380315668703817020e+24,1.380316337599490743e+24,1.380317006712465114e+24,1.380317675807999233e+24,1.380318344270494097e+24,1.380319010462528319e+24,1.380319670371047398e+24,1.380320315046726497e+24
2.727272727272727487e-03,1.380315459748821132e+24,1.380316128826891109e+24,1.380316798062713087e+24,1.380317467381494775e+24,1.380318136507771197e+24,1.380318804604455374e+24,1.380319469402271808e+24,1.380320125398565576e+24,1.380320760526550361e+24
2.424242424242424240e-03,1.380315215518500242e+24,1.380315884358679229e+24,1.380316553430591028e+24,1.380317222649816448e+24,1.380317891769243202e+24,1.380318560078795085e+24,1.380319225663944523e+24,1.380319883852909021e+24,1.380320524310542614e+24
3.030303030303030300e-03,1.380315732839782236e+24,1.380316402125072843e+24,1.380317071510547588e+24,1.380317740918613324e+24,1.380318410027650284e+24,1.380319077833202251e+24,1.380319741614534144e+24,1.380320394826057284e+24,1.380321023248331105e+24
2.727272727272727487e-03,1.380315459748823011e+24,1.380316128826891914e+24,1.380316798062713893e+24,1.380317467381495849e+24,1.380318136507771734e+24,1.380318804604456448e+24,1.380319469402271808e+24,1.380320125398566918e+24,1.380320760526551434e+24
3.333333333333333114e-03,1.380316034800866038e+24,1.380316704265764661e+24,1.380317373785590009e+24,1.380318043269322064e+24,1.380318712328710544e+24,1.380319379741555665e+24,1.380320042214769369e+24,1.380320691897440273e+24,1.380321311902650862e+24
3.030303030303030300e-03,1.380315732839782236e+24,1.380316402125072574e+24,1.380317071510547856e+24,1.380317740918613056e+24,1.380318410027650284e+24,1.380319077833201446e+24,1.380319741614533875e+24,1.380320394826057284e+24,1.380321023248330836e+24
3.636363636363636360e-03,1.380316365638611625e+24,1.380317035258512664e+24,1.380317704896899780e+24,1.380318374439336790e+24,1.380319043406548829e+24,1.380319710295345395e+24,1.380320371088680351e+24,1.380321016304682979e+24,1.380321625757484801e+24
3.333333333333333114e-03,1.380316034800866038e+24,1.380316704265763855e+24,1.380317373785589204e+24,1.380318043269321795e+24,1.380318712328709202e+24,1.380319379741554860e+24,1.380320042214769637e+24,1.380320691897440005e+24,1.380321311902650862e+24
3.939393939393939607e-03,1.380316725357453819e+24,1.380317395110560585e+24,1.380318064851533263e+24,1.380318734432066632e+24,1.380319403251965589e+24,1.380320069447178892e+24,1.380320728086106444e+24,1.380321367650935253e+24,1.380321963880677917e+24
3.636363636363636360e-03,1.380316365638611893e+24,1.380317035258512933e+24,1.380317704896900049e+24,1.380318374439335984e+24,1.380319043406548561e+24,1.380319710295344858e+24,1.380320371088680351e+24,1.380321016304682710e+24,1.380321625757484533e+24
4.242424242424241987e-03,1.380317113960280718e+24,1.380317783827323571e+24,1.380318453654794206e+24,1.380319123248525204e+24,1.380319791849962260e+24,1.380320457132862501e+24,1.380321113010997155e+24,1.380321745426193890e+24,1.380322325087076129e+24
3.939393939393939607e-03,1.380316725357453819e+24,1.380317395110561122e+24,1.380318064851534605e+24,1.380318734432066364e+24,1.380319403251966931e+24,1.380320069447179160e+24,1.380320728086106713e+24,1.380321367650936059e+24,1.380321963880677917e+24
4.545454545454545234e-03,1.380317531448821582e+24,1.380318201412747891e+24,1.380318871310395339e+24,1.380319540887078807e+24,1.380320209178293327e+24,1.380320873266586264e+24,1.380321525608274106e+24,1.380322148975953387e+24,1.380322707871219310e+24
4.242424242424241987e-03,1.380317113960281523e+24,1.380317783827323571e+24,1.380318453654793669e+24,1.380319123248526278e+24,1.380319791849963602e+24,1.380320457132863037e+24,1.380321113010997423e+24,1.380321745426194427e+24,1.380322325087076934e+24
4.848484848484848481e-03,1.380317977823926815e+24,1.380318647869558703e+24,1.380319317820528170e+24,1.380319987343001098e+24,1.380320655205446617e+24,1.380321317734537576e+24,1.380321965546743513e+24,1.380322577460917004e+24,1.380323110321814535e+24
4.545454545454545234e-03,1.380317531448821582e+24,1.380318201412747086e+24,1.380318871310395070e+24,1.380319540887079344e+24,1.380320209178293327e+24,1.380320873266586264e+24,1.380321525608274375e+24,1.380322148975953119e+24,1.380322707871219847e+24
5.151515151515151728e-03,1.380318453085764994e+24,1.380319123199472651e+24,1.380319793185879893e+24,1.380320462607837164e+24,1.380321129887977729e+24,1.380321790386527336e+24,1.380322432396928777e+24,1.380323029805361864e+24,1.380323530013231509e+24
4.848484848484848481e-03,1.380317977823925473e+24,1.380318647869559777e+24,1.380319317820528170e+24,1.380319987343000829e+24,1.380320655205446617e+24,1.380321317734537576e+24,1.380321965546742976e+24,1.380322577460916736e+24,1.380323110321814535e+24
5.454545454545454974e-03,1.380318957233975612e+24,1.380319627403328865e+24,1.380320297405548029e+24,1.380320966668505343e+24,1.380321633166908709e+24,1.380322291024984900e+24,1.380322925602373668e+24,1.380323504630982764e+24,1.380323963867946044e+24
5.151515151515151728e-03,1.380318453085763652e+24,1.380319123199472651e+24,1.380319793185879088e+24,1.380320462607837701e+24,1.380321129887977460e+24,1.380321790386526262e+24,1.380322432396929045e+24,1.380323029805361864e+24,1.380323530013230703e+24
5.757575757575757354e-03,1.380319490267777251e+24,1.380320160481187474e+24,1.380320830476875335e+24,1.380321499506042814e+24,1.380322164962975667e+24,1.380322819390569405e+24,1.380323444442479041e+24,1.380324000172206964e+24,1.380324407982338064e+24
5.454545454545454974e-03,1.380318957233975880e+24,1.380319627403328328e+24,1.380320297405547492e+24,1.380320966668505611e+24,1.380321633166908709e+24,1.380322291024985168e+24,1.380322925602373399e+24,1.380323504630982228e+24,1.380323963867946849e+24
6.060606060606060601e-03,1.380320052186056443e+24,1.380320722432390811e+24,1.380321392395171169e+24,1.380322061093905877e+24,1.380322725170291822e+24,1.380323375143323991e+24,1.380323987984462020e+24,1.380324514167875380e+24,1.380324857406189057e+24
5.757575757575757354e-03,1.380319490267778057e+24,1.380320160481187474e+24,1.380320830476875066e+24,1.380321499506043083e+24,1.380322164962976204e+24,1.380322819390569942e+24,1.380323444442479578e+24,1.380324000172206964e+24,1.380324407982338601e+24
6.363636363636363848e-03,1.380320642987411416e+24,1.380321313255573344e+24,1.380321983153267232e+24,1.380322651395647437e+24,1.380323313647961846e+24,1.380323957838011139e+24,1.380324555021205673e+24,1.380325043722739014e+24,1.380325305863835079e+24
6.060606060606060601e-03,1.380320052186055637e+24,1.380320722432391347e+24,1.380321392395170632e+24,1.380322061093905877e+24,1.380322725170292359e+24,1.380323375143323722e+24,1.380323987984462289e+24,1.380324514167875380e+24,1.380324857406188520e+24
6.666666666666666227e-03,1.380321262670211426e+24,1.380321932948622488e+24,1.380322602740884861e+24,1.380323270361791083e+24,1.380323930208956018e+24,1.380324566891874656e+24,1.380325143990968353e+24,1.380325585130525364e+24,1.380325745401780532e+24
6.363636363636363848e-03,1.380320642987411416e+24,1.380321313255573344e+24,1.380321983153268037e+24,1.380322651395648242e+24,1.380323313647961309e+24,1.380323957838010871e+24,1.380324555021207015e+24,1.380325043722739551e+24,1.380325305863834811e+24
6.969696969696969474e-03,1.380321911232620642e+24,1.380322581508597263e+24,1.380323251143746242e+24,1.380323917925603760e+24,1.380324574605379564e+24,1.380325201542472484e+24,1.380325752873657559e+24,1.380326133647987437e+24,1.380326165943768266e+24
6.666666666666666227e-03,1.380321262670211694e+24,1.380321932948623294e+24,1.380322602740885934e+24,1.380323270361791083e+24,1.380323930208955481e+24,1.380324566891874925e+24,1.380325143990969158e+24,1.380325585130525095e+24,1.380325745401780532e+24
7.272727272727272721e-03,1.380322588672603787e+24,1.380323258931571264e+24,1.380323928342306591e+24,1.380324593997407624e+24,1.380325246508951222e+24,1.380325860792571198e+24,1.380326379056916072e+24,1.380326683206631457e+24,1.380326554729456081e+24
6.969696969696969474e-03,1.380321911232620642e+24,1.380322581508598069e+24,1.380323251143746242e+24,1.380323917925603491e+24,1.380324574605378490e+24,1.380325201542472484e+24,1.380325752873657827e+24,1.380326133647987169e+24,1.380326165943768534e+24
7.575757575757575968e-03,1.380323294987940362e+24,1.380323965212387308e+24,1.380324634310046363e+24,1.380325298456938492e+24,1.380325945485188879e+24,1.380326543338168530e+24,1.380327019163351263e+24,1.380327226045176371e+24,1.380326895606950521e+24
7.272727272727272721e-03,1.380322588672604055e+24,1.380323258931571264e+24,1.380323928342306591e+24,1.380324593997407624e+24,1.380325246508950685e+24,1.380325860792571735e+24,1.380326379056915536e+24,1.380326683206631188e+24,1.380326554729455813e+24
7.878787878787879215e-03,1.380324030176203444e+24,1.380324700344306324e+24,1.380325369011087818e+24,1.380326031143088113e+24,1.380326670959221632e+24,1.380327247474495593e+24,1.380327668827755135e+24,1.380327752241332898e+24,1.380327168141997633e+24
7.575757575757575968e-03,1.380323294987940631e+24,1.380323965212386772e+24,1.380324634310045289e+24,1.380325298456939297e+24,1.380325945485188879e+24,1.380326543338168799e+24,1.380327019163351800e+24,1.380327226045176639e+24,1.380326895606950789e+24
8.181818181818182462e-03,1.380324794234734446e+24,1.380325464318500544e+24,1.380326132396972449e+24,1.380326791840128601e+24,1.380327422170611562e+24,1.380327970973368449e+24,1.380328322410055824e+24,1.380328249115855339e+24,1.380327346497504391e+24
7.878787878787879215e-03,1.380324030176203981e+24,1.380324700344306324e+24,1.380325369011088086e+24,1.380326031143087844e+24,1.380326670959222169e+24,1.380327247474495324e+24,1.380327668827755672e+24,1.380327752241332630e+24,1.380327168141997365e+24
8.484848484848483974e-03,1.380325587160590512e+24,1.380326257123336242e+24,1.380326924402230729e+24,1.380327580259244613e+24,1.380328198113597587e+24,1.380328710923203805e+24,1.380328972625726264e+24,1.380328700474723584e+24,1.380327398025724105e+24
8.181818181818182462e-03,1.380324794234734178e+24,1.380325464318501081e+24,1.380326132396972717e+24,1.380326791840128332e+24,1.380327422170611562e+24,1.380327970973368986e+24,1.380328322410056092e+24,1.380328249115854802e+24,1.380327346497504659e+24
8.787878787878787221e-03,1.380326408950465052e+24,1.380327078743377306e+24,1.380327744938376667e+24,1.380328396013789770e+24,1.380328997458168460e+24,1.380329463520505056e+24,1.380329610070309571e+24,1.380329085646472372e+24,1.380327281501521366e+24
8.484848484848483974e-03,1.380325587160589438e+24,1.380326257123336510e+24,1.380326924402230460e+24,1.380327580259244344e+24,1.380328198113597856e+24,1.380328710923204342e+24,1.380328972625725727e+24,1.380328700474723047e+24,1.380327398025723837e+24
9.090909090909090468e-03,1.380327259600575275e+24,1.380327929157997426e+24,1.380328593885706571e+24,1.380329238586110991e+24,1.380329818445802434e+24,1.380330223798233793e+24,1.380330222608273107e+24,1.380329378260529980e+24,1.380326944907933071e+24
8.787878787878787221e-03,1.380326408950464247e+24,1.380327078743378380e+24,1.380327744938375861e+24,1.380328396013789501e+24,1.380328997458168729e+24,1.380329463520503714e+24,1.380329610070310376e+24,1.380329085646471835e+24,1.380327281501521366e+24
9.393939393939393714e-03,1.380328139106494949e+24,1.380328808339455137e+24,1.380329471082170790e+24,1.380330107283131821e+24,1.380330658751855171e+24,1.380330985272272520e+24,1.380330794588144549e+24,1.380329544698698102e+24,1.380326322664214788e+24
9.090909090909090468e-03,1.380327259600574738e+24,1.380327929157997694e+24,1.380328593885706035e+24,1.380329238586110723e+24,1.380329818445803508e+24,1.380330223798232451e+24,1.380330222608272838e+24,1.380329378260529711e+24,1.380326944907933340e+24
9.696969696969696961e-03,1.380329047462908782e+24,1.380329716250235244e+24,1.380330376308211669e+24,1.380331001176872498e+24,1.380331515304022211e+24,1.380331739481589082e+24,1.380331305835627675e+24,1.380329542134584909e+24,1.380325332160797504e+24
9.393939393939393714e-03,1.380328139106494144e+24,1.380328808339454332e+24,1.380329471082171059e+24,1.380330107283130747e+24,1.380330658751855976e+24,1.380330985272272520e+24,1.380330794588144549e+24,1.380329544698697297e+24,1.380326322664213714e+24
1.000000000000000021e-02,1.380329984663284936e+24,1.380330652839360242e+24,1.380331309266173478e+24,1.380331919024851329e+24,1.380332384042967290e+24,1.380332475390658540e+24,1.380331730363174334e+24,1.380329316054508050e+24,1.380323869434136645e+24
9.696969696969696961e-03,1.380329047462908514e+24,1.380329716250233096e+24,1.380330376308212206e+24,1.380331001176871156e+24,1.380331515304022211e+24,1.380331739481589082e+24,1.380331305835627943e+24,1.380329542134583836e+24,1.380325332160796699e+24
1.030303030303030346e-02,1.380330950699389152e+24,1.380331618037311790e+24,1.380332269552303522e+24,1.380332859163596877e+24,1.380333259606960879e+24,1.380333178613556385e+24,1.380332034718022993e+24,1.380328797126840373e+24,1.380321803776203845e+24
1.000000000000000021e-02,1.380329984663284936e+24,1.380330652839359168e+24,1.380331309266173478e+24,1.380331919024850523e+24,1.380332384042966485e+24,1.380332475390658272e+24,1.380331730363174602e+24,1.380329316054507245e+24,1.380323869434136377e+24
1.060606060606060670e-02,1.380331945560617425e+24,1.380332611748989650e+24,1.380333256618713492e+24,1.380333819366259600e+24,1.380334134916620464e+24,1.380333830407471615e+24,1.380332175869909926e+24,1.380327897254086729e+24,1.380318971026982300e+24
1.030303030303030346e-02,1.380330950699389152e+24,1.380331618037311790e+24,1.380332269552302985e+24,1.380332859163597146e+24,1.380333259606960074e+24,1.380333178613556117e+24,1.380332034718023530e+24,1.380328797126840373e+24,1.380321803776203577e+24
1.090909090909090995e-02,1.380332969233039564e+24,1.380333633843997004e+24,1.380334269721705911e+24,1.380334796652290572e+24,1.380335000628576209e+24,1.380334406368399246e+24,1.380332098513481859e+24,1.380326504601651792e+24,1.380315165242291143e+24
1.060606060606060670e-02,1.380331945560617156e+24,1.380332611748990456e+24,1.380333256618713492e+24,1.380333819366259869e+24,1.380334134916620195e+24,1.380333830407471078e+24,1.380332175869909926e+24,1.380327897254087535e+24,1.380318971026980957e+24
1.121212121212121146e-02,1.380334021698082254e+24,1.380334684143211971e+24,1.380335307851592217e+24,1.380335787033223441e+24,1.380335844417225726e+24,1.380334874742682915e+24,1.380331731627805711e+24,1.380324477347717483e+24,1.380310128361767564e+24
1.090909090909090995e-02,1.380332969233040101e+24,1.380333633843997809e+24,1.380334269721706448e+24,1.380334796652291109e+24,1.380335000628576209e+24,1.380334406368398978e+24,1.380332098513483202e+24,1.380326504601653134e+24,1.380315165242291143e+24
1.151515151515151471e-02,1.380335102930633624e+24,1.380335762400235500e+24,1.380336369637398986e+24,1.380336785173263302e+24,1.380336650031305585e+24,1.380335194243733744e+24,1.380330984094377471e+24,1.380321635838062955e+24,1.380303537420856963e+24
1.121212121212121146e-02,1.380334021698082522e+24,1.380334684143211166e+24,1.380335307851592217e+24,1.380335787033222367e+24,1.380335844417225995e+24,1.380334874742681841e+24,1.380331731627805711e+24,1.380324477347718557e+24,1.380310128361767833e+24
1.181818181818181795e-02,1.380336212896412319e+24,1.380336868275756584e+24,1.380337453217525524e+24,1.380337783936435809e+24,1.380337396055792092e+24,1.380335311232256270e+24,1.380329739124163494e+24,1.380317752755555809e+24,1.380294988753967795e+24
1.151515151515151471e-02,1.380335102930632818e+24,1.380335762400234695e+24,1.380336369637397912e+24,1.380336785173262497e+24,1.380336650031304511e+24,1.380335194243732938e+24,1.380330984094377202e+24,1.380321635838062955e+24,1.380303537420856426e+24
1.212121212121212120e-02,1.380337351548243225e+24,1.380338001302136499e+24,1.380338556064253925e+24,1.380338773782767119e+24,1.380338054288688200e+24,1.380335156079008686e+24,1.380327847180868522e+24,1.380312540824152230e+24,1.380283978520950267e+24
1.181818181818181795e-02,1.380336212896411782e+24,1.380336868275755510e+24,1.380337453217525256e+24,1.380337783936434735e+24,1.380337396055791286e+24,1.380335311232255734e+24,1.380329739124162421e+24,1.380317752755555540e+24,1.380294988753966989e+24
1.242424242424242445e-02,1.380338518820820290e+24,1.380339160834477316e+24,1.380339674745698622e+24,1.380339741963734785e+24,1.380338587615059253e+24,1.380334638479349729e+24,1.380325117009187352e+24,1.380305637458155862e+24,1.380269878752981128e+24
1.212121212121212120e-02,1.380337351548242152e+24,1.380338001302136231e+24,1.380338556064253656e+24,1.380338773782767388e+24,1.380338054288687663e+24,1.380335156079007344e+24,1.380327847180867717e+24,1.380312540824151962e+24,1.380283978520951072e+24
1.272727272727272770e-02,1.380339714623326430e+24,1.380340345983021263e+24,1.380340804603079331e+24,1.380340671451094852e+24,1.380338947225662903e+24,1.380333641425993503e+24,1.380321304280022093e+24,1.380296585636046073e+24,1.380251907953753846e+24
1.242424242424242445e-02,1.380338518820819216e+24,1.380339160834477048e+24,1.380339674745698890e+24,1.380339741963734516e+24,1.380338587615058985e+24,1.380334638479348387e+24,1.380325117009187352e+24,1.380305637458155862e+24,1.380269878752982201e+24
1.303030303030303094e-02,1.380340938829034072e+24,1.380341555519770080e+24,1.380341939313356472e+24,1.380341539511852247e+24,1.380339068982317193e+24,1.380332013467177916e+24,1.380316097245498365e+24,1.380284810120298184e+24,1.380229095104540970e+24
1.272727272727272770e-02,1.380339714623326430e+24,1.380340345983021800e+24,1.380340804603079062e+24,1.380340671451094315e+24,1.380338947225662635e+24,1.380333641425992697e+24,1.380321304280021556e+24,1.380296585636045268e+24,1.380251907953754651e+24
1.333333333333333245e-02,1.380342191260653140e+24,1.380342787749499638e+24,1.380343070296808081e+24,1.380342315814165705e+24,1.380338868674074287e+24,1.380329558778152533e+24,1.380309098650691200e+24,1.380269587956000702e+24,1.380200235703739806e+24
1.303030303030303094e-02,1.380340938829034877e+24,1.380341555519770885e+24,1.380341939313357009e+24,1.380341539511853052e+24,1.380339068982317193e+24,1.380332013467178184e+24,1.380316097245498365e+24,1.380284810120297647e+24,1.380229095104541238e+24
1.363636363636363570e-02,1.380343471669659377e+24,1.380344040331619997e+24,1.380344185915035932e+24,1.380342959912086877e+24,1.380338235833756588e+24,1.380326024449378897e+24,1.380299802970768672e+24,1.380250011956910347e+24,1.380163838220144237e+24
1.333333333333333245e-02,1.380342191260652871e+24,1.380342787749499906e+24,1.380343070296808081e+24,1.380342315814164900e+24,1.380338868674074555e+24,1.380329558778152533e+24,1.380309098650690663e+24,1.380269587956000971e+24,1.380200235703741417e+24
1.393939393939393895e-02,1.380344779707159975e+24,1.380345310034191083e+24,1.380345270385824334e+24,1.380343417908730173e+24,1.380337025689022133e+24,1.380321084239687159e+24,1.380287567825834110e+24,1.380224945622727061e+24,1.380118059051103528e+24
1.363636363636363570e-02,1.380343471669659109e+24,1.380344040331620534e+24,1.380344185915034858e+24,1.380342959912085803e+24,1.380338235833757125e+24,1.380326024449378360e+24,1.380299802970768672e+24,1.380250011956910347e+24,1.380163838220145311e+24
1.424242424242424220e-02,1.380346114882778652e+24,1.380346592394308621e+24,1.380346302315890989e+24,1.380343618034194304e+24,1.380335048700495080e+24,1.380314317849673364e+24,1.380271578163945855e+24,1.380192967620614263e+24,1.380060623750075488e+24
1.393939393939393895e-02,1.380344779707158633e+24,1.380345310034191620e+24,1.380345270385822992e+24,1.380343417908729636e+24,1.380337025689022401e+24,1.380321084239685817e+24,1.380287567825834646e+24,1.380224945622728403e+24,1.380118059051103797e+24
1.454545454545454544e-02,1.380347476506648634e+24,1.380347881249313286e+24,1.380347252718247944e+24,1.380343464791795655e+24,1.380332056984537105e+24,1.380305184531734076e+24,1.380250801487988023e+24,1.380152303601720878e+24,1.379988731921063779e+24
1.424242424242424220e-02,1.380346114882778115e+24,1.380346592394308353e+24,1.380346302315889915e+24,1.380343618034193767e+24,1.380335048700494006e+24,1.380314317849672022e+24,1.380271578163945587e+24,1.380192967620614800e+24,1.380060623750075219e+24
1.484848484848484869e-02,1.380348863607533667e+24,1.380349168089885141e+24,1.380348082335113581e+24,1.380342831218334554e+24,1.380327726721851091e+24,1.380292989558628555e+24,1.380223932025542283e+24,1.380100742704877401e+24,1.379898942770217977e+24
1.454545454545454544e-02,1.380347476506648903e+24,1.380347881249313554e+24,1.380347252718248481e+24,1.380343464791794849e+24,1.380332056984537373e+24,1.380305184531734076e+24,1.380250801487988023e+24,1.380152303601720341e+24,1.379988731921062974e+24
1.515151515151515194e-02,1.380350274817234605e+24,1.380350441167522865e+24,1.380348738025920821e+24,1.380341548663741434e+24,1.380321635404534593e+24,1.380276841710983276e+24,1.380189321293593626e+24,1.380035535620274278e+24,1.379787037859491122e+24
1.484848484848484869e-02,1.380348863607534472e+24,1.380349168089884604e+24,1.380348082335112776e+24,1.380342831218334823e+24,1.380327726721850554e+24,1.380292989558627750e+24,1.380223932025542552e+24,1.380100742704877401e+24,1.379898942770218246e+24
1.545454545454545518e-02,1.380351708207345492e+24,1.380351684263590817e+24,1.380349147898049345e+24,1.380339393313166120e+24,1.380313232461252046e+24,1.380255599502914102e+24,1.380144891982196783e+24,1.379953270542644346e+24,1.379647857128181116e+24
1.515151515151515194e-02,1.380350274817234873e+24,1.380350441167522328e+24,1.380348738025921358e+24,1.380341548663741434e+24,1.380321635404534862e+24,1.380276841710983544e+24,1.380189321293593894e+24,1.380035535620274009e+24,1.379787037859491390e+24
1.575757575757575843e-02,1.380353161058676900e+24,1.380352874992143390e+24,1.380349214748458319e+24,1.380336068438739525e+24,1.380301801407205175e+24,1.380227803328984583e+24,1.380088031463725657e+24,1.379849722735559281e+24,1.379475103744078484e+24
1.545454545454545518e-02,1.380351708207345492e+24,1.380351684263591891e+24,1.380349147898049613e+24,1.380339393313166925e+24,1.380313232461252046e+24,1.380255599502913834e+24,1.380144891982197052e+24,1.379953270542642736e+24,1.379647857128181921e+24
1.606060606060605994e-02,1.380354629535482388e+24,1.380353982460816288e+24,1.380348807238810648e+24,1.380331181063557914e+24,1.380286411174544469e+24,1.380191590069172938e+24,1.380015460518324538e+24,1.379719672757783850e+24,1.379261112829684742e+24
1.575757575757575843e-02,1.380353161058677974e+24,1.380352874992143658e+24,1.380349214748458856e+24,1.380336068438740599e+24,1.380301801407205175e+24,1.380227803328984851e+24,1.380088031463726731e+24,1.379849722735558207e+24,1.379475103744080094e+24
1.636363636363636492e-02,1.380356108225094114e+24,1.380354964048316599e+24,1.380347748032975433e+24,1.380324211328447412e+24,1.380265853668025952e+24,1.380144585913429882e+24,1.379923072044541676e+24,1.379556687676004402e+24,1.378996578599848513e+24
1.606060606060605994e-02,1.380354629535482924e+24,1.380353982460816288e+24,1.380348807238811185e+24,1.380331181063558987e+24,1.380286411174545543e+24,1.380191590069173207e+24,1.380015460518323733e+24,1.379719672757784119e+24,1.379261112829686084e+24
1.666666666666666644e-02,1.380357589487181065e+24,1.380355760966891033e+24,1.380345797868871712e+24,1.380314472349150422e+24,1.380238563834571637e+24,1.380083772245740001e+24,1.379805733592953493e+24,1.379352858818083046e+24,1.378670233971842758e+24
1.636363636363636492e-02,1.380356108225095188e+24,1.380354964048318210e+24,1.380347748032975701e+24,1.380324211328449023e+24,1.380265853668027294e+24,1.380144585913431224e+24,1.379923072044541407e+24,1.379556687676005207e+24,1.378996578599849855e+24
1.696969696969696795e-02,1.380359062533770821e+24,1.380356292154611575e+24,1.380342634196392854e+24,1.380301057708707600e+24,1.380202517604971372e+24,1.380005318340884407e+24,1.379657046520176723e+24,1.379098488828066900e+24,1.378268476303146190e+24
1.666666666666666644e-02,1.380357589487181602e+24,1.380355760966891569e+24,1.380345797868871712e+24,1.380314472349151764e+24,1.380238563834573248e+24,1.380083772245740001e+24,1.379805733592953493e+24,1.379352858818083314e+24,1.378670233971844100e+24
1.727272727272727293e-02,1.380360512128274968e+24,1.380356445873450141e+24,1.380337822563815817e+24,1.380282772911490286e+24,1.380155101927892480e+24,1.379904373358779989e+24,1.379469053418871531e+24,1.378781719999337978e+24,1.377774932622708155e+24
1.696969696969696795e-02,1.380359062533770821e+24,1.380356292154612381e+24,1.380342634196394196e+24,1.380301057708708405e+24,1.380202517604972714e+24,1.380005318340884675e+24,1.379657046520176455e+24,1.379098488828067437e+24,1.378268476303147264e+24
1.757575757575757444e-02,1.380361916745456120e+24,1.380356068158083212e+24,1.380330778342870449e+24,1.380258046087899107e+24,1.380092949734297367e+24,1.379774808658011224e+24,1.379231884253344005e+24,1.378388095129793065e+24,1.377169957607643825e+24
1.727272727272727293e-02,1.380360512128275504e+24,1.380356445873451483e+24,1.380337822563817159e+24,1.380282772911491092e+24,1.380155101927894090e+24,1.379904373358781868e+24,1.379469053418872337e+24,1.378781719999339588e+24,1.377774932622710034e+24
1.787878787878787942e-02,1.380363245968358036e+24,1.380354946945127882e+24,1.380320715604680763e+24,1.380224811930164308e+24,1.380011731005270015e+24,1.379608899785153669e+24,1.378933330351216646e+24,1.377900041523033434e+24,1.376430057692750473e+24
1.757575757575757444e-02,1.380361916745456120e+24,1.380356068158084554e+24,1.380330778342871792e+24,1.380258046087899912e+24,1.380092949734298172e+24,1.379774808658012029e+24,1.379231884253344542e+24,1.378388095129793602e+24,1.377169957607644093e+24
1.818181818181818094e-02,1.380364456805138960e+24,1.380352790282606490e+24,1.380306578939336926e+24,1.380180361197633109e+24,1.379905889128159447e+24,1.379396935633448762e+24,1.378558334118514250e+24,1.377296268332517340e+24,1.375527235174529646e+24
1.787878787878787942e-02,1.380363245968358841e+24,1.380354946945129225e+24,1.380320715604682642e+24,1.380224811930165650e+24,1.380011731005270284e+24,1.379608899785155011e+24,1.378933330351218257e+24,1.377900041523033702e+24,1.376430057692750473e+24
1.848484848484848592e-02,1.380365488476623351e+24,1.380349196434059028e+24,1.380286952680854416e+24,1.380121146081901571e+24,1.379768309377357312e+24,1.379126740222101468e+24,1.378088381130569438e+24,1.376551067314352881e+24,1.374428247090578353e+24
1.818181818181818094e-02,1.380364456805139766e+24,1.380352790282606490e+24,1.380306578939337194e+24,1.380180361197634183e+24,1.379905889128159447e+24,1.379396935633449836e+24,1.378558334118514250e+24,1.377296268332517877e+24,1.375527235174530988e+24
1.878787878787878743e-02,1.380366255038212170e+24,1.380343612895935949e+24,1.380259940267516173e+24,1.380042529184828094e+24,1.379589903615344509e+24,1.378783090368056117e+24,1.377500780207103210e+24,1.375633507349214249e+24,1.373093775142281992e+24
1.848484848484848592e-02,1.380365488476624425e+24,1.380349196434059834e+24,1.380286952680855221e+24,1.380121146081902108e+24,1.379768309377358386e+24,1.379126740222102274e+24,1.378088381130569169e+24,1.376551067314353686e+24,1.374428247090578353e+24
1.909090909090909241e-02,1.380366634934560270e+24,1.380335280266695533e+24,1.380223004223570065e+24,1.379938460743012415e+24,1.379359092158762184e+24,1.378347010278194737e+24,1.376767816345220188e+24,1.374506513973950470e+24,1.371477505122283293e+24
1.878787878787878743e-02,1.380366255038212707e+24,1.380343612895936754e+24,1.380259940267516441e+24,1.380042529184828094e+24,1.379589903615344509e+24,1.378783090368056385e+24,1.377500780207104552e+24,1.375633507349215322e+24,1.373093775142281724e+24
1.939393939393939392e-02,1.380366456209264077e+24,1.380323155442682315e+24,1.380172754353521739e+24,1.379801064930748515e+24,1.379061160196757170e+24,1.377794921897088931e+24,1.375855761142869966e+24,1.373125826820298682e+24,1.369525117359413929e+24
1.909090909090909241e-02,1.380366634934561076e+24,1.380335280266696339e+24,1.380223004223570065e+24,1.379938460743012952e+24,1.379359092158762989e+24,1.378347010278195542e+24,1.376767816345221262e+24,1.374506513973951276e+24,1.371477505122284098e+24
1.969696969696969543e-02,1.380365475558595186e+24,1.380305806637193067e+24,1.380104668024827913e+24,1.379620111487890297e+24,1.378677462223458778e+24,1.377097627874409545e+24,1.374723725833055811e+24,1.371438830515047855e+24,1.367173193761487759e+24
1.939393939393939392e-02,1.380366456209265150e+24,1.380323155442682852e+24,1.380172754353523081e+24,1.379801064930748783e+24,1.379061160196756902e+24,1.377794921897088931e+24,1.375855761142869966e+24,1.373125826820300293e+24,1.369525117359413929e+24
2.000000000000000042e-02,1.380363348662112173e+24,1.380281270049987839e+24,1.380012721673126296e+24,1.379382343454324777e+24,1.378184443744061265e+24,1.376219102509370947e+24,1.373322343561176101e+24,1.369383258506261413e+24,1.364348052278875435e+24
1.969696969696969543e-02,1.380365475558595722e+24,1.380305806637193067e+24,1.380104668024828450e+24,1.379620111487891103e+24,1.378677462223459046e+24,1.377097627874409545e+24,1.374723725833056616e+24,1.371438830515048661e+24,1.367173193761488296e+24
2.030303030303030193e-02,1.380359588150592632e+24,1.380246854422647083e+24,1.379888906651870519e+24,1.379070625374510313e+24,1.377552445199979192e+24,1.375115065318136990e+24,1.371592270434412261e+24,1.366885774721440578e+24,1.360964526174390328e+24
2.000000000000000042e-02,1.380363348662114320e+24,1.380281270049988107e+24,1.380012721673127370e+24,1.379382343454325314e+24,1.378184443744062338e+24,1.376219102509370947e+24,1.373322343561176369e+24,1.369383258506261950e+24,1.364348052278875972e+24
2.060606060606060691e-02,1.380353504050461064e+24,1.380198874895252990e+24,1.379722594981635101e+24,1.378662868931777739e+24,1.376744248902585114e+24,1.373731312394044785e+24,1.369462499581024602e+24,1.363860445226476329e+24,1.356924713484719250e+24
2.030303030303030193e-02,1.380359588150593706e+24,1.380246854422647888e+24,1.379888906651870519e+24,1.379070625374511118e+24,1.377552445199979729e+24,1.375115065318136990e+24,1.371592270434411993e+24,1.366885774721440847e+24,1.360964526174390060e+24
2.090909090909090842e-02,1.380344119386026877e+24,1.380132291132353919e+24,1.379499711113866242e+24,1.378130684624214501e+24,1.375713326176602484e+24,1.372001783056969721e+24,1.366848489470782570e+24,1.360207121425595328e+24,1.352116731561842773e+24
2.060606060606060691e-02,1.380353504050461064e+24,1.380198874895253796e+24,1.379722594981635101e+24,1.378662868931778812e+24,1.376744248902585919e+24,1.373731312394045590e+24,1.369462499581025139e+24,1.363860445226476329e+24,1.356924713484720055e+24
2.121212121212121340e-02,1.380330050559060119e+24,1.380040216091828991e+24,1.379201654165601717e+24,1.377437698962211497e+24,1.374401739487217678e+24,1.369846344130109377e+24,1.363650117611810298e+24,1.355809768078949160e+24,1.346413522579422523e+24
2.090909090909090842e-02,1.380344119386027413e+24,1.380132291132354187e+24,1.379499711113866510e+24,1.378130684624213964e+24,1.375713326176603021e+24,1.372001783056970795e+24,1.366848489470782570e+24,1.360207121425594522e+24,1.352116731561843846e+24
2.151515151515151492e-02,1.380309337780802313e+24,1.379913250400792702e+24,1.378803900860520559e+24,1.376537467092876472e+24,1.372737653889219984e+24,1.367168282409973878e+24,1.359749484031535089e+24,1.350534783706946693e+24,1.339671768259986694e+24
2.121212121212121340e-02,1.380330050559060925e+24,1.380040216091829796e+24,1.379201654165601717e+24,1.377437698962211497e+24,1.374401739487218483e+24,1.369846344130110182e+24,1.363650117611811909e+24,1.355809768078950502e+24,1.346413522579423328e+24
2.181818181818181990e-02,1.380279204666084153e+24,1.379738582225961963e+24,1.378274202323688484e+24,1.375370901344473917e+24,1.370632414814548934e+24,1.363851508537409776e+24,1.355008606241733881e+24,1.344229377876216601e+24,1.331730985559131781e+24
2.151515151515151492e-02,1.380309337780803118e+24,1.379913250400794313e+24,1.378803900860520827e+24,1.376537467092877546e+24,1.372737653889219984e+24,1.367168282409974146e+24,1.359749484031536162e+24,1.350534783706947230e+24,1.339671768259986694e+24
2.212121212121212141e-02,1.380235717348603986e+24,1.379498772710227351e+24,1.377570267729903212e+24,1.373863127917278167e+24,1.367977156482592626e+24,1.359757493707192398e+24,1.349267069187701078e+24,1.336720089325726473e+24,1.322412889182278403e+24
2.181818181818181990e-02,1.380279204666084690e+24,1.379738582225963037e+24,1.378274202323688752e+24,1.375370901344474722e+24,1.370632414814550008e+24,1.363851508537410850e+24,1.355008606241734418e+24,1.344229377876217406e+24,1.331730985559132318e+24
2.242424242424242292e-02,1.380173301055087478e+24,1.379170121166567118e+24,1.376636804629376860e+24,1.371919678327147649e+24,1.364638918958603020e+24,1.354721985745422534e+24,1.342339720349816724e+24,1.327811550550810033e+24,1.311521120930314664e+24
2.212121212121212141e-02,1.380235717348604523e+24,1.379498772710227888e+24,1.377570267729902407e+24,1.373863127917278704e+24,1.367977156482592626e+24,1.359757493707194277e+24,1.349267069187700810e+24,1.336720089325726205e+24,1.322412889182278940e+24
2.272727272727272790e-02,1.380084054442328126e+24,1.378720470670240268e+24,1.375401759995373006e+24,1.369421921433280676e+24,1.360456274431121962e+24,1.348551584334452332e+24,1.334014531803243358e+24,1.317285627646468652e+24,1.298841459030723266e+24
2.242424242424242292e-02,1.380173301055088014e+24,1.379170121166567655e+24,1.376636804629377128e+24,1.371919678327148723e+24,1.364638918958603288e+24,1.354721985745423608e+24,1.342339720349818066e+24,1.327811550550809496e+24,1.311521120930315469e+24
2.303030303030302942e-02,1.379956776964750402e+24,1.378106271586966491e+24,1.373771578731728034e+24,1.366221649059091933e+24,1.355234497413556501e+24,1.341020297759397559e+24,1.324050787342681427e+24,1.304901087826952979e+24,1.284142631574978391e+24
2.272727272727272790e-02,1.380084054442328663e+24,1.378720470670241878e+24,1.375401759995373812e+24,1.369421921433282555e+24,1.360456274431123036e+24,1.348551584334453137e+24,1.334014531803245774e+24,1.317285627646469458e+24,1.298841459030723802e+24
2.333333333333333440e-02,1.379775588989780590e+24,1.377268665805553883e+24,1.371625269639907671e+24,1.362134747601398554e+24,1.348740362483312129e+24,1.331866256361108491e+24,1.312177792852409438e+24,1.290393969483527987e+24,1.267177865410278618e+24
2.303030303030302942e-02,1.379956776964749328e+24,1.378106271586965954e+24,1.373771578731728302e+24,1.366221649059092470e+24,1.355234497413557038e+24,1.341020297759398365e+24,1.324050787342682501e+24,1.304901087826954053e+24,1.284142631574978660e+24
2.363636363636363591e-02,1.379517973893135576e+24,1.376128285805758162e+24,1.368807046314509736e+24,1.356933925273064488e+24,1.340696720291450245e+24,1.320788821178333595e+24,1.298094350257579031e+24,1.273478848723153444e+24,1.247687303491279940e+24
2.333333333333333440e-02,1.379775588989781127e+24,1.377268665805554152e+24,1.371625269639907939e+24,1.362134747601400433e+24,1.348740362483312666e+24,1.331866256361109297e+24,1.312177792852410512e+24,1.290393969483529329e+24,1.267177865410279155e+24
2.393939393939394089e-02,1.379151999664288256e+24,1.374578378192799545e+24,1.365117298019835050e+24,1.350340527015496692e+24,1.330777091302885450e+24,1.307446399324779849e+24,1.281469276912780428e+24,1.253851209213644884e+24,1.225401417712763402e+24
2.363636363636363591e-02,1.379517973893135307e+24,1.376128285805759504e+24,1.368807046314510005e+24,1.356933925273065025e+24,1.340696720291450514e+24,1.320788821178334400e+24,1.298094350257579299e+24,1.273478848723153444e+24,1.247687303491279940e+24
2.424242424242424240e-02,1.378632375707313889e+24,1.372475759752184055e+24,1.360301652444495357e+24,1.342015565682122349e+24,1.318600629916227491e+24,1.291455358256957673e+24,1.261943289191245908e+24,1.231191125370050156e+24,1.200045528404491900e+24
2.393939393939394089e-02,1.379151999664288256e+24,1.374578378192800350e+24,1.365117298019835050e+24,1.350340527015497229e+24,1.330777091302885987e+24,1.307446399324780386e+24,1.281469276912782039e+24,1.253851209213644615e+24,1.225401417712763671e+24
2.454545454545454392e-02,1.377894855846759835e+24,1.369628995988661903e+24,1.354037931989661773e+24,1.331550239551351394e+24,1.303727950790837060e+24,1.272390514919478613e+24,1.239132595902873239e+24,1.205168458413057006e+24,1.171345513784780763e+24
2.424242424242424240e-02,1.378632375707314158e+24,1.372475759752184324e+24,1.360301652444496162e+24,1.342015565682122617e+24,1.318600629916228028e+24,1.291455358256958210e+24,1.261943289191246714e+24,1.231191125370050693e+24,1.200045528404491900e+24
2.484848484848484890e-02,1.376848293010154403e+24,1.365783061580805856e+24,1.345920897665154312e+24,1.318456404547498555e+24,1.285658473423681698e+24,1.249787755674520714e+24,1.212634557003995409e+24,1.175449736198792805e+24,1.139034750803693160e+24
2.454545454545454392e-02,1.377894855846760104e+24,1.369628995988662709e+24,1.354037931989662041e+24,1.331550239551352467e+24,1.303727950790838133e+24,1.272390514919479418e+24,1.239132595902873508e+24,1.205168458413057543e+24,1.171345513784780360e+24
2.515151515151515041e-02,1.375363359025534746e+24,1.360599609632794826e+24,1.335444847457167013e+24,1.302157736889903722e+24,1.263830125231591037e+24,1.223149408276449463e+24,1.182035747377759945e+24,1.141706836505021295e+24,1.102862271585138734e+24
2.484848484848484890e-02,1.376848293010155208e+24,1.365783061580806661e+24,1.345920897665154849e+24,1.318456404547499092e+24,1.285658473423682234e+24,1.249787755674522056e+24,1.212634557003996483e+24,1.175449736198793476e+24,1.139034750803694502e+24
2.545454545454545539e-02,1.373256528005552360e+24,1.353631863455695287e+24,1.321984426883591235e+24,1.281982668550464782e+24,1.237622436371264990e+24,1.191953023138108910e+24,1.146922714586044529e+24,1.103627515676517468e+24,1.062602046660080629e+24
2.515151515151515041e-02,1.375363359025534478e+24,1.360599609632795094e+24,1.335444847457166745e+24,1.302157736889902648e+24,1.263830125231591037e+24,1.223149408276448926e+24,1.182035747377760348e+24,1.141706836505021563e+24,1.102862271585139674e+24
2.575757575757575690e-02,1.370267332083948710e+24,1.344293090693739304e+24,1.304774467835660824e+24,1.257160608764108412e+24,1.206364241232047842e+24,1.155664208459868448e+24,1.106895623244807550e+24,1.060927717376797052e+24,1.018063218292148459e+24
2.545454545454545539e-02,1.373256528005552360e+24,1.353631863455695556e+24,1.321984426883592040e+24,1.281982668550464246e+24,1.237622436371265795e+24,1.191953023138108910e+24,1.146922714586045200e+24,1.103627515676518676e+24,1.062602046660080763e+24
2.606060606060606188e-02,1.366026060167456607e+24,1.331817694902219585e+24,1.282890359780509621e+24,1.226823473685132118e+24,1.169347340163296589e+24,1.113754078902152535e+24,1.061584827551044195e+24,1.013365458941336911e+24,9.691010071521792895e+23
2.575757575757575690e-02,1.370267332083949515e+24,1.344293090693740109e+24,1.304774467835661897e+24,1.257160608764108680e+24,1.206364241232047842e+24,1.155664208459868448e+24,1.106895623244808087e+24,1.060927717376796918e+24,1.018063218292148727e+24
2.636363636363636340e-02,1.360007879128747629e+24,1.315214282656835789e+24,1.255231448017367355e+24,1.190015107164422999e+24,1.125847524045305474e+24,1.065721693754064898e+24,1.010670200434472348e+24,9.607559278983195436e+23,9.156279083099414856e+23
2.606060606060606188e-02,1.366026060167456875e+24,1.331817694902220659e+24,1.282890359780510427e+24,1.226823473685132655e+24,1.169347340163297260e+24,1.113754078902153608e+24,1.061584827551045000e+24,1.013365458941337850e+24,9.691010071521794237e+23
2.666666666666666491e-02,1.351467663550405564e+24,1.293210830391516171e+24,1.220511324314084544e+24,1.145711730493708397e+24,1.075154260408704833e+24,1.011121550950974435e+24,9.539027706367028463e+23,9.029872352949116391e+23,8.576246853416070603e+23
2.636363636363636340e-02,1.360007879128747898e+24,1.315214282656837668e+24,1.255231448017368160e+24,1.190015107164422730e+24,1.125847524045304132e+24,1.065721693754065167e+24,1.010670200434472482e+24,9.607559278983192752e+23,9.156279083099414856e+23
2.696969696969696989e-02,1.339347412912554337e+24,1.264193600785259178e+24,1.177260691284650921e+24,1.092857000999137969e+24,1.016610002645667117e+24,9.495957450791615788e+23,8.911278834512089611e+23,8.400360774882980738e+23,7.951505741424588887e+23
2.666666666666666491e-02,1.351467663550405295e+24,1.293210830391516707e+24,1.220511324314085081e+24,1.145711730493707994e+24,1.075154260408704430e+24,1.011121550950973496e+24,9.539027706367031147e+23,9.029872352949119075e+23,8.576246853416073287e+23
2.727272727272727140e-02,1.322144712724358472e+24,1.226144248202720262e+24,1.123850762885676870e+24,1.030415412138357635e+24,9.496594203366172026e+23,8.809097795029752296e+23,8.223087238952973637e+23,7.719823718935718191e+23,7.283520327833928860e+23
2.696969696969696989e-02,1.339347412912554606e+24,1.264193600785258641e+24,1.177260691284650921e+24,1.092857000999138640e+24,1.016610002645666983e+24,9.495957450791621157e+23,8.911278834512090953e+23,8.400360774882984764e+23,7.951505741424592914e+23
2.757575757575757638e-02,1.297725830002427690e+24,1.176584401780884411e+24,1.058547818759411049e+24,9.574473622937005269e+23,8.739077644293646708e+23,8.049902555211613151e+23,7.475486542682665758e+23,6.990217785504034592e+23,6.574693338227828410e+23
2.727272727272727140e-02,1.322144712724359546e+24,1.226144248202719725e+24,1.123850762885676334e+24,1.030415412138357098e+24,9.496594203366169342e+23,8.809097795029752296e+23,8.223087238952968268e+23,7.719823718935722218e+23,7.283520327833931544e+23
2.787878787878787790e-02,1.263060114112878398e+24,1.112545165118371734e+24,9.796122422612563413e+23,8.732078750884545167e+23,7.891860032830430406e+23,7.219617900386045825e+23,6.671104696489486288e+23,6.214749267142428726e+23,5.828403042847258711e+23
2.757575757575757638e-02,1.297725830002428495e+24,1.176584401780884680e+24,1.058547818759411720e+24,9.574473622937005269e+23,8.739077644293646708e+23,8.049902555211614493e+23,7.475486542682667100e+23,6.990217785504042645e+23,6.574693338227827068e+23
2.818181818181818288e-02,1.213842534119044127e+24,1.030592347074226026e+24,8.854573922424537125e+23,7.772681763929238620e+23,6.956182831222588745e+23,6.321796309651748752e+23,5.814304297550843132e+23,5.397921645125165111e+23,5.049005875993731934e+23
2.787878787878787790e-02,1.263060114112878398e+24,1.112545165118372405e+24,9.796122422612559386e+23,8.732078750884546510e+23,7.891860032830429064e+23,7.219617900386048509e+23,6.671104696489487630e+23,6.214749267142428726e+23,5.828403042847257369e+23
2.848484848484848439e-02,1.143957189638393541e+24,9.269597997814274589e+23,7.748834589768559383e+23,6.696545564789015923e+23,5.936847900657265494e+23,5.362536995286843214e+23,4.911248609620609278e+23,4.545527682507317539e+23,4.241799385672093658e+23
2.818181818181818288e-02,1.213842534119045201e+24,1.030592347074226161e+24,8.854573922424535783e+23,7.772681763929246673e+23,6.956182831222586060e+23,6.321796309651754121e+23,5.814304297550846487e+23,5.397921645125168466e+23,5.049005875993731263e+23
2.878787878787878937e-02,1.044714728377496656e+24,7.978775186918092508e+23,6.473961444522174301e+23,5.509916717227266938e+23,4.842705364069379243e+23,4.350594064960230764e+23,3.969873176923084654e+23,3.664578060497483507e+23,3.412942676047042330e+23
2.848484848484848439e-02,1.143957189638393004e+24,9.269597997814274589e+23,7.748834589768559383e+23,6.696545564789015923e+23,5.936847900657262810e+23,5.362536995286847911e+23,4.911248609620605922e+23,4.545527682507317539e+23,4.241799385672091645e+23
2.909090909090909088e-02,9.037682921513337634e+23,6.402350555912108476e+23,5.036043718532409548e+23,4.226275688276760661e+23,3.686885772610313661e+23,3.297308269037811894e+23,2.999748123592105468e+23,2.763162524066416763e+23,2.569334160569182485e+23
2.878787878787878937e-02,1.044714728377496388e+24,7.978775186918097876e+23,6.473961444522179670e+23,5.509916717227267609e+23,4.842705364069379243e+23,4.350594064960234119e+23,3.969873176923083983e+23,3.664578060497482836e+23,3.412942676047045685e+23
2.939393939393939240e-02,7.035723398533725605e+23,4.528047729381034825e+23,3.456561629988601515e+23,2.867062370312227966e+23,2.486656744073533147e+23,2.216329353443496071e+23,2.011824927942789688e+23,1.850244776733589855e+23,1.718449519866355594e+23
2.909090909090909088e-02,9.037682921513334950e+23,6.402350555912112502e+23,5.036043718532410890e+23,4.226275688276761332e+23,3.686885772610312318e+23,3.297308269037812565e+23,2.999748123592107816e+23,2.763162524066415756e+23,2.569334160569182150e+23
2.969696969696969738e-02,4.191914021479948558e+23,2.383793353790843236e+23,1.776018033925235199e+23,1.461438444152195446e+23,1.262807890462940112e+23,1.123117653181853765e+23,1.018073237628027037e+23,9.353984378110187300e+22,8.681459747933718053e+22
2.939393939393939240e-02,7.035723398533729632e+23,4.528047729381035496e+23,3.456561629988601515e+23,2.867062370312226288e+23,2.486656744073530127e+23,2.216329353443495735e+23,2.011824927942787675e+23,1.850244776733589855e+23,1.718449519866354252e+23
2.999999999999999889e-02,1.518430948542648628e+22,7.377397032106949870e+21,5.442464082942426612e+21,4.465387717491280577e+21,3.853334051205318443e+21,3.424487743631698952e+21,3.102683389907146637e+21,2.849752487661175570e+21,2.644198612489360376e+21
2.969696969696969738e-02,4.191914021479947216e+23,2.383793353790843907e+23,1.776018033925235199e+23,1.461438444152195614e+23,1.262807890462939944e+23,1.123117653181853430e+23,1.018073237628026366e+23,9.353984378110185623e+22,8.681459747933719731e+22
