x,t=1.00e+06s,t=2.00e+06s,t=3.00e+06s,t=4.00e+06s,t=5.00e+06s,t=6.00e+06s,t=7.00e+06s,t=8.00e+06s,t=9.00e+06s
3.030303030303030300e-04,2.847180733134236877e+20,4.111220545171199200e+16,5.365433890670320312e+12,5.365433890670320312e+12,5.365433890670320312e+12,5.365433890670320312e+12,5.365433890670320312e+12,5.365433890670320312e+12,5.365433890670320312e+12
0.000000000000000000e+00,2.847268957355429724e+20,4.111402540792631200e+16,5.365696691394922852e+12,5.365696691394922852e+12,5.365696691394922852e+12,5.365696691394922852e+12,5.365696691394922852e+12,5.365696691394922852e+12,5.365696691394922852e+12
6.060606060606060601e-04,2.846247874886242796e+20,4.109296316491792000e+16,5.362655402472805664e+12,5.362655402472805664e+12,5.362655402472805664e+12,5.362655402472805664e+12,5.362655402472805664e+12,5.362655402472805664e+12,5.362655402472805664e+12
3.030303030303030300e-04,2.847180733134236221e+20,4.111220545171197600e+16,5.365433890670323242e+12,5.365433890670323242e+12,5.365433890670323242e+12,5.365433890670323242e+12,5.365433890670323242e+12,5.365433890670323242e+12,5.365433890670323242e+12
9.090909090909090901e-04,2.844780698727559987e+20,4.106270704564265600e+16,5.358287047349930664e+12,5.358287047349930664e+12,5.358287047349930664e+12,5.358287047349930664e+12,5.358287047349930664e+12,5.358287047349930664e+12,5.358287047349930664e+12
6.060606060606060601e-04,2.846247874886241157e+20,4.109296316491788800e+16,5.362655402472802734e+12,5.362655402472802734e+12,5.362655402472802734e+12,5.362655402472802734e+12,5.362655402472802734e+12,5.362655402472802734e+12,5.362655402472802734e+12
1.212121212121212120e-03,2.842741308778941972e+20,4.102066646728052800e+16,5.352218234184068359e+12,5.352218234184068359e+12,5.352218234184068359e+12,5.352218234184068359e+12,5.352218234184068359e+12,5.352218234184068359e+12,5.352218234184068359e+12
9.090909090909090901e-04,2.844780698727559004e+20,4.106270704564261600e+16,5.358287047349927734e+12,5.358287047349927734e+12,5.358287047349927734e+12,5.358287047349927734e+12,5.358287047349927734e+12,5.358287047349927734e+12,5.358287047349927734e+12
1.515151515151515150e-03,2.840124375427270574e+20,4.096674687246282400e+16,5.344436258200244141e+12,5.344436258200244141e+12,5.344436258200244141e+12,5.344436258200244141e+12,5.344436258200244141e+12,5.344436258200244141e+12,5.344436258200244141e+12
1.212121212121212120e-03,2.842741308778939679e+20,4.102066646728050400e+16,5.352218234184065430e+12,5.352218234184065430e+12,5.352218234184065430e+12,5.352218234184065430e+12,5.352218234184065430e+12,5.352218234184065430e+12,5.352218234184065430e+12
1.818181818181818180e-03,2.836928304495157248e+20,4.090093515830603200e+16,5.334940445471599609e+12,5.334940445471599609e+12,5.334940445471599609e+12,5.334940445471599609e+12,5.334940445471599609e+12,5.334940445471599609e+12,5.334940445471599609e+12
1.515151515151515150e-03,2.840124375427270246e+20,4.096674687246280800e+16,5.344436258200241211e+12,5.344436258200241211e+12,5.344436258200241211e+12,5.344436258200241211e+12,5.344436258200241211e+12,5.344436258200241211e+12,5.344436258200241211e+12
2.121212121212120993e-03,2.833152447873995899e+20,4.082324213696852000e+16,5.323733842622656250e+12,5.323733842622656250e+12,5.323733842622656250e+12,5.323733842622656250e+12,5.323733842622656250e+12,5.323733842622656250e+12,5.323733842622656250e+12
1.818181818181818180e-03,2.836928304495158231e+20,4.090093515830604000e+16,5.334940445471598633e+12,5.334940445471598633e+12,5.334940445471598633e+12,5.334940445471598633e+12,5.334940445471598633e+12,5.334940445471598633e+12,5.334940445471598633e+12
2.424242424242424240e-03,2.828796491275172250e+20,4.073368990550978400e+16,5.310821390806700195e+12,5.310821390806700195e+12,5.310821390806700195e+12,5.310821390806700195e+12,5.310821390806700195e+12,5.310821390806700195e+12,5.310821390806700195e+12
2.121212121212120993e-03,2.833152447873995244e+20,4.082324213696849600e+16,5.323733842622651367e+12,5.323733842622651367e+12,5.323733842622651367e+12,5.323733842622651367e+12,5.323733842622651367e+12,5.323733842622651367e+12,5.323733842622651367e+12
2.727272727272727487e-03,2.823860263405426770e+20,4.063230790862631200e+16,5.296209354577941406e+12,5.296209354577941406e+12,5.296209354577941406e+12,5.296209354577941406e+12,5.296209354577941406e+12,5.296209354577941406e+12,5.296209354577941406e+12
2.424242424242424240e-03,2.828796491275171267e+20,4.073368990550973600e+16,5.310821390806700195e+12,5.310821390806700195e+12,5.310821390806700195e+12,5.310821390806700195e+12,5.310821390806700195e+12,5.310821390806700195e+12,5.310821390806700195e+12
3.030303030303030300e-03,2.818343662706914099e+20,4.051913142725350400e+16,5.279905100652311523e+12,5.279905100652311523e+12,5.279905100652311523e+12,5.279905100652311523e+12,5.279905100652311523e+12,5.279905100652311523e+12,5.279905100652311523e+12
2.727272727272727487e-03,2.823860263405426770e+20,4.063230790862632000e+16,5.296209354577946289e+12,5.296209354577946289e+12,5.296209354577946289e+12,5.296209354577946289e+12,5.296209354577946289e+12,5.296209354577946289e+12,5.296209354577946289e+12
3.333333333333333114e-03,2.812246624973299712e+20,4.039420091040699200e+16,5.261916998062832031e+12,5.261916998062832031e+12,5.261916998062832031e+12,5.261916998062832031e+12,5.261916998062832031e+12,5.261916998062832031e+12,5.261916998062832031e+12
3.030303030303030300e-03,2.818343662706918687e+20,4.051913142725352000e+16,5.279905100652314453e+12,5.279905100652314453e+12,5.279905100652314453e+12,5.279905100652314453e+12,5.279905100652314453e+12,5.279905100652314453e+12,5.279905100652314453e+12
3.636363636363636360e-03,2.805569107471454700e+20,4.025756164749848000e+16,5.242254367042903320e+12,5.242254367042903320e+12,5.242254367042903320e+12,5.242254367042903320e+12,5.242254367042903320e+12,5.242254367042903320e+12,5.242254367042903320e+12
3.333333333333333114e-03,2.812246624973301023e+20,4.039420091040693600e+16,5.261916998062829102e+12,5.261916998062829102e+12,5.261916998062829102e+12,5.261916998062829102e+12,5.261916998062829102e+12,5.261916998062829102e+12,5.261916998062829102e+12
3.939393939393939607e-03,2.798311080541976330e+20,4.010926359497766400e+16,5.220927449838173828e+12,5.220927449838173828e+12,5.220927449838173828e+12,5.220927449838173828e+12,5.220927449838173828e+12,5.220927449838173828e+12,5.220927449838173828e+12
3.636363636363636360e-03,2.805569107471454044e+20,4.025756164749842400e+16,5.242254367042903320e+12,5.242254367042903320e+12,5.242254367042903320e+12,5.242254367042903320e+12,5.242254367042903320e+12,5.242254367042903320e+12,5.242254367042903320e+12
4.242424242424241987e-03,2.790472522816734167e+20,3.994936127791600000e+16,5.197947391952042969e+12,5.197947391952042969e+12,5.197947391952042969e+12,5.197947391952042969e+12,5.197947391952042969e+12,5.197947391952042969e+12,5.197947391952042969e+12
3.939393939393939607e-03,2.798311080541976003e+20,4.010926359497762400e+16,5.220927449838170898e+12,5.220927449838170898e+12,5.220927449838170898e+12,5.220927449838170898e+12,5.220927449838170898e+12,5.220927449838170898e+12,5.220927449838170898e+12
4.545454545454545234e-03,2.782053418411195105e+20,3.977791373191428000e+16,5.173326228785677734e+12,5.173326228785677734e+12,5.173326228785677734e+12,5.173326228785677734e+12,5.173326228785677734e+12,5.173326228785677734e+12,5.173326228785677734e+12
4.242424242424241987e-03,2.790472522816734167e+20,3.994936127791599200e+16,5.197947391952040039e+12,5.197947391952040039e+12,5.197947391952040039e+12,5.197947391952040039e+12,5.197947391952040039e+12,5.197947391952040039e+12,5.197947391952040039e+12
4.848484848484848481e-03,2.773053755170789130e+20,3.959498446664627200e+16,5.147076875026696289e+12,5.147076875026696289e+12,5.147076875026696289e+12,5.147076875026696289e+12,5.147076875026696289e+12,5.147076875026696289e+12,5.147076875026696289e+12
4.545454545454545234e-03,2.782053418411194778e+20,3.977791373191424000e+16,5.173326228785674805e+12,5.173326228785674805e+12,5.173326228785674805e+12,5.173326228785674805e+12,5.173326228785674805e+12,5.173326228785674805e+12,5.173326228785674805e+12
5.151515151515151728e-03,2.763473523527461437e+20,3.940064144280586400e+16,5.119213115575767578e+12,5.119213115575767578e+12,5.119213115575767578e+12,5.119213115575767578e+12,5.119213115575767578e+12,5.119213115575767578e+12,5.119213115575767578e+12
4.848484848484848481e-03,2.773053755170787164e+20,3.959498446664624800e+16,5.147076875026693359e+12,5.147076875026693359e+12,5.147076875026693359e+12,5.147076875026693359e+12,5.147076875026693359e+12,5.147076875026693359e+12,5.147076875026693359e+12
5.454545454545454974e-03,2.753312715771875164e+20,3.919495705675091200e+16,5.089749597160389648e+12,5.089749597160389648e+12,5.089749597160389648e+12,5.089749597160389648e+12,5.089749597160389648e+12,5.089749597160389648e+12,5.089749597160389648e+12
5.151515151515151728e-03,2.763473523527460127e+20,3.940064144280584800e+16,5.119213115575763672e+12,5.119213115575763672e+12,5.119213115575763672e+12,5.119213115575763672e+12,5.119213115575763672e+12,5.119213115575763672e+12,5.119213115575763672e+12
5.757575757575757354e-03,2.742571325538915779e+20,3.897800813004884800e+16,5.058701820313299805e+12,5.058701820313299805e+12,5.058701820313299805e+12,5.058701820313299805e+12,5.058701820313299805e+12,5.058701820313299805e+12,5.058701820313299805e+12
5.454545454545454974e-03,2.753312715771871560e+20,3.919495705675087200e+16,5.089749597160387695e+12,5.089749597160387695e+12,5.089749597160387695e+12,5.089749597160387695e+12,5.089749597160387695e+12,5.089749597160387695e+12,5.089749597160387695e+12
6.060606060606060601e-03,2.731249347443812270e+20,3.874987590181797600e+16,5.026086131318137695e+12,5.026086131318137695e+12,5.026086131318137695e+12,5.026086131318137695e+12,5.026086131318137695e+12,5.026086131318137695e+12,5.026086131318137695e+12
5.757575757575757354e-03,2.742571325538915123e+20,3.897800813004883200e+16,5.058701820313299805e+12,5.058701820313299805e+12,5.058701820313299805e+12,5.058701820313299805e+12,5.058701820313299805e+12,5.058701820313299805e+12,5.058701820313299805e+12
6.363636363636363848e-03,2.719346776828018360e+20,3.851064602363424000e+16,4.991919714178493164e+12,4.991919714178493164e+12,4.991919714178493164e+12,4.991919714178493164e+12,4.991919714178493164e+12,4.991919714178493164e+12,4.991919714178493164e+12
6.060606060606060601e-03,2.731249347443811287e+20,3.874987590181796000e+16,5.026086131318135742e+12,5.026086131318135742e+12,5.026086131318135742e+12,5.026086131318135742e+12,5.026086131318135742e+12,5.026086131318135742e+12,5.026086131318135742e+12
6.666666666666666227e-03,2.706863609602365194e+20,3.826040855627615200e+16,4.956220582339208008e+12,4.956220582339208008e+12,4.956220582339208008e+12,4.956220582339208008e+12,4.956220582339208008e+12,4.956220582339208008e+12,4.956220582339208008e+12
6.363636363636363848e-03,2.719346776828017050e+20,3.851064602363420800e+16,4.991919714178490234e+12,4.991919714178490234e+12,4.991919714178490234e+12,4.991919714178490234e+12,4.991919714178490234e+12,4.991919714178490234e+12,4.991919714178490234e+12
6.969696969696969474e-03,2.693799842076099543e+20,3.799925796631676800e+16,4.919007570131860352e+12,4.919007570131860352e+12,4.919007570131860352e+12,4.919007570131860352e+12,4.919007570131860352e+12,4.919007570131860352e+12,4.919007570131860352e+12
6.666666666666666227e-03,2.706863609602365850e+20,3.826040855627614400e+16,4.956220582339206055e+12,4.956220582339206055e+12,4.956220582339206055e+12,4.956220582339206055e+12,4.956220582339206055e+12,4.956220582339206055e+12,4.956220582339206055e+12
7.272727272727272721e-03,2.680155470880009093e+20,3.772729312440031200e+16,4.880300323977181641e+12,4.880300323977181641e+12,4.880300323977181641e+12,4.880300323977181641e+12,4.880300323977181641e+12,4.880300323977181641e+12,4.880300323977181641e+12
6.969696969696969474e-03,2.693799842076098560e+20,3.799925796631674400e+16,4.919007570131858398e+12,4.919007570131858398e+12,4.919007570131858398e+12,4.919007570131858398e+12,4.919007570131858398e+12,4.919007570131858398e+12,4.919007570131858398e+12
7.575757575757575968e-03,2.665930492886433792e+20,3.744461730367215200e+16,4.840119293260258789e+12,4.840119293260258789e+12,4.840119293260258789e+12,4.840119293260258789e+12,4.840119293260258789e+12,4.840119293260258789e+12,4.840119293260258789e+12
7.272727272727272721e-03,2.680155470880006799e+20,3.772729312440030400e+16,4.880300323977183594e+12,4.880300323977183594e+12,4.880300323977183594e+12,4.880300323977183594e+12,4.880300323977183594e+12,4.880300323977183594e+12,4.880300323977183594e+12
7.878787878787879215e-03,2.651124905144969789e+20,3.715133817847677600e+16,4.798485720808369141e+12,4.798485720808369141e+12,4.798485720808369141e+12,4.798485720808369141e+12,4.798485720808369141e+12,4.798485720808369141e+12,4.798485720808369141e+12
7.575757575757575968e-03,2.665930492886432154e+20,3.744461730367213600e+16,4.840119293260257812e+12,4.840119293260257812e+12,4.840119293260257812e+12,4.840119293260257812e+12,4.840119293260257812e+12,4.840119293260257812e+12,4.840119293260257812e+12
8.181818181818182462e-03,2.635738704843229102e+20,3.684756782359195200e+16,4.755421633069672852e+12,4.755421633069672852e+12,4.755421633069672852e+12,4.755421633069672852e+12,4.755421633069672852e+12,4.755421633069672852e+12,4.755421633069672852e+12
7.878787878787879215e-03,2.651124905144966513e+20,3.715133817847676000e+16,4.798485720808367188e+12,4.798485720808367188e+12,4.798485720808367188e+12,4.798485720808367188e+12,4.798485720808367188e+12,4.798485720808367188e+12,4.798485720808367188e+12
8.484848484848483974e-03,2.619771889255105167e+20,3.653342271327135200e+16,4.710949829866495117e+12,4.710949829866495117e+12,4.710949829866495117e+12,4.710949829866495117e+12,4.710949829866495117e+12,4.710949829866495117e+12,4.710949829866495117e+12
8.181818181818182462e-03,2.635738704843229430e+20,3.684756782359194400e+16,4.755421633069673828e+12,4.755421633069673828e+12,4.755421633069673828e+12,4.755421633069673828e+12,4.755421633069673828e+12,4.755421633069673828e+12,4.755421633069673828e+12
8.787878787878787221e-03,2.603224455740756787e+20,3.620902372089985600e+16,4.665093873872824219e+12,4.665093873872824219e+12,4.665093873872824219e+12,4.665093873872824219e+12,4.665093873872824219e+12,4.665093873872824219e+12,4.665093873872824219e+12
8.484848484848483974e-03,2.619771889255102218e+20,3.653342271327132000e+16,4.710949829866492188e+12,4.710949829866492188e+12,4.710949829866492188e+12,4.710949829866492188e+12,4.710949829866492188e+12,4.710949829866492188e+12,4.710949829866492188e+12
9.090909090909090468e-03,2.586096401688570757e+20,3.587449611834260800e+16,4.617878079582247070e+12,4.617878079582247070e+12,4.617878079582247070e+12,4.617878079582247070e+12,4.617878079582247070e+12,4.617878079582247070e+12,4.617878079582247070e+12
8.787878787878787221e-03,2.603224455740753510e+20,3.620902372089984000e+16,4.665093873872818359e+12,4.665093873872818359e+12,4.665093873872818359e+12,4.665093873872818359e+12,4.665093873872818359e+12,4.665093873872818359e+12,4.665093873872818359e+12
9.393939393939393714e-03,2.568387724516746854e+20,3.552996957571526400e+16,4.569327501990796875e+12,4.569327501990796875e+12,4.569327501990796875e+12,4.569327501990796875e+12,4.569327501990796875e+12,4.569327501990796875e+12,4.569327501990796875e+12
9.090909090909090468e-03,2.586096401688569774e+20,3.587449611834260800e+16,4.617878079582241211e+12,4.617878079582241211e+12,4.617878079582241211e+12,4.617878079582241211e+12,4.617878079582241211e+12,4.617878079582241211e+12,4.617878079582241211e+12
9.696969696969696961e-03,2.550098421673276539e+20,3.517557816138389600e+16,4.519467924891722656e+12,4.519467924891722656e+12,4.519467924891722656e+12,4.519467924891722656e+12,4.519467924891722656e+12,4.519467924891722656e+12,4.519467924891722656e+12
9.393939393939393714e-03,2.568387724516746199e+20,3.552996957571523200e+16,4.569327501990791016e+12,4.569327501990791016e+12,4.569327501990791016e+12,4.569327501990791016e+12,4.569327501990791016e+12,4.569327501990791016e+12,4.569327501990791016e+12
1.000000000000000021e-02,2.531228490593611284e+20,3.481146034127576800e+16,4.468325848716920898e+12,4.468325848716920898e+12,4.468325848716920898e+12,4.468325848716920898e+12,4.468325848716920898e+12,4.468325848716920898e+12,4.468325848716920898e+12
9.696969696969696961e-03,2.550098421673275884e+20,3.517557816138387200e+16,4.519467924891720703e+12,4.519467924891720703e+12,4.519467924891720703e+12,4.519467924891720703e+12,4.519467924891720703e+12,4.519467924891720703e+12,4.519467924891720703e+12
1.030303030303030346e-02,2.511777928717905101e+20,3.443775897903256000e+16,4.415928478046372070e+12,4.415928478046372070e+12,4.415928478046372070e+12,4.415928478046372070e+12,4.415928478046372070e+12,4.415928478046372070e+12,4.415928478046372070e+12
1.000000000000000021e-02,2.531228490593610301e+20,3.481146034127574800e+16,4.468325848716916992e+12,4.468325848716916992e+12,4.468325848716916992e+12,4.468325848716916992e+12,4.468325848716916992e+12,4.468325848716916992e+12,4.468325848716916992e+12
1.060606060606060670e-02,2.491746733458072863e+20,3.405462133570390000e+16,4.362303708668899414e+12,4.362303708668899414e+12,4.362303708668899414e+12,4.362303708668899414e+12,4.362303708668899414e+12,4.362303708668899414e+12,4.362303708668899414e+12
1.030303030303030346e-02,2.511777928717902807e+20,3.443775897903254800e+16,4.415928478046369141e+12,4.415928478046369141e+12,4.415928478046369141e+12,4.415928478046369141e+12,4.415928478046369141e+12,4.415928478046369141e+12,4.415928478046369141e+12
1.090909090909090995e-02,2.471134902199373660e+20,3.366219906947941200e+16,4.307480114315652832e+12,4.307480114315652832e+12,4.307480114315652832e+12,4.307480114315652832e+12,4.307480114315652832e+12,4.307480114315652832e+12,4.307480114315652832e+12
1.060606060606060670e-02,2.491746733458070897e+20,3.405462133570388800e+16,4.362303708668899902e+12,4.362303708668899902e+12,4.362303708668899902e+12,4.362303708668899902e+12,4.362303708668899902e+12,4.362303708668899902e+12,4.362303708668899902e+12
1.121212121212121146e-02,2.449942432306670469e+20,3.326064823610983600e+16,4.251486932996282227e+12,4.251486932996282227e+12,4.251486932996282227e+12,4.251486932996282227e+12,4.251486932996282227e+12,4.251486932996282227e+12,4.251486932996282227e+12
1.090909090909090995e-02,2.471134902199372677e+20,3.366219906947940800e+16,4.307480114315654297e+12,4.307480114315654297e+12,4.307480114315654297e+12,4.307480114315654297e+12,4.307480114315654297e+12,4.307480114315654297e+12,4.307480114315654297e+12
1.151515151515151471e-02,2.428169321113453199e+20,3.285012928844758400e+16,4.194354052886329102e+12,4.194354052886329102e+12,4.194354052886329102e+12,4.194354052886329102e+12,4.194354052886329102e+12,4.194354052886329102e+12,4.194354052886329102e+12
1.121212121212121146e-02,2.449942432306667848e+20,3.326064823610981200e+16,4.251486932996282227e+12,4.251486932996282227e+12,4.251486932996282227e+12,4.251486932996282227e+12,4.251486932996282227e+12,4.251486932996282227e+12,4.251486932996282227e+12
1.181818181818181795e-02,2.405815565909301985e+20,3.243080707648507200e+16,4.136111997835991211e+12,4.136111997835991211e+12,4.136111997835991211e+12,4.136111997835991211e+12,4.136111997835991211e+12,4.136111997835991211e+12,4.136111997835991211e+12
1.151515151515151471e-02,2.428169321113452216e+20,3.285012928844757200e+16,4.194354052886326660e+12,4.194354052886326660e+12,4.194354052886326660e+12,4.194354052886326660e+12,4.194354052886326660e+12,4.194354052886326660e+12,4.194354052886326660e+12
1.212121212121212120e-02,2.382881163938297283e+20,3.200285084727798800e+16,4.076791912537632812e+12,4.076791912537632812e+12,4.076791912537632812e+12,4.076791912537632812e+12,4.076791912537632812e+12,4.076791912537632812e+12,4.076791912537632812e+12
1.181818181818181795e-02,2.405815565909298708e+20,3.243080707648505200e+16,4.136111997835986328e+12,4.136111997835986328e+12,4.136111997835986328e+12,4.136111997835986328e+12,4.136111997835986328e+12,4.136111997835986328e+12,4.136111997835986328e+12
1.242424242424242445e-02,2.359366112406887137e+20,3.156643424506029600e+16,4.016425547235188965e+12,4.016425547235188965e+12,4.016425547235188965e+12,4.016425547235188965e+12,4.016425547235188965e+12,4.016425547235188965e+12,4.016425547235188965e+12
1.212121212121212120e-02,2.382881163938295644e+20,3.200285084727796800e+16,4.076791912537627441e+12,4.076791912537627441e+12,4.076791912537627441e+12,4.076791912537627441e+12,4.076791912537627441e+12,4.076791912537627441e+12,4.076791912537627441e+12
1.272727272727272770e-02,2.335270408482293350e+20,3.112173531116766000e+16,3.955045242106354492e+12,3.955045242106354492e+12,3.955045242106354492e+12,3.955045242106354492e+12,3.955045242106354492e+12,3.955045242106354492e+12,3.955045242106354492e+12
1.242424242424242445e-02,2.359366112406884516e+20,3.156643424506027200e+16,4.016425547235185059e+12,4.016425547235185059e+12,4.016425547235185059e+12,4.016425547235185059e+12,4.016425547235185059e+12,4.016425547235185059e+12,4.016425547235185059e+12
1.303030303030303094e-02,2.310594049264303800e+20,3.066893648388407200e+16,3.892683911130542480e+12,3.892683911130542480e+12,3.892683911130542480e+12,3.892683911130542480e+12,3.892683911130542480e+12,3.892683911130542480e+12,3.892683911130542480e+12
1.272727272727272770e-02,2.335270408482292695e+20,3.112173531116763600e+16,3.955045242106351074e+12,3.955045242106351074e+12,3.955045242106351074e+12,3.955045242106351074e+12,3.955045242106351074e+12,3.955045242106351074e+12,3.955045242106351074e+12
1.333333333333333245e-02,2.285337031807208325e+20,3.020822459859534800e+16,3.829375025695107422e+12,3.829375025695107422e+12,3.829375025695107422e+12,3.829375025695107422e+12,3.829375025695107422e+12,3.829375025695107422e+12,3.829375025695107422e+12
1.303030303030303094e-02,2.310594049264305439e+20,3.066893648388408000e+16,3.892683911130541992e+12,3.892683911130541992e+12,3.892683911130541992e+12,3.892683911130541992e+12,3.892683911130541992e+12,3.892683911130541992e+12,3.892683911130541992e+12
1.363636363636363570e-02,2.259499353124525179e+20,2.973979088794206000e+16,3.765152597766782715e+12,3.765152597766782715e+12,3.765152597766782715e+12,3.765152597766782715e+12,3.765152597766782715e+12,3.765152597766782715e+12,3.765152597766782715e+12
1.333333333333333245e-02,2.285337031807208980e+20,3.020822459859532400e+16,3.829375025695102539e+12,3.829375025695102539e+12,3.829375025695102539e+12,3.829375025695102539e+12,3.829375025695102539e+12,3.829375025695102539e+12,3.829375025695102539e+12
1.393939393939393895e-02,2.233081010160744202e+20,2.926383098143660400e+16,3.700051162581673828e+12,3.700051162581673828e+12,3.700051162581673828e+12,3.700051162581673828e+12,3.700051162581673828e+12,3.700051162581673828e+12,3.700051162581673828e+12
1.363636363636363570e-02,2.259499353124523868e+20,2.973979088794202400e+16,3.765152597766779297e+12,3.765152597766779297e+12,3.765152597766779297e+12,3.765152597766779297e+12,3.765152597766779297e+12,3.765152597766779297e+12,3.765152597766779297e+12
1.424242424242424220e-02,2.206081999808605716e+20,2.878054490580798800e+16,3.634105761068790039e+12,3.634105761068790039e+12,3.634105761068790039e+12,3.634105761068790039e+12,3.634105761068790039e+12,3.634105761068790039e+12,3.634105761068790039e+12
1.393939393939393895e-02,2.233081010160742564e+20,2.926383098143655200e+16,3.700051162581672363e+12,3.700051162581672363e+12,3.700051162581672363e+12,3.700051162581672363e+12,3.700051162581672363e+12,3.700051162581672363e+12,3.700051162581672363e+12
1.454545454545454544e-02,2.178502318909079552e+20,2.829013708496342400e+16,3.567351921782718262e+12,3.567351921782718262e+12,3.567351921782718262e+12,3.567351921782718262e+12,3.567351921782718262e+12,3.567351921782718262e+12,3.567351921782718262e+12
1.424242424242424220e-02,2.206081999808603423e+20,2.878054490580795200e+16,3.634105761068786133e+12,3.634105761068786133e+12,3.634105761068786133e+12,3.634105761068786133e+12,3.634105761068786133e+12,3.634105761068786133e+12,3.634105761068786133e+12
1.484848484848484869e-02,2.150341964240399892e+20,2.779281633987349600e+16,3.499825642476400391e+12,3.499825642476400391e+12,3.499825642476400391e+12,3.499825642476400391e+12,3.499825642476400391e+12,3.499825642476400391e+12,3.499825642476400391e+12
1.454545454545454544e-02,2.178502318909077586e+20,2.829013708496340800e+16,3.567351921782713379e+12,3.567351921782713379e+12,3.567351921782713379e+12,3.567351921782713379e+12,3.567351921782713379e+12,3.567351921782713379e+12,3.567351921782713379e+12
1.515151515151515194e-02,2.121600932525901742e+20,2.728879588872535200e+16,3.431563371313909180e+12,3.431563371313909180e+12,3.431563371313909180e+12,3.431563371313909180e+12,3.431563371313909180e+12,3.431563371313909180e+12,3.431563371313909180e+12
1.484848484848484869e-02,2.150341964240397599e+20,2.779281633987348400e+16,3.499825642476395508e+12,3.499825642476395508e+12,3.499825642476395508e+12,3.499825642476395508e+12,3.499825642476395508e+12,3.499825642476395508e+12,3.499825642476395508e+12
1.545454545454545518e-02,2.092279220424606024e+20,2.677829334707576800e+16,3.362601987592458008e+12,3.362601987592458008e+12,3.362601987592458008e+12,3.362601987592458008e+12,3.362601987592458008e+12,3.362601987592458008e+12,3.362601987592458008e+12
1.515151515151515194e-02,2.121600932525898793e+20,2.728879588872531600e+16,3.431563371313906250e+12,3.431563371313906250e+12,3.431563371313906250e+12,3.431563371313906250e+12,3.431563371313906250e+12,3.431563371313906250e+12,3.431563371313906250e+12
1.575757575757575843e-02,2.062376824543774966e+20,2.626153072754492800e+16,3.292978782165176270e+12,3.292978782165176270e+12,3.292978782165176270e+12,3.292978782165176270e+12,3.292978782165176270e+12,3.292978782165176270e+12,3.292978782165176270e+12
1.545454545454545518e-02,2.092279220424603730e+20,2.677829334707572800e+16,3.362601987592457031e+12,3.362601987592457031e+12,3.362601987592457031e+12,3.362601987592457031e+12,3.362601987592457031e+12,3.362601987592457031e+12,3.362601987592457031e+12
1.606060606060605994e-02,2.031893741427932529e+20,2.573873444027590000e+16,3.222731437415155762e+12,3.222731437415155762e+12,3.222731437415155762e+12,3.222731437415155762e+12,3.222731437415155762e+12,3.222731437415155762e+12,3.222731437415155762e+12
1.575757575757575843e-02,2.062376824543774966e+20,2.626153072754491200e+16,3.292978782165175293e+12,3.292978782165175293e+12,3.292978782165175293e+12,3.292978782165175293e+12,3.292978782165175293e+12,3.292978782165175293e+12,3.292978782165175293e+12
1.636363636363636492e-02,2.000829967557287608e+20,2.521013529255170400e+16,3.151898006836823242e+12,3.151898006836823242e+12,3.151898006836823242e+12,3.151898006836823242e+12,3.151898006836823242e+12,3.151898006836823242e+12,3.151898006836823242e+12
1.606060606060605994e-02,2.031893741427931218e+20,2.573873444027588400e+16,3.222731437415152344e+12,3.222731437415152344e+12,3.222731437415152344e+12,3.222731437415152344e+12,3.222731437415152344e+12,3.222731437415152344e+12,3.222731437415152344e+12
1.666666666666666644e-02,1.969185499354015334e+20,2.467596848906336400e+16,3.080516894234001953e+12,3.080516894234001953e+12,3.080516894234001953e+12,3.080516894234001953e+12,3.080516894234001953e+12,3.080516894234001953e+12,3.080516894234001953e+12
1.636363636363636492e-02,2.000829967557287281e+20,2.521013529255169200e+16,3.151898006836821777e+12,3.151898006836821777e+12,3.151898006836821777e+12,3.151898006836821777e+12,3.151898006836821777e+12,3.151898006836821777e+12,3.151898006836821777e+12
1.696969696969696795e-02,1.936960333175982653e+20,2.413647363206304000e+16,3.008626832529978027e+12,3.008626832529978027e+12,3.008626832529978027e+12,3.008626832529978027e+12,3.008626832529978027e+12,3.008626832529978027e+12,3.008626832529978027e+12
1.666666666666666644e-02,1.969185499354015334e+20,2.467596848906336000e+16,3.080516894234001953e+12,3.080516894234001953e+12,3.080516894234001953e+12,3.080516894234001953e+12,3.080516894234001953e+12,3.080516894234001953e+12,3.080516894234001953e+12
1.727272727272727293e-02,1.904154465324585779e+20,2.359189472124926400e+16,2.936266862156846680e+12,2.936266862156846680e+12,2.936266862156846680e+12,2.936266862156846680e+12,2.936266862156846680e+12,2.936266862156846680e+12,2.936266862156846680e+12
1.696969696969696795e-02,1.936960333175980687e+20,2.413647363206303200e+16,3.008626832529977539e+12,3.008626832529977539e+12,3.008626832529977539e+12,3.008626832529977539e+12,3.008626832529977539e+12,3.008626832529977539e+12,3.008626832529977539e+12
1.757575757575757444e-02,1.870767892040050278e+20,2.304248015376682000e+16,2.863476309066221191e+12,2.863476309066221191e+12,2.863476309066221191e+12,2.863476309066221191e+12,2.863476309066221191e+12,2.863476309066221191e+12,2.863476309066221191e+12
1.727272727272727293e-02,1.904154465324585124e+20,2.359189472124925600e+16,2.936266862156846191e+12,2.936266862156846191e+12,2.936266862156846191e+12,2.936266862156846191e+12,2.936266862156846191e+12,2.936266862156846191e+12,2.936266862156846191e+12
1.787878787878787942e-02,1.836800609488881910e+20,2.248848272435996000e+16,2.790294762319243652e+12,2.790294762319243652e+12,2.790294762319243652e+12,2.790294762319243652e+12,2.790294762319243652e+12,2.790294762319243652e+12,2.790294762319243652e+12
1.757575757575757444e-02,1.870767892040049623e+20,2.304248015376678800e+16,2.863476309066219238e+12,2.863476309066219238e+12,2.863476309066219238e+12,2.863476309066219238e+12,2.863476309066219238e+12,2.863476309066219238e+12,2.863476309066219238e+12
1.818181818181818094e-02,1.802252613784252580e+20,2.193015962544903600e+16,2.716762051321287598e+12,2.716762051321287598e+12,2.716762051321287598e+12,2.716762051321287598e+12,2.716762051321287598e+12,2.716762051321287598e+12,2.716762051321287598e+12
1.787878787878787942e-02,1.836800609488880599e+20,2.248848272435995600e+16,2.790294762319240723e+12,2.790294762319240723e+12,2.790294762319240723e+12,2.790294762319240723e+12,2.790294762319240723e+12,2.790294762319240723e+12,2.790294762319240723e+12
1.848484848484848592e-02,1.767123900970322493e+20,2.136777244705385600e+16,2.642918222621983398e+12,2.642918222621983398e+12,2.642918222621983398e+12,2.642918222621983398e+12,2.642918222621983398e+12,2.642918222621983398e+12,2.642918222621983398e+12
1.818181818181818094e-02,1.802252613784251924e+20,2.193015962544901200e+16,2.716762051321286133e+12,2.716762051321286133e+12,2.716762051321286133e+12,2.716762051321286133e+12,2.716762051321286133e+12,2.716762051321286133e+12,2.716762051321286133e+12
1.878787878787878743e-02,1.731414467026940723e+20,2.080158717687028800e+16,2.568803516341202148e+12,2.568803516341202148e+12,2.568803516341202148e+12,2.568803516341202148e+12,2.568803516341202148e+12,2.568803516341202148e+12,2.568803516341202148e+12
1.848484848484848592e-02,1.767123900970322821e+20,2.136777244705385200e+16,2.642918222621982910e+12,2.642918222621982910e+12,2.642918222621982910e+12,2.642918222621982910e+12,2.642918222621982910e+12,2.642918222621982910e+12,2.642918222621982910e+12
1.909090909090909241e-02,1.695124307882193715e+20,2.023187420065320000e+16,2.494458342214129883e+12,2.494458342214129883e+12,2.494458342214129883e+12,2.494458342214129883e+12,2.494458342214129883e+12,2.494458342214129883e+12,2.494458342214129883e+12
1.878787878787878743e-02,1.731414467026940396e+20,2.080158717687030000e+16,2.568803516341201660e+12,2.568803516341201660e+12,2.568803516341201660e+12,2.568803516341201660e+12,2.568803516341201660e+12,2.568803516341201660e+12,2.568803516341201660e+12
1.939393939393939392e-02,1.658253419387309916e+20,1.965890830171871200e+16,2.419923255173512695e+12,2.419923255173512695e+12,2.419923255173512695e+12,2.419923255173512695e+12,2.419923255173512695e+12,2.419923255173512695e+12,2.419923255173512695e+12
1.909090909090909241e-02,1.695124307882194043e+20,2.023187420065321200e+16,2.494458342214131836e+12,2.494458342214131836e+12,2.494458342214131836e+12,2.494458342214131836e+12,2.494458342214131836e+12,2.494458342214131836e+12,2.494458342214131836e+12
1.969696969696969543e-02,1.620801797335484989e+20,1.908296866136525600e+16,2.345238930604690430e+12,2.345238930604690430e+12,2.345238930604690430e+12,2.345238930604690430e+12,2.345238930604690430e+12,2.345238930604690430e+12,2.345238930604690430e+12
1.939393939393939392e-02,1.658253419387310572e+20,1.965890830171871200e+16,2.419923255173511719e+12,2.419923255173511719e+12,2.419923255173511719e+12,2.419923255173511719e+12,2.419923255173511719e+12,2.419923255173511719e+12,2.419923255173511719e+12
2.000000000000000042e-02,1.582769437455599862e+20,1.850433885891203200e+16,2.270446139182267090e+12,2.270446139182267090e+12,2.270446139182267090e+12,2.270446139182267090e+12,2.270446139182267090e+12,2.270446139182267090e+12,2.270446139182267090e+12
1.969696969696969543e-02,1.620801797335484989e+20,1.908296866136524800e+16,2.345238930604687988e+12,2.345238930604687988e+12,2.345238930604687988e+12,2.345238930604687988e+12,2.345238930604687988e+12,2.345238930604687988e+12,2.345238930604687988e+12
2.030303030303030193e-02,1.544156335407524413e+20,1.792330687166066600e+16,2.195585721300076172e+12,2.195585721300076172e+12,2.195585721300076172e+12,2.195585721300076172e+12,2.195585721300076172e+12,2.195585721300076172e+12,2.195585721300076172e+12
2.000000000000000042e-02,1.582769437455600845e+20,1.850433885891204000e+16,2.270446139182267578e+12,2.270446139182267578e+12,2.270446139182267578e+12,2.270446139182267578e+12,2.270446139182267578e+12,2.270446139182267578e+12,2.270446139182267578e+12
2.060606060606060691e-02,1.504962486794657137e+20,1.734016507501007400e+16,2.120698561110826904e+12,2.120698561110826904e+12,2.120698561110826904e+12,2.120698561110826904e+12,2.120698561110826904e+12,2.120698561110826904e+12,2.120698561110826904e+12
2.030303030303030193e-02,1.544156335407523758e+20,1.792330687166065800e+16,2.195585721300075928e+12,2.195585721300075928e+12,2.195585721300075928e+12,2.195585721300075928e+12,2.195585721300075928e+12,2.195585721300075928e+12,2.195585721300075928e+12
2.090909090909090842e-02,1.465187887154522522e+20,1.675521024257134400e+16,2.045825560182427002e+12,2.045825560182427002e+12,2.045825560182427002e+12,2.045825560182427002e+12,2.045825560182427002e+12,2.045825560182427002e+12,2.045825560182427002e+12
2.060606060606060691e-02,1.504962486794658120e+20,1.734016507501006600e+16,2.120698561110827393e+12,2.120698561110827393e+12,2.120698561110827393e+12,2.120698561110827393e+12,2.120698561110827393e+12,2.120698561110827393e+12,2.120698561110827393e+12
2.121212121212121340e-02,1.424832531963468841e+20,1.616874354612947200e+16,1.971007610731257568e+12,1.971007610731257568e+12,1.971007610731257568e+12,1.971007610731257568e+12,1.971007610731257568e+12,1.971007610731257568e+12,1.971007610731257568e+12
2.090909090909090842e-02,1.465187887154521866e+20,1.675521024257134800e+16,2.045825560182426025e+12,2.045825560182426025e+12,2.045825560182426025e+12,2.045825560182426025e+12,2.045825560182426025e+12,2.045825560182426025e+12,2.045825560182426025e+12
2.151515151515151492e-02,1.383896416624126198e+20,1.558107055570079000e+16,1.896285568472135254e+12,1.896285568472135254e+12,1.896285568472135254e+12,1.896285568472135254e+12,1.896285568472135254e+12,1.896285568472135254e+12,1.896285568472135254e+12
2.121212121212121340e-02,1.424832531963469332e+20,1.616874354612948600e+16,1.971007610731257080e+12,1.971007610731257080e+12,1.971007610731257080e+12,1.971007610731257080e+12,1.971007610731257080e+12,1.971007610731257080e+12,1.971007610731257080e+12
2.181818181818181990e-02,1.342379536479516590e+20,1.499250123970526400e+16,1.821700225082611816e+12,1.821700225082611816e+12,1.821700225082611816e+12,1.821700225082611816e+12,1.821700225082611816e+12,1.821700225082611816e+12,1.821700225082611816e+12
2.151515151515151492e-02,1.383896416624124887e+20,1.558107055570078600e+16,1.896285568472133545e+12,1.896285568472133545e+12,1.896285568472133545e+12,1.896285568472133545e+12,1.896285568472133545e+12,1.896285568472133545e+12,1.896285568472133545e+12
2.212121212121212141e-02,1.300281886808355144e+20,1.440334996494737800e+16,1.747292280260595459e+12,1.747292280260595459e+12,1.747292280260595459e+12,1.747292280260595459e+12,1.747292280260595459e+12,1.747292280260595459e+12,1.747292280260595459e+12
2.181818181818181990e-02,1.342379536479516590e+20,1.499250123970526600e+16,1.821700225082612305e+12,1.821700225082612305e+12,1.821700225082612305e+12,1.821700225082612305e+12,1.821700225082612305e+12,1.821700225082612305e+12,1.821700225082612305e+12
2.242424242424242292e-02,1.257603462818774057e+20,1.381393549669271800e+16,1.673102313375269043e+12,1.673102313375269043e+12,1.673102313375269043e+12,1.673102313375269043e+12,1.673102313375269043e+12,1.673102313375269043e+12,1.673102313375269043e+12
2.212121212121212141e-02,1.300281886808355471e+20,1.440334996494738000e+16,1.747292280260595947e+12,1.747292280260595947e+12,1.747292280260595947e+12,1.747292280260595947e+12,1.747292280260595947e+12,1.747292280260595947e+12,1.747292280260595947e+12
2.272727272727272790e-02,1.214344259665570529e+20,1.322458099885944400e+16,1.599170754751065918e+12,1.599170754751065918e+12,1.599170754751065918e+12,1.599170754751065918e+12,1.599170754751065918e+12,1.599170754751065918e+12,1.599170754751065918e+12
2.242424242424242292e-02,1.257603462818773074e+20,1.381393549669271600e+16,1.673102313375268311e+12,1.673102313375268311e+12,1.673102313375268311e+12,1.673102313375268311e+12,1.673102313375268311e+12,1.673102313375268311e+12,1.673102313375268311e+12
2.303030303030302942e-02,1.170504272428257444e+20,1.263561403394166800e+16,1.525537856509882568e+12,1.525537856509882568e+12,1.525537856509882568e+12,1.525537856509882568e+12,1.525537856509882568e+12,1.525537856509882568e+12,1.525537856509882568e+12
2.272727272727272790e-02,1.214344259665570529e+20,1.322458099885944200e+16,1.599170754751065186e+12,1.599170754751065186e+12,1.599170754751065186e+12,1.599170754751065186e+12,1.599170754751065186e+12,1.599170754751065186e+12,1.599170754751065186e+12
2.333333333333333440e-02,1.126083496120465490e+20,1.204736656304781200e+16,1.452243663062713623e+12,1.452243663062713623e+12,1.452243663062713623e+12,1.452243663062713623e+12,1.452243663062713623e+12,1.452243663062713623e+12,1.452243663062713623e+12
2.303030303030302942e-02,1.170504272428256788e+20,1.263561403394166000e+16,1.525537856509881104e+12,1.525537856509881104e+12,1.525537856509881104e+12,1.525537856509881104e+12,1.525537856509881104e+12,1.525537856509881104e+12,1.525537856509881104e+12
2.363636363636363591e-02,1.081081925699361341e+20,1.146017494618774600e+16,1.379327981185231201e+12,1.379327981185231201e+12,1.379327981185231201e+12,1.379327981185231201e+12,1.379327981185231201e+12,1.379327981185231201e+12,1.379327981185231201e+12
2.333333333333333440e-02,1.126083496120465654e+20,1.204736656304780800e+16,1.452243663062714355e+12,1.452243663062714355e+12,1.452243663062714355e+12,1.452243663062714355e+12,1.452243663062714355e+12,1.452243663062714355e+12,1.452243663062714355e+12
2.393939393939394089e-02,1.035499556056229806e+20,1.087437994217713000e+16,1.306830349689027344e+12,1.306830349689027344e+12,1.306830349689027344e+12,1.306830349689027344e+12,1.306830349689027344e+12,1.306830349689027344e+12,1.306830349689027344e+12
2.363636363636363591e-02,1.081081925699361014e+20,1.146017494618774400e+16,1.379327981185230957e+12,1.379327981185230957e+12,1.379327981185230957e+12,1.379327981185230957e+12,1.379327981185230957e+12,1.379327981185230957e+12,1.379327981185230957e+12
2.424242424242424240e-02,9.893363820023631053e+19,1.029032670867560000e+16,1.234790008695495850e+12,1.234790008695495850e+12,1.234790008695495850e+12,1.234790008695495850e+12,1.234790008695495850e+12,1.234790008695495850e+12,1.234790008695495850e+12
2.393939393939394089e-02,1.035499556056229806e+20,1.087437994217712800e+16,1.306830349689027100e+12,1.306830349689027100e+12,1.306830349689027100e+12,1.306830349689027100e+12,1.306830349689027100e+12,1.306830349689027100e+12,1.306830349689027100e+12
2.454545454545454392e-02,9.425923983004286976e+19,9.708364802474104000e+15,1.163245868543953613e+12,1.163245868543953613e+12,1.163245868543953613e+12,1.163245868543953613e+12,1.163245868543953613e+12,1.163245868543953613e+12,1.163245868543953613e+12
2.424242424242424240e-02,9.893363820023634330e+19,1.029032670867560200e+16,1.234790008695496826e+12,1.234790008695496826e+12,1.234790008695496826e+12,1.234790008695496826e+12,1.234790008695496826e+12,1.234790008695496826e+12,1.234790008695496826e+12
2.484848484848484890e-02,8.952675996440766054e+19,9.128848179341616000e+15,1.092236478260329590e+12,1.092236478260329590e+12,1.092236478260329590e+12,1.092236478260329590e+12,1.092236478260329590e+12,1.092236478260329590e+12,1.092236478260329590e+12
2.454545454545454392e-02,9.425923983004286976e+19,9.708364802474094000e+15,1.163245868543954590e+12,1.163245868543954590e+12,1.163245868543954590e+12,1.163245868543954590e+12,1.163245868543954590e+12,1.163245868543954590e+12,1.163245868543954590e+12
2.515151515151515041e-02,8.473619806626501427e+19,8.552135194321975000e+15,1.021799993664742310e+12,1.021799993664742310e+12,1.021799993664742310e+12,1.021799993664742310e+12,1.021799993664742310e+12,1.021799993664742310e+12,1.021799993664742310e+12
2.484848484848484890e-02,8.952675996440767693e+19,9.128848179341618000e+15,1.092236478260329468e+12,1.092236478260329468e+12,1.092236478260329468e+12,1.092236478260329468e+12,1.092236478260329468e+12,1.092236478260329468e+12,1.092236478260329468e+12
2.545454545454545539e-02,7.988755359243159142e+19,7.978588601638142000e+15,9.519741450548724365e+11,9.519741450548724365e+11,9.519741450548724365e+11,9.519741450548724365e+11,9.519741450548724365e+11,9.519741450548724365e+11,9.519741450548724365e+11
2.515151515151515041e-02,8.473619806626491597e+19,8.552135194321971000e+15,1.021799993664741821e+12,1.021799993664741821e+12,1.021799993664741821e+12,1.021799993664741821e+12,1.021799993664741821e+12,1.021799993664741821e+12,1.021799993664741821e+12
2.575757575757575690e-02,7.498082599219544064e+19,7.408575554807061000e+15,8.827962045036704102e+11,8.827962045036704102e+11,8.827962045036704102e+11,8.827962045036704102e+11,8.827962045036704102e+11,8.827962045036704102e+11,8.827962045036704102e+11
2.545454545454545539e-02,7.988755359243159142e+19,7.978588601638147000e+15,9.519741450548725586e+11,9.519741450548725586e+11,9.519741450548725586e+11,9.519741450548725586e+11,9.519741450548725586e+11,9.519741450548725586e+11,9.519741450548725586e+11
2.606060606060606188e-02,7.001601470841343181e+19,6.842467606745000000e+15,8.143029527737420654e+11,8.143029527737420654e+11,8.143029527737420654e+11,8.143029527737420654e+11,8.143029527737420654e+11,8.143029527737420654e+11,8.143029527737420654e+11
2.575757575757575690e-02,7.498082599219535872e+19,7.408575554807062000e+15,8.827962045036696777e+11,8.827962045036696777e+11,8.827962045036696777e+11,8.827962045036696777e+11,8.827962045036696777e+11,8.827962045036696777e+11,8.827962045036696777e+11
2.636363636363636340e-02,6.499311917829577114e+19,6.280640709882399000e+15,7.465306458075340576e+11,7.465306458075340576e+11,7.465306458075340576e+11,7.465306458075340576e+11,7.465306458075340576e+11,7.465306458075340576e+11,7.465306458075340576e+11
2.606060606060606188e-02,7.001601470841341542e+19,6.842467606745002000e+15,8.143029527737420654e+11,8.143029527737420654e+11,8.143029527737420654e+11,8.143029527737420654e+11,8.143029527737420654e+11,8.143029527737420654e+11,8.143029527737420654e+11
2.666666666666666491e-02,5.991213883168060211e+19,5.723475216183043000e+15,6.795149808482026367e+11,6.795149808482026367e+11,6.795149808482026367e+11,6.795149808482026367e+11,6.795149808482026367e+11,6.795149808482026367e+11,6.795149808482026367e+11
2.636363636363636340e-02,6.499311917829572198e+19,6.280640709882395000e+15,7.465306458075335693e+11,7.465306458075335693e+11,7.465306458075335693e+11,7.465306458075335693e+11,7.465306458075335693e+11,7.465306458075335693e+11,7.465306458075335693e+11
2.696969696969696989e-02,5.477307309213180723e+19,5.171355877306801000e+15,6.132910621473854980e+11,6.132910621473854980e+11,6.132910621473854980e+11,6.132910621473854980e+11,6.132910621473854980e+11,6.132910621473854980e+11,6.132910621473854980e+11
2.666666666666666491e-02,5.991213883168051200e+19,5.723475216183039000e+15,6.795149808482017822e+11,6.795149808482017822e+11,6.795149808482017822e+11,6.795149808482017822e+11,6.795149808482017822e+11,6.795149808482017822e+11,6.795149808482017822e+11
2.727272727272727140e-02,4.957592137693923738e+19,4.624671844628787000e+15,5.478933662797103882e+11,5.478933662797103882e+11,5.478933662797103882e+11,5.478933662797103882e+11,5.478933662797103882e+11,5.478933662797103882e+11,5.478933662797103882e+11
2.696969696969696989e-02,5.477307309213176627e+19,5.171355877306802000e+15,6.132910621473851318e+11,6.132910621473851318e+11,6.132910621473851318e+11,6.132910621473851318e+11,6.132910621473851318e+11,6.132910621473851318e+11,6.132910621473851318e+11
2.757575757575757638e-02,4.432068309602063974e+19,4.083816669344643500e+15,4.833557070599689331e+11,4.833557070599689331e+11,4.833557070599689331e+11,4.833557070599689331e+11,4.833557070599689331e+11,4.833557070599689331e+11,4.833557070599689331e+11
2.727272727272727140e-02,4.957592137693922099e+19,4.624671844628787000e+15,5.478933662797094116e+11,5.478933662797094116e+11,5.478933662797094116e+11,5.478933662797094116e+11,5.478933662797094116e+11,5.478933662797094116e+11,5.478933662797094116e+11
2.787878787878787790e-02,3.900735765349016371e+19,3.549188302551946500e+15,4.197112000670397339e+11,4.197112000670397339e+11,4.197112000670397339e+11,4.197112000670397339e+11,4.197112000670397339e+11,4.197112000670397339e+11,4.197112000670397339e+11
2.757575757575757638e-02,4.432068309602065613e+19,4.083816669344645000e+15,4.833557070599687500e+11,4.833557070599687500e+11,4.833557070599687500e+11,4.833557070599687500e+11,4.833557070599687500e+11,4.833557070599687500e+11,4.833557070599687500e+11
2.818181818181818288e-02,3.363594444671728435e+19,3.021189095393786500e+15,3.569922267710534668e+11,3.569922267710534668e+11,3.569922267710534668e+11,3.569922267710534668e+11,3.569922267710534668e+11,3.569922267710534668e+11,3.569922267710534668e+11
2.787878787878787790e-02,3.900735765349014733e+19,3.549188302551943500e+15,4.197112000670393677e+11,4.197112000670393677e+11,4.197112000670393677e+11,4.197112000670393677e+11,4.197112000670393677e+11,4.197112000670393677e+11,4.197112000670393677e+11
2.848484848484848439e-02,2.820644286616981094e+19,2.500225799092279000e+15,2.952303982564998169e+11,2.952303982564998169e+11,2.952303982564998169e+11,2.952303982564998169e+11,2.952303982564998169e+11,2.952303982564998169e+11,2.952303982564998169e+11
2.818181818181818288e-02,3.363594444671728026e+19,3.021189095393784000e+15,3.569922267710532837e+11,3.569922267710532837e+11,3.569922267710532837e+11,3.569922267710532837e+11,3.569922267710532837e+11,3.569922267710532837e+11,3.569922267710532837e+11
2.878787878787878937e-02,2.271885229651216384e+19,1.986709565049105250e+15,2.344565185579256897e+11,2.344565185579256897e+11,2.344565185579256897e+11,2.344565185579256897e+11,2.344565185579256897e+11,2.344565185579256897e+11,2.344565185579256897e+11
2.848484848484848439e-02,2.820644286616981504e+19,2.500225799092278500e+15,2.952303982564995728e+11,2.952303982564995728e+11,2.952303982564995728e+11,2.952303982564995728e+11,2.952303982564995728e+11,2.952303982564995728e+11,2.952303982564995728e+11
2.909090909090909088e-02,1.717317211519340339e+19,1.481055944936442000e+15,1.747005475906980896e+11,1.747005475906980896e+11,1.747005475906980896e+11,1.747005475906980896e+11,1.747005475906980896e+11,1.747005475906980896e+11,1.747005475906980896e+11
2.878787878787878937e-02,2.271885229651217613e+19,1.986709565049104750e+15,2.344565185579255676e+11,2.344565185579255676e+11,2.344565185579255676e+11,2.344565185579255676e+11,2.344565185579255676e+11,2.344565185579255676e+11,2.344565185579255676e+11
2.939393939393939240e-02,1.156940169401585664e+19,9.836848908285998750e+14,1.159915636928988495e+11,1.159915636928988495e+11,1.159915636928988495e+11,1.159915636928988495e+11,1.159915636928988495e+11,1.159915636928988495e+11,1.159915636928988495e+11
2.909090909090909088e-02,1.717317211519340134e+19,1.481055944936442000e+15,1.747005475906980591e+11,1.747005475906980591e+11,1.747005475906980591e+11,1.747005475906980591e+11,1.747005475906980591e+11,1.747005475906980591e+11,1.747005475906980591e+11
2.969696969696969738e-02,5.907540397096104960e+18,4.950207552367381875e+14,5.835772576250116730e+10,5.835772576250116730e+10,5.835772576250116730e+10,5.835772576250116730e+10,5.835772576250116730e+10,5.835772576250116730e+10,5.835772576250116730e+10
2.939393939393939240e-02,1.156940169401584845e+19,9.836848908285993750e+14,1.159915636928987732e+11,1.159915636928987732e+11,1.159915636928987732e+11,1.159915636928987732e+11,1.159915636928987732e+11,1.159915636928987732e+11,1.159915636928987732e+11
2.999999999999999889e-02,1.875875835313504960e+17,1.549229124198700977e+13,1.826235002727852345e+09,1.826235002727852345e+09,1.826235002727852345e+09,1.826235002727852345e+09,1.826235002727852345e+09,1.826235002727852345e+09,1.826235002727852345e+09
2.969696969696969738e-02,5.907540397096098816e+18,4.950207552367380000e+14,5.835772576250115204e+10,5.835772576250115204e+10,5.835772576250115204e+10,5.835772576250115204e+10,5.835772576250115204e+10,5.835772576250115204e+10,5.835772576250115204e+10
