x,t=1.00e+09s,t=2.00e+09s,t=3.00e+09s,t=4.00e+09s,t=5.00e+09s,t=6.00e+09s,t=7.00e+09s,t=8.00e+09s,t=9.00e+09s
3.030303030303030300e-04,2.659523501554478080e+17,3.587040865170271301e+10,3.587040865170271301e+10,3.587040865170271301e+10,3.587040865170271301e+10,3.587040865170271301e+10,3.587040865170271301e+10,3.587040865170271301e+10,3.587040865170271301e+10
0.000000000000000000e+00,2.659605910579604480e+17,3.587199652239672852e+10,3.587199652239672852e+10,3.587199652239672852e+10,3.587199652239672852e+10,3.587199652239672852e+10,3.587199652239672852e+10,3.587199652239672852e+10,3.587199652239672852e+10
6.060606060606060601e-04,2.658652127863320960e+17,3.585362039429445648e+10,3.585362039429445648e+10,3.585362039429445648e+10,3.585362039429445648e+10,3.585362039429445648e+10,3.585362039429445648e+10,3.585362039429445648e+10,3.585362039429445648e+10
3.030303030303030300e-04,2.659523501554475840e+17,3.587040865170268250e+10,3.587040865170268250e+10,3.587040865170268250e+10,3.587040865170268250e+10,3.587040865170268250e+10,3.587040865170268250e+10,3.587040865170268250e+10,3.587040865170268250e+10
9.090909090909090901e-04,2.657281652642939840e+17,3.582722283323162079e+10,3.582722283323162079e+10,3.582722283323162079e+10,3.582722283323162079e+10,3.582722283323162079e+10,3.582722283323162079e+10,3.582722283323162079e+10,3.582722283323162079e+10
6.060606060606060601e-04,2.658652127863320640e+17,3.585362039429444885e+10,3.585362039429444885e+10,3.585362039429444885e+10,3.585362039429444885e+10,3.585362039429444885e+10,3.585362039429444885e+10,3.585362039429444885e+10,3.585362039429444885e+10
1.212121212121212120e-03,2.655376678975839680e+17,3.579054370333205414e+10,3.579054370333205414e+10,3.579054370333205414e+10,3.579054370333205414e+10,3.579054370333205414e+10,3.579054370333205414e+10,3.579054370333205414e+10,3.579054370333205414e+10
9.090909090909090901e-04,2.657281652642939840e+17,3.582722283323159027e+10,3.582722283323159027e+10,3.582722283323159027e+10,3.582722283323159027e+10,3.582722283323159027e+10,3.582722283323159027e+10,3.582722283323159027e+10,3.582722283323159027e+10
1.515151515151515150e-03,2.652932229543575680e+17,3.574350040758039856e+10,3.574350040758039856e+10,3.574350040758039856e+10,3.574350040758039856e+10,3.574350040758039856e+10,3.574350040758039856e+10,3.574350040758039856e+10,3.574350040758039856e+10
1.212121212121212120e-03,2.655376678975838080e+17,3.579054370333202362e+10,3.579054370333202362e+10,3.579054370333202362e+10,3.579054370333202362e+10,3.579054370333202362e+10,3.579054370333202362e+10,3.579054370333202362e+10,3.579054370333202362e+10
1.818181818181818180e-03,2.649946817445523840e+17,3.568608176743314362e+10,3.568608176743314362e+10,3.568608176743314362e+10,3.568608176743314362e+10,3.568608176743314362e+10,3.568608176743314362e+10,3.568608176743314362e+10,3.568608176743314362e+10
1.515151515151515150e-03,2.652932229543575040e+17,3.574350040758036804e+10,3.574350040758036804e+10,3.574350040758036804e+10,3.574350040758036804e+10,3.574350040758036804e+10,3.574350040758036804e+10,3.574350040758036804e+10,3.574350040758036804e+10
2.121212121212120993e-03,2.646419837068144640e+17,3.561829704659068298e+10,3.561829704659068298e+10,3.561829704659068298e+10,3.561829704659068298e+10,3.561829704659068298e+10,3.561829704659068298e+10,3.561829704659068298e+10,3.561829704659068298e+10
1.818181818181818180e-03,2.649946817445522560e+17,3.568608176743313599e+10,3.568608176743313599e+10,3.568608176743313599e+10,3.568608176743313599e+10,3.568608176743313599e+10,3.568608176743313599e+10,3.568608176743313599e+10,3.568608176743313599e+10
2.424242424242424240e-03,2.642350995372631680e+17,3.554016565224647522e+10,3.554016565224647522e+10,3.554016565224647522e+10,3.554016565224647522e+10,3.554016565224647522e+10,3.554016565224647522e+10,3.554016565224647522e+10,3.554016565224647522e+10
2.121212121212120993e-03,2.646419837068143040e+17,3.561829704659062958e+10,3.561829704659062958e+10,3.561829704659062958e+10,3.561829704659062958e+10,3.561829704659062958e+10,3.561829704659062958e+10,3.561829704659062958e+10,3.561829704659062958e+10
2.727272727272727487e-03,2.637740131730300160e+17,3.545171320189591980e+10,3.545171320189591980e+10,3.545171320189591980e+10,3.545171320189591980e+10,3.545171320189591980e+10,3.545171320189591980e+10,3.545171320189591980e+10,3.545171320189591980e+10
2.424242424242424240e-03,2.642350995372630720e+17,3.554016565224644470e+10,3.554016565224644470e+10,3.554016565224644470e+10,3.554016565224644470e+10,3.554016565224644470e+10,3.554016565224644470e+10,3.554016565224644470e+10,3.554016565224644470e+10
3.030303030303030300e-03,2.632587146290892480e+17,3.535297033302847290e+10,3.535297033302847290e+10,3.535297033302847290e+10,3.535297033302847290e+10,3.535297033302847290e+10,3.535297033302847290e+10,3.535297033302847290e+10,3.535297033302847290e+10
2.727272727272727487e-03,2.637740131730302080e+17,3.545171320189591217e+10,3.545171320189591217e+10,3.545171320189591217e+10,3.545171320189591217e+10,3.545171320189591217e+10,3.545171320189591217e+10,3.545171320189591217e+10,3.545171320189591217e+10
3.333333333333333114e-03,2.626891980446648320e+17,3.524397234085995483e+10,3.524397234085995483e+10,3.524397234085995483e+10,3.524397234085995483e+10,3.524397234085995483e+10,3.524397234085995483e+10,3.524397234085995483e+10,3.524397234085995483e+10
3.030303030303030300e-03,2.632587146290893120e+17,3.535297033302846527e+10,3.535297033302846527e+10,3.535297033302846527e+10,3.535297033302846527e+10,3.535297033302846527e+10,3.535297033302846527e+10,3.535297033302846527e+10,3.535297033302846527e+10
3.636363636363636360e-03,2.620654603808350400e+17,3.512475897132263947e+10,3.512475897132263947e+10,3.512475897132263947e+10,3.512475897132263947e+10,3.512475897132263947e+10,3.512475897132263947e+10,3.512475897132263947e+10,3.512475897132263947e+10
3.333333333333333114e-03,2.626891980446646720e+17,3.524397234085992432e+10,3.524397234085992432e+10,3.524397234085992432e+10,3.524397234085992432e+10,3.524397234085992432e+10,3.524397234085992432e+10,3.524397234085992432e+10,3.524397234085992432e+10
3.939393939393939607e-03,2.613874979474824320e+17,3.499537364477742767e+10,3.499537364477742767e+10,3.499537364477742767e+10,3.499537364477742767e+10,3.499537364477742767e+10,3.499537364477742767e+10,3.499537364477742767e+10,3.499537364477742767e+10
3.636363636363636360e-03,2.620654603808351040e+17,3.512475897132260895e+10,3.512475897132260895e+10,3.512475897132260895e+10,3.512475897132260895e+10,3.512475897132260895e+10,3.512475897132260895e+10,3.512475897132260895e+10,3.512475897132260895e+10
4.242424242424241987e-03,2.606553092251457280e+17,3.485586392178637695e+10,3.485586392178637695e+10,3.485586392178637695e+10,3.485586392178637695e+10,3.485586392178637695e+10,3.485586392178637695e+10,3.485586392178637695e+10,3.485586392178637695e+10
3.939393939393939607e-03,2.613874979474824640e+17,3.499537364477740479e+10,3.499537364477740479e+10,3.499537364477740479e+10,3.499537364477740479e+10,3.499537364477740479e+10,3.499537364477740479e+10,3.499537364477740479e+10,3.499537364477740479e+10
4.545454545454545234e-03,2.598688926943651840e+17,3.470628139960799408e+10,3.470628139960799408e+10,3.470628139960799408e+10,3.470628139960799408e+10,3.470628139960799408e+10,3.470628139960799408e+10,3.470628139960799408e+10,3.470628139960799408e+10
4.242424242424241987e-03,2.606553092251457920e+17,3.485586392178636169e+10,3.485586392178636169e+10,3.485586392178636169e+10,3.485586392178636169e+10,3.485586392178636169e+10,3.485586392178636169e+10,3.485586392178636169e+10,3.485586392178636169e+10
4.848484848484848481e-03,2.590282474868772480e+17,3.454668155693928528e+10,3.454668155693928528e+10,3.454668155693928528e+10,3.454668155693928528e+10,3.454668155693928528e+10,3.454668155693928528e+10,3.454668155693928528e+10,3.454668155693928528e+10
4.545454545454545234e-03,2.598688926943649280e+17,3.470628139960797882e+10,3.470628139960797882e+10,3.470628139960797882e+10,3.470628139960797882e+10,3.470628139960797882e+10,3.470628139960797882e+10,3.470628139960797882e+10,3.470628139960797882e+10
5.151515151515151728e-03,2.581333727344185280e+17,3.437712359865851593e+10,3.437712359865851593e+10,3.437712359865851593e+10,3.437712359865851593e+10,3.437712359865851593e+10,3.437712359865851593e+10,3.437712359865851593e+10,3.437712359865851593e+10
4.848484848484848481e-03,2.590282474868770240e+17,3.454668155693927765e+10,3.454668155693927765e+10,3.454668155693927765e+10,3.454668155693927765e+10,3.454668155693927765e+10,3.454668155693927765e+10,3.454668155693927765e+10,3.454668155693927765e+10
5.454545454545454974e-03,2.571842680028577920e+17,3.419767071458765793e+10,3.419767071458765793e+10,3.419767071458765793e+10,3.419767071458765793e+10,3.419767071458765793e+10,3.419767071458765793e+10,3.419767071458765793e+10,3.419767071458765793e+10
5.151515151515151728e-03,2.581333727344184640e+17,3.437712359865850830e+10,3.437712359865850830e+10,3.437712359865850830e+10,3.437712359865850830e+10,3.437712359865850830e+10,3.437712359865850830e+10,3.437712359865850830e+10,3.437712359865850830e+10
5.757575757575757354e-03,2.561809326409976960e+17,3.400838997598731613e+10,3.400838997598731613e+10,3.400838997598731613e+10,3.400838997598731613e+10,3.400838997598731613e+10,3.400838997598731613e+10,3.400838997598731613e+10,3.400838997598731613e+10
5.454545454545454974e-03,2.571842680028577920e+17,3.419767071458763885e+10,3.419767071458763885e+10,3.419767071458763885e+10,3.419767071458763885e+10,3.419767071458763885e+10,3.419767071458763885e+10,3.419767071458763885e+10,3.419767071458763885e+10
6.060606060606060601e-03,2.551233659976408640e+17,3.380935223205187607e+10,3.380935223205187607e+10,3.380935223205187607e+10,3.380935223205187607e+10,3.380935223205187607e+10,3.380935223205187607e+10,3.380935223205187607e+10,3.380935223205187607e+10
5.757575757575757354e-03,2.561809326409978880e+17,3.400838997598733521e+10,3.400838997598733521e+10,3.400838997598733521e+10,3.400838997598733521e+10,3.400838997598733521e+10,3.400838997598733521e+10,3.400838997598733521e+10,3.400838997598733521e+10
6.363636363636363848e-03,2.540115672045241280e+17,3.360063205815677261e+10,3.360063205815677261e+10,3.360063205815677261e+10,3.360063205815677261e+10,3.360063205815677261e+10,3.360063205815677261e+10,3.360063205815677261e+10,3.360063205815677261e+10
6.060606060606060601e-03,2.551233659976409600e+17,3.380935223205187607e+10,3.380935223205187607e+10,3.380935223205187607e+10,3.380935223205187607e+10,3.380935223205187607e+10,3.380935223205187607e+10,3.380935223205187607e+10,3.380935223205187607e+10
6.666666666666666227e-03,2.528455360445818880e+17,3.338230806637374115e+10,3.338230806637374115e+10,3.338230806637374115e+10,3.338230806637374115e+10,3.338230806637374115e+10,3.338230806637374115e+10,3.338230806637374115e+10,3.338230806637374115e+10
6.363636363636363848e-03,2.540115672045240320e+17,3.360063205815677643e+10,3.360063205815677643e+10,3.360063205815677643e+10,3.360063205815677643e+10,3.360063205815677643e+10,3.360063205815677643e+10,3.360063205815677643e+10,3.360063205815677643e+10
6.969696969696969474e-03,2.516252725178135680e+17,3.315446275021317673e+10,3.315446275021317673e+10,3.315446275021317673e+10,3.315446275021317673e+10,3.315446275021317673e+10,3.315446275021317673e+10,3.315446275021317673e+10,3.315446275021317673e+10
6.666666666666666227e-03,2.528455360445817600e+17,3.338230806637374878e+10,3.338230806637374878e+10,3.338230806637374878e+10,3.338230806637374878e+10,3.338230806637374878e+10,3.338230806637374878e+10,3.338230806637374878e+10,3.338230806637374878e+10
7.272727272727272721e-03,2.503507768412857280e+17,3.291718238111911774e+10,3.291718238111911774e+10,3.291718238111911774e+10,3.291718238111911774e+10,3.291718238111911774e+10,3.291718238111911774e+10,3.291718238111911774e+10,3.291718238111911774e+10
6.969696969696969474e-03,2.516252725178136320e+17,3.315446275021316528e+10,3.315446275021316528e+10,3.315446275021316528e+10,3.315446275021316528e+10,3.315446275021316528e+10,3.315446275021316528e+10,3.315446275021316528e+10,3.315446275021316528e+10
7.575757575757575968e-03,2.490220483638001920e+17,3.267055711197439575e+10,3.267055711197439575e+10,3.267055711197439575e+10,3.267055711197439575e+10,3.267055711197439575e+10,3.267055711197439575e+10,3.267055711197439575e+10,3.267055711197439575e+10
7.272727272727272721e-03,2.503507768412857280e+17,3.291718238111912537e+10,3.291718238111912537e+10,3.291718238111912537e+10,3.291718238111912537e+10,3.291718238111912537e+10,3.291718238111912537e+10,3.291718238111912537e+10,3.291718238111912537e+10
7.878787878787879215e-03,2.476390875194892160e+17,3.241468087359538651e+10,3.241468087359538651e+10,3.241468087359538651e+10,3.241468087359538651e+10,3.241468087359538651e+10,3.241468087359538651e+10,3.241468087359538651e+10,3.241468087359538651e+10
7.575757575757575968e-03,2.490220483638002880e+17,3.267055711197439575e+10,3.267055711197439575e+10,3.267055711197439575e+10,3.267055711197439575e+10,3.267055711197439575e+10,3.267055711197439575e+10,3.267055711197439575e+10,3.267055711197439575e+10
8.181818181818182462e-03,2.462018936571553920e+17,3.214965147823727417e+10,3.214965147823727417e+10,3.214965147823727417e+10,3.214965147823727417e+10,3.214965147823727417e+10,3.214965147823727417e+10,3.214965147823727417e+10,3.214965147823727417e+10
7.878787878787879215e-03,2.476390875194892160e+17,3.241468087359536362e+10,3.241468087359536362e+10,3.241468087359536362e+10,3.241468087359536362e+10,3.241468087359536362e+10,3.241468087359536362e+10,3.241468087359536362e+10,3.241468087359536362e+10
8.484848484848483974e-03,2.447104667767983680e+17,3.187557046433624649e+10,3.187557046433624649e+10,3.187557046433624649e+10,3.187557046433624649e+10,3.187557046433624649e+10,3.187557046433624649e+10,3.187557046433624649e+10,3.187557046433624649e+10
8.181818181818182462e-03,2.462018936571552640e+17,3.214965147823726273e+10,3.214965147823726273e+10,3.214965147823726273e+10,3.214965147823726273e+10,3.214965147823726273e+10,3.214965147823726273e+10,3.214965147823726273e+10,3.214965147823726273e+10
8.787878787878787221e-03,2.431648060101549440e+17,3.159254330351984406e+10,3.159254330351984406e+10,3.159254330351984406e+10,3.159254330351984406e+10,3.159254330351984406e+10,3.159254330351984406e+10,3.159254330351984406e+10,3.159254330351984406e+10
8.484848484848483974e-03,2.447104667767981760e+17,3.187557046433623505e+10,3.187557046433623505e+10,3.187557046433623505e+10,3.187557046433623505e+10,3.187557046433623505e+10,3.187557046433623505e+10,3.187557046433623505e+10,3.187557046433623505e+10
9.090909090909090468e-03,2.415649122254886720e+17,3.130067929710172653e+10,3.130067929710172653e+10,3.130067929710172653e+10,3.130067929710172653e+10,3.130067929710172653e+10,3.130067929710172653e+10,3.130067929710172653e+10,3.130067929710172653e+10
8.787878787878787221e-03,2.431648060101548800e+17,3.159254330351984406e+10,3.159254330351984406e+10,3.159254330351984406e+10,3.159254330351984406e+10,3.159254330351984406e+10,3.159254330351984406e+10,3.159254330351984406e+10,3.159254330351984406e+10
9.393939393939393714e-03,2.399107845545361600e+17,3.100009152432925034e+10,3.100009152432925034e+10,3.100009152432925034e+10,3.100009152432925034e+10,3.100009152432925034e+10,3.100009152432925034e+10,3.100009152432925034e+10,3.100009152432925034e+10
9.090909090909090468e-03,2.415649122254885120e+17,3.130067929710171127e+10,3.130067929710171127e+10,3.130067929710171127e+10,3.130067929710171127e+10,3.130067929710171127e+10,3.130067929710171127e+10,3.130067929710171127e+10,3.130067929710171127e+10
9.696969696969696961e-03,2.382024236484949120e+17,3.069089715289842987e+10,3.069089715289842987e+10,3.069089715289842987e+10,3.069089715289842987e+10,3.069089715289842987e+10,3.069089715289842987e+10,3.069089715289842987e+10,3.069089715289842987e+10
9.393939393939393714e-03,2.399107845545359360e+17,3.100009152432921600e+10,3.100009152432921600e+10,3.100009152432921600e+10,3.100009152432921600e+10,3.100009152432921600e+10,3.100009152432921600e+10,3.100009152432921600e+10,3.100009152432921600e+10
1.000000000000000021e-02,2.364398290732330560e+17,3.037321681792397690e+10,3.037321681792397690e+10,3.037321681792397690e+10,3.037321681792397690e+10,3.037321681792397690e+10,3.037321681792397690e+10,3.037321681792397690e+10,3.037321681792397690e+10
9.696969696969696961e-03,2.382024236484946560e+17,3.069089715289841080e+10,3.069089715289841080e+10,3.069089715289841080e+10,3.069089715289841080e+10,3.069089715289841080e+10,3.069089715289841080e+10,3.069089715289841080e+10,3.069089715289841080e+10
1.030303030303030346e-02,2.346230006116851200e+17,3.004717529472180557e+10,3.004717529472180557e+10,3.004717529472180557e+10,3.004717529472180557e+10,3.004717529472180557e+10,3.004717529472180557e+10,3.004717529472180557e+10,3.004717529472180557e+10
1.000000000000000021e-02,2.364398290732329600e+17,3.037321681792396545e+10,3.037321681792396545e+10,3.037321681792396545e+10,3.037321681792396545e+10,3.037321681792396545e+10,3.037321681792396545e+10,3.037321681792396545e+10,3.037321681792396545e+10
1.060606060606060670e-02,2.327519380467850240e+17,2.971290092953144455e+10,2.971290092953144455e+10,2.971290092953144455e+10,2.971290092953144455e+10,2.971290092953144455e+10,2.971290092953144455e+10,2.971290092953144455e+10,2.971290092953144455e+10
1.030303030303030346e-02,2.346230006116851520e+17,3.004717529472180176e+10,3.004717529472180176e+10,3.004717529472180176e+10,3.004717529472180176e+10,3.004717529472180176e+10,3.004717529472180176e+10,3.004717529472180176e+10,3.004717529472180176e+10
1.090909090909090995e-02,2.308266418126648640e+17,2.937052620879369736e+10,2.937052620879369736e+10,2.937052620879369736e+10,2.937052620879369736e+10,2.937052620879369736e+10,2.937052620879369736e+10,2.937052620879369736e+10,2.937052620879369736e+10
1.060606060606060670e-02,2.327519380467851840e+17,2.971290092953143692e+10,2.971290092953143692e+10,2.971290092953143692e+10,2.971290092953143692e+10,2.971290092953143692e+10,2.971290092953143692e+10,2.971290092953143692e+10,2.971290092953143692e+10
1.121212121212121146e-02,2.288471119093242560e+17,2.902018726750177002e+10,2.902018726750177002e+10,2.902018726750177002e+10,2.902018726750177002e+10,2.902018726750177002e+10,2.902018726750177002e+10,2.902018726750177002e+10,2.902018726750177002e+10
1.090909090909090995e-02,2.308266418126649600e+17,2.937052620879371643e+10,2.937052620879371643e+10,2.937052620879371643e+10,2.937052620879371643e+10,2.937052620879371643e+10,2.937052620879371643e+10,2.937052620879371643e+10,2.937052620879371643e+10
1.151515151515151471e-02,2.268133481196972800e+17,2.866202407033496857e+10,2.866202407033496857e+10,2.866202407033496857e+10,2.866202407033496857e+10,2.866202407033496857e+10,2.866202407033496857e+10,2.866202407033496857e+10,2.866202407033496857e+10
1.121212121212121146e-02,2.288471119093240640e+17,2.902018726750176239e+10,2.902018726750176239e+10,2.902018726750176239e+10,2.902018726750176239e+10,2.902018726750176239e+10,2.902018726750176239e+10,2.902018726750176239e+10,2.902018726750176239e+10
1.181818181818181795e-02,2.247253500096526400e+17,2.829618041165890121e+10,2.829618041165890121e+10,2.829618041165890121e+10,2.829618041165890121e+10,2.829618041165890121e+10,2.829618041165890121e+10,2.829618041165890121e+10,2.829618041165890121e+10
1.151515151515151471e-02,2.268133481196971520e+17,2.866202407033496857e+10,2.866202407033496857e+10,2.866202407033496857e+10,2.866202407033496857e+10,2.866202407033496857e+10,2.866202407033496857e+10,2.866202407033496857e+10,2.866202407033496857e+10
1.212121212121212120e-02,2.225831169279929280e+17,2.792280388964896011e+10,2.792280388964896011e+10,2.792280388964896011e+10,2.792280388964896011e+10,2.792280388964896011e+10,2.792280388964896011e+10,2.792280388964896011e+10,2.792280388964896011e+10
1.181818181818181795e-02,2.247253500096525760e+17,2.829618041165888977e+10,2.829618041165888977e+10,2.829618041165888977e+10,2.829618041165888977e+10,2.829618041165888977e+10,2.829618041165888977e+10,2.829618041165888977e+10,2.829618041165888977e+10
1.242424242424242445e-02,2.203866493088495040e+17,2.754204600979558945e+10,2.754204600979558945e+10,2.754204600979558945e+10,2.754204600979558945e+10,2.754204600979558945e+10,2.754204600979558945e+10,2.754204600979558945e+10,2.754204600979558945e+10
1.212121212121212120e-02,2.225831169279927680e+17,2.792280388964895248e+10,2.792280388964895248e+10,2.792280388964895248e+10,2.792280388964895248e+10,2.792280388964895248e+10,2.792280388964895248e+10,2.792280388964895248e+10,2.792280388964895248e+10
1.272727272727272770e-02,2.181359467180911360e+17,2.715406210727537918e+10,2.715406210727537918e+10,2.715406210727537918e+10,2.715406210727537918e+10,2.715406210727537918e+10,2.715406210727537918e+10,2.715406210727537918e+10,2.715406210727537918e+10
1.242424242424242445e-02,2.203866493088494720e+17,2.754204600979557800e+10,2.754204600979557800e+10,2.754204600979557800e+10,2.754204600979557800e+10,2.754204600979557800e+10,2.754204600979557800e+10,2.754204600979557800e+10,2.754204600979557800e+10
1.303030303030303094e-02,2.158310098069149440e+17,2.675901147633238602e+10,2.675901147633238602e+10,2.675901147633238602e+10,2.675901147633238602e+10,2.675901147633238602e+10,2.675901147633238602e+10,2.675901147633238602e+10,2.675901147633238602e+10
1.272727272727272770e-02,2.181359467180910720e+17,2.715406210727536392e+10,2.715406210727536392e+10,2.715406210727536392e+10,2.715406210727536392e+10,2.715406210727536392e+10,2.715406210727536392e+10,2.715406210727536392e+10,2.715406210727536392e+10
1.333333333333333245e-02,2.134718383582553280e+17,2.635705711151557541e+10,2.635705711151557541e+10,2.635705711151557541e+10,2.635705711151557541e+10,2.635705711151557541e+10,2.635705711151557541e+10,2.635705711151557541e+10,2.635705711151557541e+10
1.303030303030303094e-02,2.158310098069150080e+17,2.675901147633239746e+10,2.675901147633239746e+10,2.675901147633239746e+10,2.675901147633239746e+10,2.675901147633239746e+10,2.675901147633239746e+10,2.675901147633239746e+10,2.675901147633239746e+10
1.363636363636363570e-02,2.110584319379805120e+17,2.594836581118380356e+10,2.594836581118380356e+10,2.594836581118380356e+10,2.594836581118380356e+10,2.594836581118380356e+10,2.594836581118380356e+10,2.594836581118380356e+10,2.594836581118380356e+10
1.333333333333333245e-02,2.134718383582551680e+17,2.635705711151556396e+10,2.635705711151556396e+10,2.635705711151556396e+10,2.635705711151556396e+10,2.635705711151556396e+10,2.635705711151556396e+10,2.635705711151556396e+10,2.635705711151556396e+10
1.393939393939393895e-02,2.085907907631563840e+17,2.553310825513465118e+10,2.553310825513465118e+10,2.553310825513465118e+10,2.553310825513465118e+10,2.553310825513465118e+10,2.553310825513465118e+10,2.553310825513465118e+10,2.553310825513465118e+10
1.363636363636363570e-02,2.110584319379803520e+17,2.594836581118379974e+10,2.594836581118379974e+10,2.594836581118379974e+10,2.594836581118379974e+10,2.594836581118379974e+10,2.594836581118379974e+10,2.594836581118379974e+10,2.594836581118379974e+10
1.424242424242424220e-02,2.060689141825855360e+17,2.511145897872812653e+10,2.511145897872812653e+10,2.511145897872812653e+10,2.511145897872812653e+10,2.511145897872812653e+10,2.511145897872812653e+10,2.511145897872812653e+10,2.511145897872812653e+10
1.393939393939393895e-02,2.085907907631562560e+17,2.553310825513464355e+10,2.553310825513464355e+10,2.553310825513464355e+10,2.553310825513464355e+10,2.553310825513464355e+10,2.553310825513464355e+10,2.553310825513464355e+10,2.553310825513464355e+10
1.454545454545454544e-02,2.034928021962680640e+17,2.468359619175286484e+10,2.468359619175286484e+10,2.468359619175286484e+10,2.468359619175286484e+10,2.468359619175286484e+10,2.468359619175286484e+10,2.468359619175286484e+10,2.468359619175286484e+10
1.424242424242424220e-02,2.060689141825853120e+17,2.511145897872811127e+10,2.511145897872811127e+10,2.511145897872811127e+10,2.511145897872811127e+10,2.511145897872811127e+10,2.511145897872811127e+10,2.511145897872811127e+10,2.511145897872811127e+10
1.484848484848484869e-02,2.008624541530065280e+17,2.424970216656999588e+10,2.424970216656999588e+10,2.424970216656999588e+10,2.424970216656999588e+10,2.424970216656999588e+10,2.424970216656999588e+10,2.424970216656999588e+10,2.424970216656999588e+10
1.454545454545454544e-02,2.034928021962679360e+17,2.468359619175285721e+10,2.468359619175285721e+10,2.468359619175285721e+10,2.468359619175285721e+10,2.468359619175285721e+10,2.468359619175285721e+10,2.468359619175285721e+10,2.468359619175285721e+10
1.515151515151515194e-02,1.981778704869323840e+17,2.380996295347432709e+10,2.380996295347432709e+10,2.380996295347432709e+10,2.380996295347432709e+10,2.380996295347432709e+10,2.380996295347432709e+10,2.380996295347432709e+10,2.380996295347432709e+10
1.484848484848484869e-02,2.008624541530064640e+17,2.424970216656998062e+10,2.424970216656998062e+10,2.424970216656998062e+10,2.424970216656998062e+10,2.424970216656998062e+10,2.424970216656998062e+10,2.424970216656998062e+10,2.424970216656998062e+10
1.545454545454545518e-02,1.954390514151117440e+17,2.336456843244683838e+10,2.336456843244683838e+10,2.336456843244683838e+10,2.336456843244683838e+10,2.336456843244683838e+10,2.336456843244683838e+10,2.336456843244683838e+10,2.336456843244683838e+10
1.515151515151515194e-02,1.981778704869324480e+17,2.380996295347432327e+10,2.380996295347432327e+10,2.380996295347432327e+10,2.380996295347432327e+10,2.380996295347432327e+10,2.380996295347432327e+10,2.380996295347432327e+10,2.380996295347432327e+10
1.575757575757575843e-02,1.926459971546103040e+17,2.291371231315469360e+10,2.291371231315469360e+10,2.291371231315469360e+10,2.291371231315469360e+10,2.291371231315469360e+10,2.291371231315469360e+10,2.291371231315469360e+10,2.291371231315469360e+10
1.545454545454545518e-02,1.954390514151117120e+17,2.336456843244683456e+10,2.336456843244683456e+10,2.336456843244683456e+10,2.336456843244683456e+10,2.336456843244683456e+10,2.336456843244683456e+10,2.336456843244683456e+10,2.336456843244683456e+10
1.606060606060605994e-02,1.897987072712962880e+17,2.245759218670377350e+10,2.245759218670377350e+10,2.245759218670377350e+10,2.245759218670377350e+10,2.245759218670377350e+10,2.245759218670377350e+10,2.245759218670377350e+10,2.245759218670377350e+10
1.575757575757575843e-02,1.926459971546101760e+17,2.291371231315470886e+10,2.291371231315470886e+10,2.291371231315470886e+10,2.291371231315470886e+10,2.291371231315470886e+10,2.291371231315470886e+10,2.291371231315470886e+10,2.291371231315470886e+10
1.636363636363636492e-02,1.868971819822354560e+17,2.199640937038105392e+10,2.199640937038105392e+10,2.199640937038105392e+10,2.199640937038105392e+10,2.199640937038105392e+10,2.199640937038105392e+10,2.199640937038105392e+10,2.199640937038105392e+10
1.606060606060605994e-02,1.897987072712961600e+17,2.245759218670376205e+10,2.245759218670376205e+10,2.245759218670376205e+10,2.245759218670376205e+10,2.245759218670376205e+10,2.245759218670376205e+10,2.245759218670376205e+10,2.245759218670376205e+10
1.666666666666666644e-02,1.839414199850334400e+17,2.153036895940719986e+10,2.153036895940719986e+10,2.153036895940719986e+10,2.153036895940719986e+10,2.153036895940719986e+10,2.153036895940719986e+10,2.153036895940719986e+10,2.153036895940719986e+10
1.636363636363636492e-02,1.868971819822354880e+17,2.199640937038105011e+10,2.199640937038105011e+10,2.199640937038105011e+10,2.199640937038105011e+10,2.199640937038105011e+10,2.199640937038105011e+10,2.199640937038105011e+10,2.199640937038105011e+10
1.696969696969696795e-02,1.809314219308872960e+17,2.105968008569914246e+10,2.105968008569914246e+10,2.105968008569914246e+10,2.105968008569914246e+10,2.105968008569914246e+10,2.105968008569914246e+10,2.105968008569914246e+10,2.105968008569914246e+10
1.666666666666666644e-02,1.839414199850333440e+17,2.153036895940721130e+10,2.153036895940721130e+10,2.153036895940721130e+10,2.153036895940721130e+10,2.153036895940721130e+10,2.153036895940721130e+10,2.153036895940721130e+10,2.153036895940721130e+10
1.727272727272727293e-02,1.778671873856655680e+17,2.058455555560242844e+10,2.058455555560242844e+10,2.058455555560242844e+10,2.058455555560242844e+10,2.058455555560242844e+10,2.058455555560242844e+10,2.058455555560242844e+10,2.058455555560242844e+10
1.696969696969696795e-02,1.809314219308872000e+17,2.105968008569913483e+10,2.105968008569913483e+10,2.105968008569913483e+10,2.105968008569913483e+10,2.105968008569913483e+10,2.105968008569913483e+10,2.105968008569913483e+10,2.105968008569913483e+10
1.757575757575757444e-02,1.747487170005656000e+17,2.010521218628255463e+10,2.010521218628255463e+10,2.010521218628255463e+10,2.010521218628255463e+10,2.010521218628255463e+10,2.010521218628255463e+10,2.010521218628255463e+10,2.010521218628255463e+10
1.727272727272727293e-02,1.778671873856655040e+17,2.058455555560242081e+10,2.058455555560242081e+10,2.058455555560242081e+10,2.058455555560242081e+10,2.058455555560242081e+10,2.058455555560242081e+10,2.058455555560242081e+10,2.058455555560242081e+10
1.787878787878787942e-02,1.715760105585216000e+17,1.962187054696249771e+10,1.962187054696249771e+10,1.962187054696249771e+10,1.962187054696249771e+10,1.962187054696249771e+10,1.962187054696249771e+10,1.962187054696249771e+10,1.962187054696249771e+10
1.757575757575757444e-02,1.747487170005654080e+17,2.010521218628255463e+10,2.010521218628255463e+10,2.010521218628255463e+10,2.010521218628255463e+10,2.010521218628255463e+10,2.010521218628255463e+10,2.010521218628255463e+10,2.010521218628255463e+10
1.818181818181818094e-02,1.683490678424677440e+17,1.913475495892256546e+10,1.913475495892256546e+10,1.913475495892256546e+10,1.913475495892256546e+10,1.913475495892256546e+10,1.913475495892256546e+10,1.913475495892256546e+10,1.913475495892256546e+10
1.787878787878787942e-02,1.715760105585215680e+17,1.962187054696250153e+10,1.962187054696250153e+10,1.962187054696250153e+10,1.962187054696250153e+10,1.962187054696250153e+10,1.962187054696250153e+10,1.962187054696250153e+10,1.962187054696250153e+10
1.848484848484848592e-02,1.650678882012066880e+17,1.864409365075806808e+10,1.864409365075806808e+10,1.864409365075806808e+10,1.864409365075806808e+10,1.864409365075806808e+10,1.864409365075806808e+10,1.864409365075806808e+10,1.864409365075806808e+10
1.818181818181818094e-02,1.683490678424676800e+17,1.913475495892256927e+10,1.913475495892256927e+10,1.913475495892256927e+10,1.913475495892256927e+10,1.913475495892256927e+10,1.913475495892256927e+10,1.913475495892256927e+10,1.913475495892256927e+10
1.878787878787878743e-02,1.617324720688701760e+17,1.815011865487422180e+10,1.815011865487422180e+10,1.815011865487422180e+10,1.815011865487422180e+10,1.815011865487422180e+10,1.815011865487422180e+10,1.815011865487422180e+10,1.815011865487422180e+10
1.848484848484848592e-02,1.650678882012066880e+17,1.864409365075807571e+10,1.864409365075807571e+10,1.864409365075807571e+10,1.864409365075807571e+10,1.864409365075807571e+10,1.864409365075807571e+10,1.864409365075807571e+10,1.864409365075807571e+10
1.909090909090909241e-02,1.583428183601290240e+17,1.765306580748614502e+10,1.765306580748614502e+10,1.765306580748614502e+10,1.765306580748614502e+10,1.765306580748614502e+10,1.765306580748614502e+10,1.765306580748614502e+10,1.765306580748614502e+10
1.878787878787878743e-02,1.617324720688700800e+17,1.815011865487421799e+10,1.815011865487421799e+10,1.815011865487421799e+10,1.815011865487421799e+10,1.815011865487421799e+10,1.815011865487421799e+10,1.815011865487421799e+10,1.815011865487421799e+10
1.939393939393939392e-02,1.548989275091148480e+17,1.715317487800021362e+10,1.715317487800021362e+10,1.715317487800021362e+10,1.715317487800021362e+10,1.715317487800021362e+10,1.715317487800021362e+10,1.715317487800021362e+10,1.715317487800021362e+10
1.909090909090909241e-02,1.583428183601289280e+17,1.765306580748615265e+10,1.765306580748615265e+10,1.765306580748615265e+10,1.765306580748615265e+10,1.765306580748615265e+10,1.765306580748615265e+10,1.765306580748615265e+10,1.765306580748615265e+10
1.969696969696969543e-02,1.514007999499593280e+17,1.665068951726144600e+10,1.665068951726144600e+10,1.665068951726144600e+10,1.665068951726144600e+10,1.665068951726144600e+10,1.665068951726144600e+10,1.665068951726144600e+10,1.665068951726144600e+10
1.939393939393939392e-02,1.548989275091149440e+17,1.715317487800020599e+10,1.715317487800020599e+10,1.715317487800020599e+10,1.715317487800020599e+10,1.715317487800020599e+10,1.715317487800020599e+10,1.715317487800020599e+10,1.715317487800020599e+10
2.000000000000000042e-02,1.478484352485310720e+17,1.614585705054353333e+10,1.614585705054353333e+10,1.614585705054353333e+10,1.614585705054353333e+10,1.614585705054353333e+10,1.614585705054353333e+10,1.614585705054353333e+10,1.614585705054353333e+10
1.969696969696969543e-02,1.514007999499592640e+17,1.665068951726143456e+10,1.665068951726143456e+10,1.665068951726143456e+10,1.665068951726143456e+10,1.665068951726143456e+10,1.665068951726143456e+10,1.665068951726143456e+10,1.665068951726143456e+10
2.030303030303030193e-02,1.442418334048295680e+17,1.563892878806386757e+10,1.563892878806386757e+10,1.563892878806386757e+10,1.563892878806386757e+10,1.563892878806386757e+10,1.563892878806386757e+10,1.563892878806386757e+10,1.563892878806386757e+10
2.000000000000000042e-02,1.478484352485309120e+17,1.614585705054352379e+10,1.614585705054352379e+10,1.614585705054352379e+10,1.614585705054352379e+10,1.614585705054352379e+10,1.614585705054352379e+10,1.614585705054352379e+10,1.614585705054352379e+10
2.060606060606060691e-02,1.405809942017894080e+17,1.513015966271596909e+10,1.513015966271596909e+10,1.513015966271596909e+10,1.513015966271596909e+10,1.513015966271596909e+10,1.513015966271596909e+10,1.513015966271596909e+10,1.513015966271596909e+10
2.030303030303030193e-02,1.442418334048295040e+17,1.563892878806385803e+10,1.563892878806385803e+10,1.563892878806385803e+10,1.563892878806385803e+10,1.563892878806385803e+10,1.563892878806385803e+10,1.563892878806385803e+10,1.563892878806385803e+10
2.090909090909090842e-02,1.368659165540816800e+17,1.461980861821335411e+10,1.461980861821335411e+10,1.461980861821335411e+10,1.461980861821335411e+10,1.461980861821335411e+10,1.461980861821335411e+10,1.461980861821335411e+10,1.461980861821335411e+10
2.060606060606060691e-02,1.405809942017894400e+17,1.513015966271597099e+10,1.513015966271597099e+10,1.513015966271597099e+10,1.513015966271597099e+10,1.513015966271597099e+10,1.513015966271597099e+10,1.513015966271597099e+10,1.513015966271597099e+10
2.121212121212121340e-02,1.330966013299693280e+17,1.410813840207943344e+10,1.410813840207943344e+10,1.410813840207943344e+10,1.410813840207943344e+10,1.410813840207943344e+10,1.410813840207943344e+10,1.410813840207943344e+10,1.410813840207943344e+10
2.090909090909090842e-02,1.368659165540815840e+17,1.461980861821334648e+10,1.461980861821334648e+10,1.461980861821334648e+10,1.461980861821334648e+10,1.461980861821334648e+10,1.461980861821334648e+10,1.461980861821334648e+10,1.461980861821334648e+10
2.151515151515151492e-02,1.292730480953209600e+17,1.359541566915258789e+10,1.359541566915258789e+10,1.359541566915258789e+10,1.359541566915258789e+10,1.359541566915258789e+10,1.359541566915258789e+10,1.359541566915258789e+10,1.359541566915258789e+10
2.121212121212121340e-02,1.330966013299693280e+17,1.410813840207943344e+10,1.410813840207943344e+10,1.410813840207943344e+10,1.410813840207943344e+10,1.410813840207943344e+10,1.410813840207943344e+10,1.410813840207943344e+10,1.410813840207943344e+10
2.181818181818181990e-02,1.253952566330706400e+17,1.308191072282358360e+10,1.308191072282358360e+10,1.308191072282358360e+10,1.308191072282358360e+10,1.308191072282358360e+10,1.308191072282358360e+10,1.308191072282358360e+10,1.308191072282358360e+10
2.151515151515151492e-02,1.292730480953208480e+17,1.359541566915258598e+10,1.359541566915258598e+10,1.359541566915258598e+10,1.359541566915258598e+10,1.359541566915258598e+10,1.359541566915258598e+10,1.359541566915258598e+10,1.359541566915258598e+10
2.212121212121212141e-02,1.214632265090868000e+17,1.256789782555062103e+10,1.256789782555062103e+10,1.256789782555062103e+10,1.256789782555062103e+10,1.256789782555062103e+10,1.256789782555062103e+10,1.256789782555062103e+10,1.256789782555062103e+10
2.181818181818181990e-02,1.253952566330706880e+17,1.308191072282357979e+10,1.308191072282357979e+10,1.308191072282357979e+10,1.308191072282357979e+10,1.308191072282357979e+10,1.308191072282357979e+10,1.308191072282357979e+10,1.308191072282357979e+10
2.242424242424242292e-02,1.174769581575013120e+17,1.205365509535437584e+10,1.205365509535437584e+10,1.205365509535437584e+10,1.205365509535437584e+10,1.205365509535437584e+10,1.205365509535437584e+10,1.205365509535437584e+10,1.205365509535437584e+10
2.212121212121212141e-02,1.214632265090869440e+17,1.256789782555062675e+10,1.256789782555062675e+10,1.256789782555062675e+10,1.256789782555062675e+10,1.256789782555062675e+10,1.256789782555062675e+10,1.256789782555062675e+10,1.256789782555062675e+10
2.272727272727272790e-02,1.134364507100506560e+17,1.153946445406542587e+10,1.153946445406542587e+10,1.153946445406542587e+10,1.153946445406542587e+10,1.153946445406542587e+10,1.153946445406542587e+10,1.153946445406542587e+10,1.153946445406542587e+10
2.242424242424242292e-02,1.174769581575012480e+17,1.205365509535437202e+10,1.205365509535437202e+10,1.205365509535437202e+10,1.205365509535437202e+10,1.205365509535437202e+10,1.205365509535437202e+10,1.205365509535437202e+10,1.205365509535437202e+10
2.303030303030302942e-02,1.093417041667350080e+17,1.102561164026240349e+10,1.102561164026240349e+10,1.102561164026240349e+10,1.102561164026240349e+10,1.102561164026240349e+10,1.102561164026240349e+10,1.102561164026240349e+10,1.102561164026240349e+10
2.272727272727272790e-02,1.134364507100506080e+17,1.153946445406542206e+10,1.153946445406542206e+10,1.153946445406542206e+10,1.153946445406542206e+10,1.153946445406542206e+10,1.153946445406542206e+10,1.153946445406542206e+10,1.153946445406542206e+10
2.333333333333333440e-02,1.051927191787517120e+17,1.051238627396262360e+10,1.051238627396262360e+10,1.051238627396262360e+10,1.051238627396262360e+10,1.051238627396262360e+10,1.051238627396262360e+10,1.051238627396262360e+10,1.051238627396262360e+10
2.303030303030302942e-02,1.093417041667349280e+17,1.102561164026239586e+10,1.102561164026239586e+10,1.102561164026239586e+10,1.102561164026239586e+10,1.102561164026239586e+10,1.102561164026239586e+10,1.102561164026239586e+10,1.102561164026239586e+10
2.363636363636363591e-02,1.009894948778375520e+17,1.000008175311709213e+10,1.000008175311709213e+10,1.000008175311709213e+10,1.000008175311709213e+10,1.000008175311709213e+10,1.000008175311709213e+10,1.000008175311709213e+10,1.000008175311709213e+10
2.333333333333333440e-02,1.051927191787516640e+17,1.051238627396262360e+10,1.051238627396262360e+10,1.051238627396262360e+10,1.051238627396262360e+10,1.051238627396262360e+10,1.051238627396262360e+10,1.051238627396262360e+10,1.051238627396262360e+10
2.393939393939394089e-02,9.673203126399265600e+16,9.488995370053615570e+09,9.488995370053615570e+09,9.488995370053615570e+09,9.488995370053615570e+09,9.488995370053615570e+09,9.488995370053615570e+09,9.488995370053615570e+09,9.488995370053615570e+09
2.363636363636363591e-02,1.009894948778375200e+17,1.000008175311708641e+10,1.000008175311708641e+10,1.000008175311708641e+10,1.000008175311708641e+10,1.000008175311708641e+10,1.000008175311708641e+10,1.000008175311708641e+10,1.000008175311708641e+10
2.424242424242424240e-02,9.242032833721692800e+16,8.979428233848062515e+09,8.979428233848062515e+09,8.979428233848062515e+09,8.979428233848062515e+09,8.979428233848062515e+09,8.979428233848062515e+09,8.979428233848062515e+09,8.979428233848062515e+09
2.393939393939394089e-02,9.673203126399262400e+16,9.488995370053615570e+09,9.488995370053615570e+09,9.488995370053615570e+09,9.488995370053615570e+09,9.488995370053615570e+09,9.488995370053615570e+09,9.488995370053615570e+09,9.488995370053615570e+09
2.454545454545454392e-02,8.805438588044464000e+16,8.471685231509963036e+09,8.471685231509963036e+09,8.471685231509963036e+09,8.471685231509963036e+09,8.471685231509963036e+09,8.471685231509963036e+09,8.471685231509963036e+09,8.471685231509963036e+09
2.424242424242424240e-02,9.242032833721688000e+16,8.979428233848060608e+09,8.979428233848060608e+09,8.979428233848060608e+09,8.979428233848060608e+09,8.979428233848060608e+09,8.979428233848060608e+09,8.979428233848060608e+09,8.979428233848060608e+09
2.484848484848484890e-02,8.363420324247833600e+16,7.966075170301925659e+09,7.966075170301925659e+09,7.966075170301925659e+09,7.966075170301925659e+09,7.966075170301925659e+09,7.966075170301925659e+09,7.966075170301925659e+09,7.966075170301925659e+09
2.454545454545454392e-02,8.805438588044457600e+16,8.471685231509954453e+09,8.471685231509954453e+09,8.471685231509954453e+09,8.471685231509954453e+09,8.471685231509954453e+09,8.471685231509954453e+09,8.471685231509954453e+09,8.471685231509954453e+09
2.515151515151515041e-02,7.915977998918662400e+16,7.462910622482094765e+09,7.462910622482094765e+09,7.462910622482094765e+09,7.462910622482094765e+09,7.462910622482094765e+09,7.462910622482094765e+09,7.462910622482094765e+09,7.462910622482094765e+09
2.484848484848484890e-02,8.363420324247833600e+16,7.966075170301921844e+09,7.966075170301921844e+09,7.966075170301921844e+09,7.966075170301921844e+09,7.966075170301921844e+09,7.966075170301921844e+09,7.966075170301921844e+09,7.966075170301921844e+09
2.545454545454545539e-02,7.463111698883246400e+16,6.962508080561703682e+09,6.962508080561703682e+09,6.962508080561703682e+09,6.962508080561703682e+09,6.962508080561703682e+09,6.962508080561703682e+09,6.962508080561703682e+09,6.962508080561703682e+09
2.515151515151515041e-02,7.915977998918656000e+16,7.462910622482089996e+09,7.462910622482089996e+09,7.462910622482089996e+09,7.462910622482089996e+09,7.462910622482089996e+09,7.462910622482089996e+09,7.462910622482089996e+09,7.462910622482089996e+09
2.575757575757575690e-02,7.004821359021862400e+16,6.465187814985649109e+09,6.465187814985649109e+09,6.465187814985649109e+09,6.465187814985649109e+09,6.465187814985649109e+09,6.465187814985649109e+09,6.465187814985649109e+09,6.465187814985649109e+09
2.545454545454545539e-02,7.463111698883246400e+16,6.962508080561705589e+09,6.962508080561705589e+09,6.962508080561705589e+09,6.962508080561705589e+09,6.962508080561705589e+09,6.962508080561705589e+09,6.962508080561705589e+09,6.962508080561705589e+09
2.606060606060606188e-02,6.541106935921345600e+16,5.971273938823118210e+09,5.971273938823118210e+09,5.971273938823118210e+09,5.971273938823118210e+09,5.971273938823118210e+09,5.971273938823118210e+09,5.971273938823118210e+09,5.971273938823118210e+09
2.575757575757575690e-02,7.004821359021856000e+16,6.465187814985642433e+09,6.465187814985642433e+09,6.465187814985642433e+09,6.465187814985642433e+09,6.465187814985642433e+09,6.465187814985642433e+09,6.465187814985642433e+09,6.465187814985642433e+09
2.636363636363636340e-02,6.071968472994858400e+16,5.481094420705756187e+09,5.481094420705756187e+09,5.481094420705756187e+09,5.481094420705756187e+09,5.481094420705756187e+09,5.481094420705756187e+09,5.481094420705756187e+09,5.481094420705756187e+09
2.606060606060606188e-02,6.541106935921347200e+16,5.971273938823119164e+09,5.971273938823119164e+09,5.971273938823119164e+09,5.971273938823119164e+09,5.971273938823119164e+09,5.971273938823119164e+09,5.971273938823119164e+09,5.971273938823119164e+09
2.666666666666666491e-02,5.597405948535820800e+16,4.994981058951388359e+09,4.994981058951388359e+09,4.994981058951388359e+09,4.994981058951388359e+09,4.994981058951388359e+09,4.994981058951388359e+09,4.994981058951388359e+09,4.994981058951388359e+09
2.636363636363636340e-02,6.071968472994858400e+16,5.481094420705759048e+09,5.481094420705759048e+09,5.481094420705759048e+09,5.481094420705759048e+09,5.481094420705759048e+09,5.481094420705759048e+09,5.481094420705759048e+09,5.481094420705759048e+09
2.696969696969696989e-02,5.117419340837653600e+16,4.513269468625871658e+09,4.513269468625871658e+09,4.513269468625871658e+09,4.513269468625871658e+09,4.513269468625871658e+09,4.513269468625871658e+09,4.513269468625871658e+09,4.513269468625871658e+09
2.666666666666666491e-02,5.597405948535814400e+16,4.994981058951387405e+09,4.994981058951387405e+09,4.994981058951387405e+09,4.994981058951387405e+09,4.994981058951387405e+09,4.994981058951387405e+09,4.994981058951387405e+09,4.994981058951387405e+09
2.727272727272727140e-02,4.632008563074039200e+16,4.036299094481260777e+09,4.036299094481260777e+09,4.036299094481260777e+09,4.036299094481260777e+09,4.036299094481260777e+09,4.036299094481260777e+09,4.036299094481260777e+09,4.036299094481260777e+09
2.696969696969696989e-02,5.117419340837650400e+16,4.513269468625872612e+09,4.513269468625872612e+09,4.513269468625872612e+09,4.513269468625872612e+09,4.513269468625872612e+09,4.513269468625872612e+09,4.513269468625872612e+09,4.513269468625872612e+09
2.757575757575757638e-02,4.141173702071300000e+16,3.564413269177361488e+09,3.564413269177361488e+09,3.564413269177361488e+09,3.564413269177361488e+09,3.564413269177361488e+09,3.564413269177361488e+09,3.564413269177361488e+09,3.564413269177361488e+09
2.727272727272727140e-02,4.632008563074037600e+16,4.036299094481256485e+09,4.036299094481256485e+09,4.036299094481256485e+09,4.036299094481256485e+09,4.036299094481256485e+09,4.036299094481256485e+09,4.036299094481256485e+09,4.036299094481256485e+09
2.787878787878787790e-02,3.644914714416269600e+16,3.097959116245770454e+09,3.097959116245770454e+09,3.097959116245770454e+09,3.097959116245770454e+09,3.097959116245770454e+09,3.097959116245770454e+09,3.097959116245770454e+09,3.097959116245770454e+09
2.757575757575757638e-02,4.141173702071300800e+16,3.564413269177359104e+09,3.564413269177359104e+09,3.564413269177359104e+09,3.564413269177359104e+09,3.564413269177359104e+09,3.564413269177359104e+09,3.564413269177359104e+09,3.564413269177359104e+09
2.818181818181818288e-02,3.143231556695801200e+16,2.637287601842401505e+09,2.637287601842401505e+09,2.637287601842401505e+09,2.637287601842401505e+09,2.637287601842401505e+09,2.637287601842401505e+09,2.637287601842401505e+09,2.637287601842401505e+09
2.787878787878787790e-02,3.644914714416268800e+16,3.097959116245767593e+09,3.097959116245767593e+09,3.097959116245767593e+09,3.097959116245767593e+09,3.097959116245767593e+09,3.097959116245767593e+09,3.097959116245767593e+09,3.097959116245767593e+09
2.848484848484848439e-02,2.636124228909888000e+16,2.182753534747468948e+09,2.182753534747468948e+09,2.182753534747468948e+09,2.182753534747468948e+09,2.182753534747468948e+09,2.182753534747468948e+09,2.182753534747468948e+09,2.182753534747468948e+09
2.818181818181818288e-02,3.143231556695801200e+16,2.637287601842399597e+09,2.637287601842399597e+09,2.637287601842399597e+09,2.637287601842399597e+09,2.637287601842399597e+09,2.637287601842399597e+09,2.637287601842399597e+09,2.637287601842399597e+09
2.878787878787878937e-02,2.123592665938798000e+16,1.734715556661902905e+09,1.734715556661902905e+09,1.734715556661902905e+09,1.734715556661902905e+09,1.734715556661902905e+09,1.734715556661902905e+09,1.734715556661902905e+09,1.734715556661902905e+09
2.848484848484848439e-02,2.636124228909886400e+16,2.182753534747467041e+09,2.182753534747467041e+09,2.182753534747467041e+09,2.182753534747467041e+09,2.182753534747467041e+09,2.182753534747467041e+09,2.182753534747467041e+09,2.182753534747467041e+09
2.909090909090909088e-02,1.605636911195681800e+16,1.293536155145474911e+09,1.293536155145474911e+09,1.293536155145474911e+09,1.293536155145474911e+09,1.293536155145474911e+09,1.293536155145474911e+09,1.293536155145474911e+09,1.293536155145474911e+09
2.878787878787878937e-02,2.123592665938795600e+16,1.734715556661903143e+09,1.734715556661903143e+09,1.734715556661903143e+09,1.734715556661903143e+09,1.734715556661903143e+09,1.734715556661903143e+09,1.734715556661903143e+09,1.734715556661903143e+09
2.939393939393939240e-02,1.082256877854231600e+16,8.595816328887377977e+08,8.595816328887377977e+08,8.595816328887377977e+08,8.595816328887377977e+08,8.595816328887377977e+08,8.595816328887377977e+08,8.595816328887377977e+08,8.595816328887377977e+08
2.909090909090909088e-02,1.605636911195681200e+16,1.293536155145474911e+09,1.293536155145474911e+09,1.293536155145474911e+09,1.293536155145474911e+09,1.293536155145474911e+09,1.293536155145474911e+09,1.293536155145474911e+09,1.293536155145474911e+09
2.969696969696969738e-02,5.534525876210252000e+15,4.332221529964829087e+08,4.332221529964829087e+08,4.332221529964829087e+08,4.332221529964829087e+08,4.332221529964829087e+08,4.332221529964829087e+08,4.332221529964829087e+08,4.332221529964829087e+08
2.939393939393939240e-02,1.082256877854231400e+16,8.595816328887374401e+08,8.595816328887374401e+08,8.595816328887374401e+08,8.595816328887374401e+08,8.595816328887374401e+08,8.595816328887374401e+08,8.595816328887374401e+08,8.595816328887374401e+08
2.999999999999999889e-02,1.922406220263936875e+14,1.483170050185432471e+07,1.483170050185432471e+07,1.483170050185432471e+07,1.483170050185432471e+07,1.483170050185432471e+07,1.483170050185432471e+07,1.483170050185432471e+07,1.483170050185432471e+07
2.969696969696969738e-02,5.534525876210248000e+15,4.332221529964824319e+08,4.332221529964824319e+08,4.332221529964824319e+08,4.332221529964824319e+08,4.332221529964824319e+08,4.332221529964824319e+08,4.332221529964824319e+08,4.332221529964824319e+08
