x,t=1.00e+02s,t=2.00e+02s,t=3.00e+02s,t=4.00e+02s,t=5.00e+02s,t=6.00e+02s,t=7.00e+02s,t=8.00e+02s,t=9.00e+02s
3.030303030303030300e-04,1.938293059263100676e+25,1.348578521530015757e+25,8.563592600364491689e+24,5.186820042773445862e+24,3.069733976385332080e+24,1.797073718137697836e+24,1.046777930193587172e+24,6.083568358289550197e+23,3.532001487184440181e+23
0.000000000000000000e+00,1.938323855779452964e+25,1.348620051321930196e+25,8.563939246077204379e+24,5.187057855083602141e+24,3.069883075078390532e+24,1.797163347272082573e+24,1.046830771055728244e+24,6.083877124051752651e+23,3.532181185824530429e+23
6.060606060606060601e-04,1.937967370860473011e+25,1.348139378089775774e+25,8.559927387459908813e+24,5.184305675083337171e+24,3.068157605942253163e+24,1.796126110271918221e+24,1.046219270978293463e+24,6.080303945237883875e+23,3.530101633054375569e+23
3.030303030303030300e-04,1.938293059263098958e+25,1.348578521530015757e+25,8.563592600364486320e+24,5.186820042773444788e+24,3.069733976385332617e+24,1.797073718137696763e+24,1.046777930193586769e+24,6.083568358289544829e+23,3.532001487184441524e+23
9.090909090909090901e-04,1.937454841345150268e+25,1.347448601601822802e+25,8.554163490458428588e+24,5.180352182853592603e+24,3.065679179413584502e+24,1.794636305713776149e+24,1.045340977950513215e+24,6.075171860865976380e+23,3.527114825653747901e+23
6.060606060606060601e-04,1.937967370860472152e+25,1.348139378089775344e+25,8.559927387459902371e+24,5.184305675083333950e+24,3.068157605942252626e+24,1.796126110271917684e+24,1.046219270978293195e+24,6.080303945237883875e+23,3.530101633054375569e+23
1.212121212121212120e-03,1.936741814473208531e+25,1.346488204707189926e+25,8.546152967109420090e+24,5.174858927815423605e+24,3.062235884310391045e+24,1.792566630375736228e+24,1.044120864258191803e+24,6.068042525128876769e+23,3.522965667780883131e+23
9.090909090909090901e-04,1.937454841345150698e+25,1.347448601601822802e+25,8.554163490458423219e+24,5.180352182853591529e+24,3.065679179413583429e+24,1.794636305713775344e+24,1.045340977950512543e+24,6.075171860865977722e+23,3.527114825653746559e+23
1.515151515151515150e-03,1.935825837101138265e+25,1.345255473318570025e+25,8.535876203230056770e+24,5.167813636608657715e+24,3.057820417346268178e+24,1.789912811238863109e+24,1.042556443722246533e+24,6.058901499733378146e+23,3.517645780086358373e+23
1.212121212121212120e-03,1.936741814473208960e+25,1.346488204707189926e+25,8.546152967109416868e+24,5.174858927815420384e+24,3.062235884310389435e+24,1.792566630375735154e+24,1.044120864258191534e+24,6.068042525128880795e+23,3.522965667780882460e+23
1.818181818181818180e-03,1.934705589612536843e+25,1.343749393726759508e+25,8.523328646588398207e+24,5.159214704291134461e+24,3.052432274326833846e+24,1.786674695440462244e+24,1.040647668448584408e+24,6.047748619038252429e+23,3.511155096366285408e+23
1.515151515151515150e-03,1.935825837101138265e+25,1.345255473318569596e+25,8.535876203230051401e+24,5.167813636608653420e+24,3.057820417346268178e+24,1.789912811238863378e+24,1.042556443722246131e+24,6.058901499733378146e+23,3.517645780086359715e+23
2.121212121212120993e-03,1.933379911396739324e+25,1.341969340034071484e+25,8.508509851588508781e+24,5.149063676741621568e+24,3.046073035864088794e+24,1.782853415927817429e+24,1.038395257711220557e+24,6.034588224823744686e+23,3.503496180192872675e+23
1.818181818181818180e-03,1.934705589612538132e+25,1.343749393726761226e+25,8.523328646588402502e+24,5.159214704291135535e+24,3.052432274326837067e+24,1.786674695440464660e+24,1.040647668448585482e+24,6.047748619038257798e+23,3.511155096366292790e+23
2.424242424242424240e-03,1.931847586227315816e+25,1.339914786569943312e+25,8.491421078878456090e+24,5.137363601413404671e+24,3.038745331994883047e+24,1.778450768534781603e+24,1.035800330545235340e+24,6.019427018948875890e+23,3.494672975054130643e+23
2.121212121212120993e-03,1.933379911396739753e+25,1.341969340034071270e+25,8.508509851588508781e+24,5.149063676741618346e+24,3.046073035864087183e+24,1.782853415927816892e+24,1.038395257711220557e+24,6.034588224823744686e+23,3.503496180192873346e+23
2.727272727272727487e-03,1.930107274566476942e+25,1.337585218792893594e+25,8.472064551743342888e+24,5.124118514269124913e+24,3.030452518899459299e+24,1.773469017040793507e+24,1.032864290628830870e+24,6.002273390133048099e+23,3.484690412397508543e+23
2.424242424242424240e-03,1.931847586227316246e+25,1.339914786569941808e+25,8.491421078878449647e+24,5.137363601413397155e+24,3.038745331994879825e+24,1.778450768534780529e+24,1.035800330545234669e+24,6.019427018948877232e+23,3.494672975054127959e+23
3.030303030303030300e-03,1.928157486731184605e+25,1.334980099652523434e+25,8.450443175437992527e+24,5.109333243868866169e+24,3.021198554224016048e+24,1.767910817530604465e+24,1.029588781471624111e+24,5.983137151480236081e+23,3.473554258700295775e+23
2.727272727272727487e-03,1.930107274566477801e+25,1.337585218792894238e+25,8.472064551743340740e+24,5.124118514269121692e+24,3.030452518899460373e+24,1.773469017040793775e+24,1.032864290628831004e+24,6.002273390133046757e+23,3.484690412397507201e+23
3.333333333333333114e-03,1.925996570147519789e+25,1.332098855307663544e+25,8.426560418065328783e+24,5.093013325831876291e+24,3.010987941363672574e+24,1.761779184121352043e+24,1.025975665963868707e+24,5.962029420274475954e+23,3.461271045319424454e+23
3.030303030303030300e-03,1.928157486731186537e+25,1.334980099652523863e+25,8.450443175437996822e+24,5.109333243868871538e+24,3.021198554224017659e+24,1.767910817530606344e+24,1.029588781471624782e+24,5.983137151480236752e+23,3.473554258700295775e+23
3.636363636363636360e-03,1.923622702191658843e+25,1.328940868738744484e+25,8.400420257295137581e+24,5.075164962004587900e+24,2.999825701535205384e+24,1.755077471308606467e+24,1.022027015696723791e+24,5.938962554794747751e+23,3.447848031505472626e+23
3.333333333333333114e-03,1.925996570147519575e+25,1.332098855307662256e+25,8.426560418065328783e+24,5.093013325831875217e+24,3.010987941363672574e+24,1.761779184121350969e+24,1.025975665963868573e+24,5.962029420274472599e+23,3.461271045319421099e+23
3.939393939393939607e-03,1.921033885454206241e+25,1.325505476992960397e+25,8.372027157321580345e+24,5.055794999902494362e+24,2.987717358322217749e+24,1.747809363724920177e+24,1.017745104626442652e+24,5.913950116439079529e+23,3.433293182126430513e+23
3.636363636363636360e-03,1.923622702191658198e+25,1.328940868738742981e+25,8.400420257295134360e+24,5.075164962004579310e+24,2.999825701535202700e+24,1.755077471308604588e+24,1.022027015696722986e+24,5.938962554794743725e+23,3.447848031505469942e+23
4.242424242424241987e-03,1.918227944103837767e+25,1.321791970282001175e+25,8.341386061168289784e+24,5.034910922201793961e+24,2.974668928284027810e+24,1.739978869459877538e+24,1.013132404812847660e+24,5.887006843897802392e+23,3.417615152384694907e+23
3.939393939393939607e-03,1.921033885454205382e+25,1.325505476992958679e+25,8.372027157321571755e+24,5.055794999902483624e+24,2.987717358322213991e+24,1.747809363724918298e+24,1.017745104626441578e+24,5.913950116439070133e+23,3.433293182126427828e+23
4.545454545454545234e-03,1.915202520742483791e+25,1.317799592119038943e+25,8.308502391517893435e+24,5.012520841591750264e+24,2.960686914690169759e+24,1.731590315177237251e+24,1.008191583192647643e+24,5.858148633304928889e+23,3.400823275994725420e+23
4.242424242424241987e-03,1.918227944103836908e+25,1.321791970282001604e+25,8.341386061168286563e+24,5.034910922201790740e+24,2.974668928284025126e+24,1.739978869459875659e+24,1.013132404812846855e+24,5.887006843897802392e+23,3.417615152384694236e+23
4.848484848484848481e-03,1.911955073451405388e+25,1.313527540096352286e+25,8.273382056702352726e+24,4.988633498671653866e+24,2.945778302930485762e+24,1.722648342159490011e+24,1.002925498875690468e+24,5.827392521379011185e+23,3.382927555082865837e+23
4.545454545454545234e-03,1.915202520742483576e+25,1.317799592119038514e+25,8.308502391517881624e+24,5.012520841591743821e+24,2.960686914690169759e+24,1.731590315177235104e+24,1.008191583192646972e+24,5.858148633304926205e+23,3.400823275994726091e+23
5.151515151515151728e-03,1.908482872869474110e+25,1.308974967097299233e+25,8.236031460092428279e+24,4.963258261674821352e+24,2.929950556839706089e+24,1.713157902824431449e+24,9.973372006966299575e+23,5.794756669993252941e+23,3.363938650902138884e+23
4.848484848484848481e-03,1.911955073451403670e+25,1.313527540096351642e+25,8.273382056702349505e+24,4.988633498671644202e+24,2.945778302930483077e+24,1.722648342159487058e+24,1.002925498875690468e+24,5.827392521379006487e+23,3.382927555082864495e+23
5.454545454545454974e-03,1.904782999215085049e+25,1.304140982831388390e+25,8.196457511914590934e+24,4.936405127343946137e+24,2.913211615515444211e+24,1.703124257462980931e+24,9.914299248750609920e+23,5.760260351319550303e+23,3.343867874865125586e+23
5.151515151515151728e-03,1.908482872869473895e+25,1.308974967097298374e+25,8.236031460092415394e+24,4.963258261674818131e+24,2.929950556839702868e+24,1.713157902824429301e+24,9.973372006966295548e+23,5.794756669993249585e+23,3.363938650902138213e+23
5.757575757575757354e-03,1.900852339199404635e+25,1.299024655630912296e+25,8.154667642935452205e+24,4.908084722563516752e+24,2.895569890385391799e+24,1.692552971053884290e+24,9.852070927001051904e+23,5.723923933058679188e+23,3.322727179612033175e+23
5.454545454545454974e-03,1.904782999215083545e+25,1.304140982831386028e+25,8.196457511914571607e+24,4.936405127343940768e+24,2.913211615515442063e+24,1.703124257462979589e+24,9.914299248750597841e+23,5.760260351319547618e+23,3.343867874865122231e+23
6.060606060606060601e-03,1.896687582798451036e+25,1.293625014474879244e+25,8.110669819677499816e+24,4.878308306508653408e+24,2.877034262375798724e+24,1.681449910069075009e+24,9.786723081896647396e+23,5.685768863469286174e+23,3.300529149947771177e+23
5.757575757575757354e-03,1.900852339199404850e+25,1.299024655630911651e+25,8.154667642935452205e+24,4.908084722563512457e+24,2.895569890385392872e+24,1.692552971053884290e+24,9.852070927001046535e+23,5.723923933058679859e+23,3.322727179612030490e+23
6.363636363636363848e-03,1.892285219862529072e+25,1.287941051221573153e+25,8.064472560956135912e+24,4.847087773155753672e+24,2.857614079087831633e+24,1.669821239216326729e+24,9.718293556940311647e+23,5.645817656022356229e+23,3.277286993548193825e+23
6.060606060606060601e-03,1.896687582798451465e+25,1.293625014474879244e+25,8.110669819677496595e+24,4.878308306508645891e+24,2.877034262375794966e+24,1.681449910069073935e+24,9.786723081896638001e+23,5.685768863469280134e+23,3.300529149947766479e+23
6.666666666666666227e-03,1.887641536548007467e+25,1.281971723040470559e+25,8.016084955602837058e+24,4.814435654051001549e+24,2.837319151920321669e+24,1.657673418085248866e+24,9.646821974250314457e+23,5.604093873574846094e+23,3.253014531374712168e+23
6.363636363636363848e-03,1.892285219862527999e+25,1.287941051221572080e+25,8.064472560956134839e+24,4.847087773155747229e+24,2.857614079087828948e+24,1.669821239216324582e+24,9.718293556940304936e+23,5.645817656022348847e+23,3.277286993548189798e+23
6.969696969696969474e-03,1.882752611560207299e+25,1.275715955040009840e+25,7.965516681282814709e+24,4.780365121262780613e+24,2.816159753096594838e+24,1.645013197674281563e+24,9.572349708987846256e+23,5.560622111996989114e+23,3.227726187760387495e+23
6.666666666666666227e-03,1.887641536548007682e+25,1.281971723040469485e+25,8.016084955602834910e+24,4.814435654051004234e+24,2.837319151920320596e+24,1.657673418085247792e+24,9.646821974250315800e+23,5.604093873574842739e+23,3.253014531374709484e+23
7.272727272727272721e-03,1.877614312198421522e+25,1.269172643091541670e+25,7.912778024343172559e+24,4.744889990462396600e+24,2.794146612564902019e+24,1.631847616783719881e+24,9.494919862845462733e+23,5.515427983213206826e+23,3.201436980145281617e+23
6.969696969696969474e-03,1.882752611560207299e+25,1.275715955040008981e+25,7.965516681282810414e+24,4.780365121262777392e+24,2.816159753096592691e+24,1.645013197674280489e+24,9.572349708987834177e+23,5.560622111996982403e+23,3.227726187760382797e+23
7.575757575757575968e-03,1.872222290195478075e+25,1.262340656852320479e+25,7.857879900644477176e+24,4.708024724089056528e+24,2.771290914749552695e+24,1.618183998264431648e+24,9.414577236548873481e+23,5.468538097633262714e+23,3.174162508448762964e+23
7.272727272727272721e-03,1.877614312198420663e+25,1.269172643091541026e+25,7.912778024343167190e+24,4.744889990462390695e+24,2.794146612564899335e+24,1.631847616783718002e+24,9.494919862845450654e+23,5.515427983213199444e+23,3.201436980145280275e+23
7.878787878787879215e-03,1.866571977345051286e+25,1.255218842992279676e+25,7.800833877338986679e+24,4.669784434561902403e+24,2.747604295134577707e+24,1.604029945114943633e+24,9.331368301342946713e+23,5.419980045960888629e+23,3.145918944072464954e+23
7.575757575757575968e-03,1.872222290195477216e+25,1.262340656852320264e+25,7.857879900644468586e+24,4.708024724089053844e+24,2.771290914749553232e+24,1.618183998264429769e+24,9.414577236548862744e+23,5.468538097633253990e+23,3.174162508448760280e+23
8.181818181818182462e-03,1.860658580910356221e+25,1.247806028630676569e+25,7.741652195565509183e+24,4.630184887506354676e+24,2.723098836664847845e+24,1.589393336421691093e+24,9.245341169445250814e+23,5.369782380374689663e+23,3.116723018532246425e+23
7.878787878787879215e-03,1.866571977345049568e+25,1.255218842992279461e+25,7.800833877338979163e+24,4.669784434561898108e+24,2.747604295134576097e+24,1.604029945114942559e+24,9.331368301342937317e+23,5.419980045960882590e+23,3.145918944072462940e+23
8.484848484848483974e-03,1.854477078808113804e+25,1.240101024989827920e+25,7.680347794034702460e+24,4.589242504964723786e+24,2.697787065951772496e+24,1.574282323138518763e+24,9.156545563459295767e+23,5.317974595081197951e+23,3.086592011720311104e+23
8.181818181818182462e-03,1.860658580910354717e+25,1.247806028630675925e+25,7.741652195565503815e+24,4.630184887506354676e+24,2.723098836664845697e+24,1.589393336421690020e+24,9.245341169445242761e+23,5.369782380374688321e+23,3.116723018532245083e+23
8.787878787878787221e-03,1.848022214561717292e+25,1.232102631274050382e+25,7.616934333480820967e+24,4.546974368562411186e+24,2.671681949271979270e+24,1.558705323702619025e+24,9.065032784745598068e+23,5.264587106243687880e+23,3.055543739800867024e+23
8.484848484848483974e-03,1.854477078808111227e+25,1.240101024989826416e+25,7.680347794034691722e+24,4.589242504964720028e+24,2.697787065951770349e+24,1.574282323138517420e+24,9.156545563459285030e+23,5.317974595081195267e+23,3.086592011720306406e+23
9.090909090909090468e-03,1.841288492017522268e+25,1.223809638782741306e+25,7.551426221956773269e+24,4.503398222601916279e+24,2.644796888348283327e+24,1.542671019484703676e+24,8.970855680753261557e+23,5.209651231292991797e+23,3.023596542744345675e+23
8.787878787878787221e-03,1.848022214561717292e+25,1.232102631274049738e+25,7.616934333480811304e+24,4.546974368562405817e+24,2.671681949271978196e+24,1.558705323702617415e+24,9.065032784745583304e+23,5.264587106243684524e+23,3.055543739800862998e+23
9.393939393939393714e-03,1.834270169818035914e+25,1.215220835267247032e+25,7.483838640949588002e+24,4.458532477056970327e+24,2.617145715902998223e+24,1.526188350071801341e+24,8.874068611318324679e+23,5.153199167628773299e+23,2.990769271506332381e+23
9.090909090909090468e-03,1.841288492017520765e+25,1.223809638782740018e+25,7.551426221956763606e+24,4.503398222601910911e+24,2.644796888348281717e+24,1.542671019484701260e+24,8.970855680753244108e+23,5.209651231292987770e+23,3.023596542744345004e+23
9.696969696969696961e-03,1.826961255625690222e+25,1.206335009541890390e+25,7.414187572292681095e+24,4.412396210439100696e+24,2.588742690973930469e+24,1.509266508381440392e+24,8.774727413937703014e+23,5.095263970721107657e+23,2.957081274858354361e+23
9.393939393939393714e-03,1.834270169818034410e+25,1.215220835267245744e+25,7.483838640949575117e+24,4.458532477056964958e+24,2.617145715902994465e+24,1.526188350071799730e+24,8.874068611318316626e+23,5.153199167628769944e+23,2.990769271506331039e+23
1.000000000000000021e-02,1.819355500090630443e+25,1.197150956360169690e+25,7.342489825850332348e+24,4.365009172508472487e+24,2.559602493983846736e+24,1.491914935606317549e+24,8.672889368029610786e+23,5.035879531623749696e+23,2.922552385878417778e+23
9.696969696969696961e-03,1.826961255625688504e+25,1.206335009541889316e+25,7.414187572292670357e+24,4.412396210439094790e+24,2.588742690973928321e+24,1.509266508381438781e+24,8.774727413937693618e+23,5.095263970721106986e+23,2.957081274858352683e+23
1.030303030303030346e-02,1.811446390555751164e+25,1.187667481567808300e+25,7.268763067948346001e+24,4.316391786800454050e+24,2.529740221554247695e+24,1.474143315988811960e+24,8.568613158193393251e+23,4.975080553911339859e+23,2.887202908109795481e+23
1.000000000000000021e-02,1.819355500090629154e+25,1.197150956360168831e+25,7.342489825850326979e+24,4.365009172508468192e+24,2.559602493983845125e+24,1.491914935606316206e+24,8.672889368029594680e+23,5.035879531623750367e+23,2.922552385878415764e+23
1.060606060606060670e-02,1.803227144491993634e+25,1.177883407545009071e+25,7.193025850522922176e+24,4.266565152938495522e+24,2.499171381054597103e+24,1.455961571424943720e+24,8.461958836483168812e+23,4.912902530053822596e+23,2.851053601397112381e+23
1.030303030303030346e-02,1.811446390555750520e+25,1.187667481567807226e+25,7.268763067948339558e+24,4.316391786800448681e+24,2.529740221554247158e+24,1.474143315988811155e+24,8.568613158193379829e+23,4.975080553911335162e+23,2.887202908109794475e+23
1.090909090909090995e-02,1.794690702656571095e+25,1.167797578950908238e+25,7.115297640957919237e+24,4.215551048703378039e+24,2.467911884878186424e+24,1.437379855897589979e+24,8.352987783710819274e+23,4.849381717242202796e+23,2.814125667409193148e+23
1.060606060606060670e-02,1.803227144491992131e+25,1.177883407545007568e+25,7.193025850522915733e+24,4.266565152938491227e+24,2.499171381054593344e+24,1.455961571424943452e+24,8.461958836483156733e+23,4.912902530053819911e+23,2.851053601397109697e+23
1.121212121212121146e-02,1.785829721966624824e+25,1.157408868783928465e+25,7.035598852577984502e+24,4.163371931827886224e+24,2.435978044435972030e+24,1.418408549738931552e+24,8.241762669795545669e+23,4.784555112680270028e+23,2.776440734858594631e+23
1.090909090909090995e-02,1.794690702656570880e+25,1.167797578950906949e+25,7.115297640957911721e+24,4.215551048703377502e+24,2.467911884878184276e+24,1.437379855897589442e+24,8.352987783710808537e+23,4.849381717242204809e+23,2.814125667409192477e+23
1.151515151515151471e-02,1.776636568080418034e+25,1.146716184772411653e+25,6.953950875762699635e+24,4.110050941485237689e+24,2.403386563859789149e+24,1.399058253722349054e+24,8.128347413178032555e+23,4.718460428357816203e+23,2.738020844428057756e+23
1.121212121212121146e-02,1.785829721966624180e+25,1.157408868783926532e+25,7.035598852577973764e+24,4.163371931827884614e+24,2.435978044435968809e+24,1.418408549738929673e+24,8.241762669795537616e+23,4.784555112680265330e+23,2.776440734858594295e+23
1.181818181818181795e-02,1.767103307677899451e+25,1.135718476110625101e+25,6.870376109643728136e+24,4.055611899438633717e+24,2.370154533406512335e+24,1.379339782984113513e+24,8.012807139318507871e+23,4.651136065321282338e+23,2.698888433414425742e+23
1.151515151515151471e-02,1.776636568080417390e+25,1.146716184772410364e+25,6.953950875762689971e+24,4.110050941485237689e+24,2.403386563859787538e+24,1.399058253722348786e+24,8.128347413178024502e+23,4.718460428357808821e+23,2.738020844428056079e+23
1.212121212121212120e-02,1.757221700432174638e+25,1.124414740555978497e+25,6.784897994343975876e+24,4.000079310818416953e+24,2.336299422554798290e+24,1.359264160775420131e+24,7.895208138299111511e+23,4.582621087458497544e+23,2.659066320100972068e+23
1.181818181818181795e-02,1.767103307677898377e+25,1.135718476110624028e+25,6.870376109643718472e+24,4.055611899438629959e+24,2.370154533406511529e+24,1.379339782984112976e+24,8.012807139318503844e+23,4.651136065321278311e+23,2.698888433414424400e+23
1.242424242424242445e-02,1.746983190663038496e+25,1.112804031904059942e+25,6.697541043714213009e+24,3.943478364492443614e+24,2.301839072786248177e+24,1.338842612045515216e+24,7.775617821551850181e+23,4.512955194814495510e+23,2.618577687869219888e+23
1.212121212121212120e-02,1.757221700432173349e+25,1.124414740555977638e+25,6.784897994343967286e+24,4.000079310818411584e+24,2.336299422554797753e+24,1.359264160775419057e+24,7.895208138299111511e+23,4.582621087458492175e+23,2.659066320100969383e+23
1.272727272727272770e-02,1.736378898663416584e+25,1.100885467858858585e+25,6.608330878519110523e+24,3.885834932994268411e+24,2.266791690042910058e+24,1.318086556856833251e+24,7.654104677734684400e+23,4.442178696456115805e+23,2.577446069061726828e+23
1.242424242424242445e-02,1.746983190663036349e+25,1.112804031904059298e+25,6.697541043714207640e+24,3.943478364492439319e+24,2.301839072786246567e+24,1.338842612045514411e+24,7.775617821551852865e+23,4.512955194814489470e+23,2.618577687869218546e+23
1.303030303030303094e-02,1.725399611689182365e+25,1.088658238316392880e+25,6.517294260020422744e+24,3.827175571972940989e+24,2.231175836853326620e+24,1.297007603633258368e+24,7.530738227778976733e+23,4.370332482903463103e+23,2.535695328607466800e+23
1.272727272727272770e-02,1.736378898663414437e+25,1.100885467858857941e+25,6.608330878519106228e+24,3.885834932994265726e+24,2.266791690042907910e+24,1.318086556856831372e+24,7.654104677734680373e+23,4.442178696456110437e+23,2.577446069061725821e+23
1.333333333333333245e-02,1.714035774602453270e+25,1.076121614080788153e+25,6.424459123901063559e+24,3.767527519127181336e+24,2.195010424119436455e+24,1.275617542242849478e+24,7.405588979132987909e+23,4.297457998146764485e+23,2.493349647421694500e+23
1.303030303030303094e-02,1.725399611689180862e+25,1.088658238316393739e+25,6.517294260020417376e+24,3.827175571972940452e+24,2.231175836853326888e+24,1.297007603633258100e+24,7.530738227778980759e+23,4.370332482903459077e+23,2.535695328607466800e+23
1.363636363636363570e-02,1.702277480158094164e+25,1.063274956032726109e+25,6.329854614469162945e+24,3.706918692585985987e+24,2.158314702556964887e+24,1.253928336916537898e+24,7.278728379226520887e+23,4.223597211267656906e+23,2.450433505592441297e+23
1.333333333333333245e-02,1.714035774602451766e+25,1.076121614080787079e+25,6.424459123901059264e+24,3.767527519127178651e+24,2.195010424119434844e+24,1.275617542242848941e+24,7.405588979132985225e+23,4.297457998146759788e+23,2.493349647421693493e+23
1.393939393939393895e-02,1.690114458922749425e+25,1.050117724771125006e+25,6.233511119076311393e+24,3.645377688696660811e+24,2.121108253782170151e+24,1.231952119004565424e+24,7.150228768183430247e+23,4.148792587684377788e+23,2.406971665365910684e+23
1.363636363636363570e-02,1.702277480158092446e+25,1.063274956032724391e+25,6.329854614469158650e+24,3.706918692585983839e+24,2.158314702556961935e+24,1.253928336916536288e+24,7.278728379226516860e+23,4.223597211267652209e+23,2.450433505592440290e+23
1.424242424242424220e-02,1.677536068815311021e+25,1.036649490749833913e+25,6.135460302679114487e+24,3.582933779180614209e+24,2.083410981038123158e+24,1.209701179572624548e+24,7.020163330809192105e+23,4.073087060040704191e+23,2.362989153943315945e+23
1.393939393939393895e-02,1.690114458922748136e+25,1.050117724771124362e+25,6.233511119076310320e+24,3.645377688696655979e+24,2.121108253782169077e+24,1.231952119004563277e+24,7.150228768183423536e+23,4.148792587684374433e+23,2.406971665365909006e+23
1.454545454545454544e-02,1.664531284257351155e+25,1.022869944932115352e+25,6.035735142467612617e+24,3.519616907616328658e+24,2.045243099554066068e+24,1.187187961839920397e+24,6.888606047882104139e+23,3.996523998758924871e+23,2.318511246101842598e+23
1.424242424242424220e-02,1.677536068815309732e+25,1.036649490749833484e+25,6.135460302679112340e+24,3.582933779180608840e+24,2.083410981038122890e+24,1.209701179572624011e+24,7.020163330809184052e+23,4.073087060040698823e+23,2.362989153943313596e+23
1.484848484848484869e-02,1.651088684921545547e+25,1.008778909986722446e+25,5.934369962478303231e+24,3.455457685208271386e+24,2.006625126531720465e+24,1.164425053461592456e+24,6.755631646777379211e+23,3.919147182277593955e+23,2.273563446652605091e+23
1.454545454545454544e-02,1.664531284257350081e+25,1.022869944932114278e+25,6.035735142467611543e+24,3.519616907616326510e+24,2.045243099554063921e+24,1.187187961839920129e+24,6.888606047882098770e+23,3.996523998758922858e+23,2.318511246101839914e+23
1.515151515151515194e-02,1.637196444065727073e+25,9.943763520504549897e+24,5.831400468103135763e+24,3.390487385799668544e+24,1.967577870752909338e+24,1.141425178658198669e+24,6.621315551454699339e+23,3.841000766995010232e+23,2.228171472748616520e+23
1.484848484848484869e-02,1.651088684921544044e+25,1.008778909986721587e+25,5.934369962478296789e+24,3.455457685208267628e+24,2.006625126531717512e+24,1.164425053461591651e+24,6.755631646777379211e+23,3.919147182277591942e+23,2.273563446652602742e+23
1.545454545454545518e-02,1.622842316439711060e+25,9.796623930831454800e+24,5.726863780399415489e+24,3.324737940086574373e+24,1.928122421803253825e+24,1.118201190195243986e+24,6.485733831840442341e+23,3.762129256939986155e+23,2.182361236055971364e+23
1.515151515151515194e-02,1.637196444065725570e+25,9.943763520504532717e+24,5.831400468103128246e+24,3.390487385799663712e+24,1.967577870752906922e+24,1.141425178658197998e+24,6.621315551454693970e+23,3.841000766995006877e+23,2.228171472748613835e+23
1.575757575757575843e-02,1.608013625751577198e+25,9.646373238422385237e+24,5.620798470098282296e+24,3.258241928989954445e+24,1.888280138907247880e+24,1.094766061215948267e+24,6.348963152637155806e+23,3.682577473191622308e+23,2.136158824801530125e+23
1.545454545454545518e-02,1.622842316439709771e+25,9.796623930831439768e+24,5.726863780399410120e+24,3.324737940086571689e+24,1.928122421803252751e+24,1.118201190195243180e+24,6.485733831840436972e+23,3.762129256939984142e+23,2.182361236055967673e+23
1.606060606060605994e-02,1.592697251679563669e+25,9.493016175052761575e+24,5.513244591202088056e+24,3.191032576142015652e+24,1.848072639370512558e+24,1.071132876930792861e+24,6.211080721593561692e+23,3.602390523070245346e+23,2.089590485710605491e+23
1.575757575757575843e-02,1.608013625751576124e+25,9.646373238422386311e+24,5.620798470098282296e+24,3.258241928989952298e+24,1.888280138907246806e+24,1.094766061215947596e+24,6.348963152637157148e+23,3.682577473191620295e+23,2.136158824801529454e+23
1.636363636363636492e-02,1.576879616415275116e+25,9.336559439698717380e+24,5.404243714052931461e+24,3.123143739442610812e+24,1.807521786625709906e+24,1.047314826167615234e+24,6.072164237269417748e+23,3.521613769121957990e+23,2.042682605848169105e+23
1.606060606060605994e-02,1.592697251679562381e+25,9.493016175052757280e+24,5.513244591202085909e+24,3.191032576142014578e+24,1.848072639370513363e+24,1.071132876930792995e+24,6.211080721593561692e+23,3.602390523070244004e+23,2.089590485710606162e+23
1.666666666666666644e-02,1.560546670723329264e+25,9.177011848620747992e+24,5.293838957746359594e+24,3.054609901641158686e+24,1.766649677879111871e+24,1.023325192786344084e+24,5.932291836330673250e+23,3.440292797919633531e+23,1.995461694377293985e+23
1.636363636363636492e-02,1.576879616415273828e+25,9.336559439698717380e+24,5.404243714052932535e+24,3.123143739442611886e+24,1.807521786625709369e+24,1.047314826167616040e+24,6.072164237269413722e+23,3.521613769121958661e+23,2.042682605848169105e+23
1.696969696969696795e-02,1.543683879502047523e+25,9.014384492853285024e+24,5.182075021754984496e+24,2.985466159899268929e+24,1.725478631355616076e+24,9.991773469627451923e+23,5.791542040411135709e+23,3.358473388703322850e+23,1.947954364248596603e+23
1.666666666666666644e-02,1.560546670723329264e+25,9.177011848620750139e+24,5.293838957746360668e+24,3.054609901641160297e+24,1.766649677879110529e+24,1.023325192786344487e+24,5.932291836330669895e+23,3.440292797919634873e+23,1.995461694377294656e+23
1.727272727272727293e-02,1.526276206829230992e+25,8.848690903436952294e+24,5.068998216617676983e+24,2.915748214289146090e+24,1.684031173140659042e+24,9.748847363458857163e+23,5.649993702577949660e+23,3.276201481883553995e+23,1.900187313834558111e+23
1.696969696969696795e-02,1.543683879502045805e+25,9.014384492853287172e+24,5.182075021754982348e+24,2.985466159899270003e+24,1.725478631355614197e+24,9.991773469627443870e+23,5.791542040411132354e+23,3.358473388703324863e+23,1.947954364248596939e+23
1.757575757575757444e-02,1.508308100476489652e+25,8.679947224744309662e+24,4.954656493539611524e+24,2.845492355182797909e+24,1.642330023618304784e+24,9.504608770942997407e+23,5.507725953439048317e+23,3.193523147431048674e+23,1.852187308522648759e+23
1.727272727272727293e-02,1.526276206829230562e+25,8.848690903436955516e+24,5.068998216617675909e+24,2.915748214289145553e+24,1.684031173140659579e+24,9.748847363458847767e+23,5.649993702577945633e+23,3.276201481883552653e+23,1.900187313834557440e+23
1.787878787878787942e-02,1.489763475874974107e+25,8.508172396265500253e+24,4.839099472738035704e+24,2.774735449487178912e+24,1.600398083505565133e+24,9.259193447961805885e+23,5.364818146931698544e+23,3.110484553176770559e+23,1.803981162281278269e+23
1.757575757575757444e-02,1.508308100476489223e+25,8.679947224744310736e+24,4.954656493539613672e+24,2.845492355182797372e+24,1.642330023618306126e+24,9.504608770942992038e+23,5.507725953439043619e+23,3.193523147431047332e+23,1.852187308522649095e+23
1.818181818181818094e-02,1.470625699514756825e+25,8.333388343236107914e+24,4.722378470357233077e+24,2.703514925680686493e+24,1.558258419483958435e+24,9.012737652792450844e+23,5.221349805832217213e+23,3.027131933046387434e+23,1.755595719212623399e+23
1.787878787878787942e-02,1.489763475874974107e+25,8.508172396265502400e+24,4.839099472738034630e+24,2.774735449487179986e+24,1.600398083505563523e+24,9.259193447961800517e+23,5.364818146931697202e+23,3.110484553176767875e+23,1.803981162281278605e+23
1.848484848484848592e-02,1.450877571759481936e+25,8.155620176505629294e+24,4.604546523764370325e+24,2.631868757606809951e+24,1.515934249430191025e+24,8.765378053162302471e+23,5.077400567027624239e+23,2.943511555253463396e+23,1.707057835106441342e+23
1.818181818181818094e-02,1.470625699514757040e+25,8.333388343236107914e+24,4.722378470357229319e+24,2.703514925680687567e+24,1.558258419483957898e+24,9.012737652792441449e+23,5.221349805832215200e+23,3.027131933046387434e+23,1.755595719212624071e+23
1.878787878787878743e-02,1.430501309057196951e+25,7.974896402062870646e+24,4.485658415025196326e+24,2.559835446981318182e+24,1.473448927248881268e+24,8.517251632323458111e+23,4.933050126591151172e+23,2.859669690475846335e+23,1.658394359008990331e+23
1.848484848484848592e-02,1.450877571759481507e+25,8.155620176505632515e+24,4.604546523764367104e+24,2.631868757606809951e+24,1.515934249430191293e+24,8.765378053162298444e+23,5.077400567027621555e+23,2.943511555253461383e+23,1.707057835106441342e+23
1.909090909090909241e-02,1.409478525527661750e+25,7.791249140651684176e+24,4.365770692345319909e+24,2.487454004570190416e+24,1.430825927311208267e+24,8.268495594212872967e+23,4.788378184704071827e+23,2.775652580039954457e+23,1.609632114821226824e+23
1.878787878787878743e-02,1.430501309057196092e+25,7.974896402062869573e+24,4.485658415025192568e+24,2.559835446981316034e+24,1.473448927248880463e+24,8.517251632323451400e+23,4.933050126591147146e+23,2.859669690475844993e+23,1.658394359008990666e+23
1.939393939393939392e-02,1.387790213905665449e+25,7.604714357929805420e+24,4.244941689248707173e+24,2.414763929996444423e+24,1.388088828504575578e+24,8.019247267768227741e+23,4.643464390467293188e+23,2.691506404137762942e+23,1.560797882940410718e+23
1.909090909090909241e-02,1.409478525527661321e+25,7.791249140651677733e+24,4.365770692345316151e+24,2.487454004570188805e+24,1.430825927311208267e+24,8.268495594212870282e+23,4.788378184704070485e+23,2.775652580039955799e+23,1.609632114821227159e+23
1.969696969696969543e-02,1.365416725819188981e+25,7.415332105642485375e+24,4.123231541250120682e+24,2.341805190135195539e+24,1.345261297899414573e+24,7.769644010472339617e+23,4.498388286646862867e+23,2.607277250101401889e+23,1.511918381959290301e+23
1.939393939393939392e-02,1.387790213905665020e+25,7.604714357929808641e+24,4.244941689248705562e+24,2.414763929996443349e+24,1.388088828504575847e+24,8.019247267768226399e+23,4.643464390467291846e+23,2.691506404137762942e+23,1.560797882940411053e+23
2.000000000000000042e-02,1.342337751380482219e+25,7.223146774302960625e+24,4.000702199762488790e+24,2.268618196057843263e+24,1.302367074040511549e+24,7.519823111202768326e+23,4.353229254398250708e+23,2.523011080760460900e+23,1.463020250436983293e+23
1.969696969696969543e-02,1.365416725819188122e+25,7.415332105642483227e+24,4.123231541250115850e+24,2.341805190135195002e+24,1.345261297899414841e+24,7.769644010472334248e+23,4.498388286646859512e+23,2.607277250101401218e+23,1.511918381959289630e+23
2.030303030303030193e-02,1.318532298067354586e+25,7.028207357892896267e+24,3.877417442963750568e+24,2.195243778487876927e+24,1.259429949871491759e+24,7.269921692466581550e+23,4.208066458015034518e+23,2.438753702907084926e+23,1.414130028755661776e+23
2.000000000000000042e-02,1.342337751380482004e+25,7.223146774302956330e+24,4.000702199762487716e+24,2.268618196057843799e+24,1.302367074040511549e+24,7.519823111202762958e+23,4.353229254398249366e+23,2.523011080760460900e+23,1.463020250436982454e+23
2.060606060606060691e-02,1.293978668871157986e+25,6.830567731117763406e+24,3.753442883329893973e+24,2.121723161732863761e+24,1.216473755302344673e+24,7.020076612103414093e+23,4.062978789748152793e+23,2.354550735894065122e+23,1.365274141077091920e+23
2.030303030303030193e-02,1.318532298067354586e+25,7.028207357892895193e+24,3.877417442963748957e+24,2.195243778487875854e+24,1.259429949871491490e+24,7.269921692466584234e+23,4.208066458015035860e+23,2.438753702907085597e+23,1.414130028755660770e+23
2.090909090909090842e-02,1.268654439687134276e+25,6.630286939774809792e+24,3.628845971522728030e+24,2.048097936059533839e+24,1.173522339431321019e+24,6.770424364543420819e+23,3.918044814742596606e+23,2.270447580391132134e+23,1.316478877413041011e+23
2.060606060606060691e-02,1.293978668871157986e+25,6.830567731117760184e+24,3.753442883329894509e+24,2.121723161732864566e+24,1.216473755302344673e+24,7.020076612103411409e+23,4.062978789748152121e+23,2.354550735894065793e+23,1.365274141077091920e+23
2.121212121212121340e-02,1.242536435921891998e+25,6.427429504815187943e+24,3.503695996301167601e+24,1.974410028481413999e+24,1.130599552433813755e+24,6.521100981710089471e+23,3.773342716138914159e+23,2.186489387324669658e+23,1.267770375823456909e+23
2.090909090909090842e-02,1.268654439687133417e+25,6.630286939774805497e+24,3.628845971522729103e+24,2.048097936059532497e+24,1.173522339431320079e+24,6.770424364543419477e+23,3.918044814742593250e+23,2.270447580391131799e+23,1.316478877413040340e+23
2.151515151515151492e-02,1.215600708291960376e+25,6.222065740706390538e+24,3.378064080104312101e+24,1.900701671931644767e+24,1.087729227132400669e+24,6.272241933661017536e+23,3.628950240387455800e+23,2.102721027026076167e+23,1.219174604756304244e+23
2.121212121212121340e-02,1.242536435921891784e+25,6.427429504815185795e+24,3.503695996301164916e+24,1.974410028481413193e+24,1.130599552433813352e+24,6.521100981710094839e+23,3.773342716138910804e+23,2.186489387324669323e+23,1.267770375823456238e+23
2.181818181818181990e-02,1.187822507786354125e+25,6.014272088726732337e+24,3.252023169932857879e+24,1.827015372796846638e+24,1.044935160263624710e+24,6.023982029062706079e+23,3.484944642823598700e+23,2.019187058613891304e+23,1.170717345542778776e+23
2.151515151515151492e-02,1.215600708291959946e+25,6.222065740706390538e+24,3.378064080104308880e+24,1.900701671931643425e+24,1.087729227132400266e+24,6.272241933661013509e+23,3.628950240387454458e+23,2.102721027026075832e+23,1.219174604756304076e+23
2.212121212121212141e-02,1.159176259765223640e+25,5.804131465850742689e+24,3.125648023132488566e+24,1.753393876791891216e+24,1.002241093458706542e+24,5.776455315599162081e+23,3.341402633552833293e+23,1.935931699634827271e+23,1.122424175061570830e+23
2.181818181818181990e-02,1.187822507786353696e+25,6.014272088726731263e+24,3.252023169932857879e+24,1.827015372796846101e+24,1.044935160263625247e+24,6.023982029062704737e+23,3.484944642823600042e+23,2.019187058613890633e+23,1.170717345542778105e+23
2.242424242424242292e-02,1.129635537165610029e+25,5.591733629911627253e+24,2.999015187658610951e+24,1.679880133159591619e+24,9.596706939568804877e+23,5.529794980416177874e+23,3.198400323694623761e+23,1.852998795988654600e+23,1.074320448585686476e+23
2.212121212121212141e-02,1.159176259765223855e+25,5.804131465850737320e+24,3.125648023132486419e+24,1.753393876791889874e+24,1.002241093458706005e+24,5.776455315599158726e+23,3.341402633552836648e+23,1.935931699634827942e+23,1.122424175061570159e+23
2.272727272727272790e-02,1.099173032784341608e+25,5.377175561756680846e+24,2.872202976376556481e+24,1.606517257184183096e+24,9.172475350717349558e+23,5.284133250706895526e+23,3.056013172034474974e+23,1.770431792161817226e+23,1.026431282825239693e+23
2.242424242424242292e-02,1.129635537165609599e+25,5.591733629911625105e+24,2.999015187658608803e+24,1.679880133159590813e+24,9.596706939568798166e+23,5.529794980416178545e+23,3.198400323694622419e+23,1.852998795988653593e+23,1.074320448585686141e+23
2.303030303030302942e-02,1.067760530607054665e+25,5.160561865140912007e+24,2.745291434924336541e+24,1.533348491012730404e+24,8.749950764325330894e+23,5.039601294546376663e+23,2.914315932133707701e+23,1.688273701794497073e+23,9.787815391794376055e+22
2.272727272727272790e-02,1.099173032784341393e+25,5.377175561756682993e+24,2.872202976376557018e+24,1.606517257184182291e+24,9.172475350717348216e+23,5.284133250706897539e+23,3.056013172034474303e+23,1.770431792161816555e+23,1.026431282825238518e+23
2.333333333333333440e-02,1.035368876151209990e+25,4.942005185136239363e+24,2.618362302636817388e+24,1.460417162784426250e+24,8.329366440241661540e+23,4.796329122085812044e+23,2.773382599946545314e+23,1.606567078605637319e+23,9.313958072108655313e+22
2.303030303030302942e-02,1.067760530607055095e+25,5.160561865140912007e+24,2.745291434924337078e+24,1.533348491012730136e+24,8.749950764325329552e+23,5.039601294546375321e+23,2.914315932133705688e+23,1.688273701794497744e+23,9.787815391794365989e+22
2.363636363636363591e-02,1.001967945789871358e+25,4.721626645865982994e+24,2.491498966000498142e+24,1.387766644074291971e+24,7.910954100511215798e+23,4.554445487219464764e+23,2.633286361994342286e+23,1.525353987700241581e+23,8.842983883549810308e+22
2.333333333333333440e-02,1.035368876151209990e+25,4.942005185136240437e+24,2.618362302636818461e+24,1.460417162784427592e+24,8.329366440241654829e+23,4.796329122085811373e+23,2.773382599946546321e+23,1.606567078605637990e+23,9.313958072108641891e+22
2.393939393939394089e-02,9.675266150218430711e+24,4.499556308408435252e+24,2.364786404076532428e+24,1.315440305664817111e+24,7.494943726525247589e+23,4.314077789839435435e+23,2.494099544146501331e+23,1.444675977283019609e+23,8.375132798775426705e+22
2.363636363636363591e-02,1.001967945789871143e+25,4.721626645865980309e+24,2.491498966000498142e+24,1.387766644074292777e+24,7.910954100511214456e+23,4.554445487219462751e+23,2.633286361994340944e+23,1.525353987700240910e+23,8.842983883549805275e+22
2.424242424242424240e-02,9.320127256525488140e+24,4.275933649748930282e+24,2.238311125296760326e+24,1.243481471666956362e+24,7.081563354970447004e+23,4.075351978795732797e+23,2.355893561057842729e+23,1.364574050802196283e+23,7.910641590925188189e+22
2.393939393939394089e-02,9.675266150218426416e+24,4.499556308408431494e+24,2.364786404076533502e+24,1.315440305664817111e+24,7.494943726525246247e+23,4.314077789839434763e+23,2.494099544146499653e+23,1.444675977283019441e+23,8.375132798775421672e+22
2.454545454545454392e-02,8.953930518487910222e+24,4.050908063696436953e+24,2.112161095002628460e+24,1.171933372020399656e+24,6.671038872881814359e+23,3.838392455680727072e+23,2.218738866311712620e+23,1.285088639546952191e+23,7.449743678527797146e+22
2.424242424242424240e-02,9.320127256525485992e+24,4.275933649748925987e+24,2.238311125296760326e+24,1.243481471666956362e+24,7.081563354970441636e+23,4.075351978795732797e+23,2.355893561057842058e+23,1.364574050802195277e+23,7.910641590925181479e+22
2.484848484848484890e-02,8.576332650292440470e+24,3.824639384719377723e+24,1.986425653060317034e+24,1.100839093412423759e+24,6.263593812121678292e+23,3.603321979558794080e+23,2.082704903318075741e+23,1.206259575721702216e+23,6.992668973257001324e+22
2.454545454545454392e-02,8.953930518487905927e+24,4.050908063696431585e+24,2.112161095002627387e+24,1.171933372020399253e+24,6.671038872881810333e+23,3.838392455680723717e+23,2.218738866311711949e+23,1.285088639546951855e+23,7.449743678527797985e+22
2.515151515151515041e-02,8.186978975511959761e+24,3.597298435695161834e+24,1.861195420846877491e+24,1.030241528664822714e+24,5.859449143624120737e+23,3.370261572763362745e+23,1.947860057015413648e+23,1.128126066019996606e+23,6.539643730655140066e+22
2.484848484848484890e-02,8.576332650292444765e+24,3.824639384719376112e+24,1.986425653060315961e+24,1.100839093412423356e+24,6.263593812121675608e+23,3.603321979558794751e+23,2.082704903318076412e+23,1.206259575721701042e+23,6.992668973257002163e+22
2.545454545454545539e-02,7.785503051526680957e+24,3.369067600609558267e+24,1.736562196861554358e+24,9.601833246495169703e+23,5.458823071760776335e+23,3.139330427884516137e+23,1.814271606424772626e+23,1.050726665720487718e+23,6.090890403940492168e+22
2.515151515151515041e-02,8.186978975511959761e+24,3.597298435695160760e+24,1.861195420846875612e+24,1.030241528664822714e+24,5.859449143624116711e+23,3.370261572763361403e+23,1.947860057015415325e+23,1.128126066019995432e+23,6.539643730655137550e+22
2.575757575757575690e-02,7.371526281076265361e+24,3.140141423285417344e+24,1.612618840173959694e+24,8.907068288055625216e+23,5.061930829200491335e+23,2.910645816071307489e+23,1.682005678103913950e+23,9.740992533269627640e+22,5.646627501012148027e+22
2.545454545454545539e-02,7.785503051526679883e+24,3.369067600609555046e+24,1.736562196861554627e+24,9.601833246495162992e+23,5.458823071760773651e+23,3.139330427884514123e+23,1.814271606424774304e+23,1.050726665720486712e+23,6.090890403940490491e+22
2.606060606060606188e-02,6.944657510505010591e+24,2.910727233265182213e+24,1.489459140875692334e+24,8.218540343433751010e+23,4.668984472650794318e+23,2.684322996773295950e+23,1.551127200548774866e+23,8.982810057739920317e+22,5.207069444763049316e+22
2.575757575757575690e-02,7.371526281076267509e+24,3.140141423285415197e+24,1.612618840173959962e+24,8.907068288055623874e+23,5.061930829200490664e+23,2.910645816071304470e+23,1.682005678103914286e+23,9.740992533269627640e+22,5.646627501012145511e+22
2.636363636363636340e-02,6.504492614247196956e+24,2.681045800018669912e+24,1.367177676655008539e+24,7.536665242362674078e+23,4.280192679884651317e+23,2.460475129046077213e+23,1.421699859588875446e+23,8.233083742192907846e+22,4.772426436809530855e+22
2.606060606060606188e-02,6.944657510505011665e+24,2.910727233265182213e+24,1.489459140875692334e+24,8.218540343433755036e+23,4.668984472650793647e+23,2.684322996773294608e+23,1.551127200548774530e+23,8.982810057739920317e+22,5.207069444763044282e+22
2.666666666666666491e-02,6.050614065083622720e+24,2.451332016696279832e+24,1.245869654564332234e+24,6.861854141147749307e+23,3.895760548469942602e+23,2.239213184545381553e+23,1.293786054822419413e+23,7.492170604433628568e+22,4.342904324742324630e+22
2.636363636363636340e-02,6.504492614247196956e+24,2.681045800018672597e+24,1.367177676655007197e+24,7.536665242362672736e+23,4.280192679884648633e+23,2.460475129046076878e+23,1.421699859588874943e+23,8.233083742192914557e+22,4.772426436809526660e+22
2.696969696969696989e-02,5.582590489684168755e+24,2.221835614698726731e+24,1.125630736998344346e+24,6.194512941959938866e+23,3.515889396632722835e+23,2.020645862333833953e+23,1.167446857136037115e+23,6.760419938764703610e+22,3.918704473001231070e+22
2.666666666666666491e-02,6.050614065083619499e+24,2.451332016696279832e+24,1.245869654564331160e+24,6.861854141147745280e+23,3.895760548469939917e+23,2.239213184545380882e+23,1.293786054822419245e+23,7.492170604433621018e+22,4.342904324742321275e+22
2.727272727272727140e-02,5.099976208934269012e+24,1.992821910387208577e+24,1.006556850845427788e+24,5.535041703981533951e+23,3.140776566697208610e+23,1.804879505623561682e+23,1.042741967353111516e+23,6.038173092724382210e+22,3.500023637472395762e+22
2.696969696969696989e-02,5.582590489684167681e+24,2.221835614698726194e+24,1.125630736998344077e+24,6.194512941959937524e+23,3.515889396632723506e+23,2.020645862333833953e+23,1.167446857136036779e+23,6.760419938764705287e+22,3.918704473001230231e+22
2.757575757575757638e-02,4.602310762525388012e+24,1.764572585312889113e+24,8.887439787176030592e+23,4.883834048101230251e+23,2.770615231556252630e+23,1.592018020576528098e+23,9.197296760535582035e+22,5.325763250481413069e+22,3.087053843903805391e+22
2.727272727272727140e-02,5.099976208934266865e+24,1.992821910387207503e+24,1.006556850845427788e+24,5.535041703981531267e+23,3.140776566697208610e+23,1.804879505623561347e+23,1.042741967353111349e+23,6.038173092724378855e+22,3.500023637472392826e+22
2.787878787878787790e-02,4.089118417271888189e+24,1.537386501402009813e+24,7.722879311034966071e+23,4.241276557065995724e+23,2.405594204635207387e+23,1.382162797282911626e+23,7.984668246068380146e+22,4.623515223070230761e+22,2.679982270231527975e+22
2.757575757575757638e-02,4.602310762525388549e+24,1.764572585312888845e+24,8.887439787176027908e+23,4.883834048101230922e+23,2.770615231556252965e+23,1.592018020576528769e+23,9.197296760535573647e+22,5.325763250481411391e+22,3.087053843903803713e+22
2.818181818181818288e-02,3.559907658597475721e+24,1.311580552592329410e+24,6.572840982251231343e+23,3.607748173222965129e+23,2.045897753819186337e+23,1.175412633035593063e+23,6.790087674586536817e+22,3.931745245642315163e+22,2.278991132905372123e+22
2.787878787878787790e-02,4.089118417271888189e+24,1.537386501402008203e+24,7.722879311034967413e+23,4.241276557065993710e+23,2.405594204635207052e+23,1.382162797282911794e+23,7.984668246068375113e+22,4.623515223070231600e+22,2.679982270231525877e+22
2.848484848484848439e-02,3.014170664615313205e+24,1.087490554478823014e+24,5.438271803123778537e+23,2.983619596228909555e+23,1.691705419818839908e+23,9.718636580165005397e+22,5.614093357105605614e+22,3.250760781903925818e+22,1.884257577299550090e+22
2.818181818181818288e-02,3.559907658597474111e+24,1.311580552592328067e+24,6.572840982251228658e+23,3.607748173222964458e+23,2.045897753819184995e+23,1.175412633035592895e+23,6.790087674586538495e+22,3.931745245642316002e+22,2.278991132905370865e+22
2.878787878787878937e-02,2.451382762205463922e+24,8.654721735909323844e+23,4.320108949387646735e+23,2.369252683366331675e+23,1.343191839452335293e+23,7.716092635074418180e+22,4.457208020301888514e+22,2.580860335902855424e+22,1.495953572289839523e+22
2.848484848484848439e-02,3.014170664615311594e+24,1.087490554478822477e+24,5.438271803123779208e+23,2.983619596228907877e+23,1.691705419818839237e+23,9.718636580165000364e+22,5.614093357105603936e+22,3.250760781903924560e+22,1.884257577299548832e+22
2.909090909090909088e-02,1.871001864472976148e+24,6.459018979909892194e+23,3.219276599880598988e+23,1.764999855387689573e+23,1.000526574321141390e+23,5.747400327348821479e+22,3.319938469284057973e+22,1.922333271320235187e+22,1.114245809075463704e+22
2.878787878787878937e-02,2.451382762205462848e+24,8.654721735909325186e+23,4.320108949387647407e+23,2.369252683366331339e+23,1.343191839452334958e+23,7.716092635074419858e+22,4.457208020301886836e+22,2.580860335902856262e+22,1.495953572289839104e+22
2.939393939393939240e-02,1.272467888947757163e+24,4.291780509531432288e+23,2.136682507439438698e+23,1.171203511111240217e+23,6.638739453537339572e+22,3.813436744541179530e+22,2.202775264380457687e+22,1.275459638415565259e+22,7.392956043196910010e+21
2.909090909090909088e-02,1.871001864472974806e+24,6.459018979909888167e+23,3.219276599880596974e+23,1.764999855387687896e+23,1.000526574321140383e+23,5.747400327348818123e+22,3.319938469284055876e+22,1.922333271320235187e+22,1.114245809075463704e+22
2.969696969696969738e-02,6.552021558657901700e+23,2.157218495550588012e+23,1.073214295132209949e+23,5.881954543173467164e+22,3.333928736847840464e+22,1.915049593742742572e+22,1.106192412272764964e+22,6.405100087661180223e+21,3.712588076796436021e+21
2.939393939393939240e-02,1.272467888947755821e+24,4.291780509531429604e+23,2.136682507439437355e+23,1.171203511111238707e+23,6.638739453537337895e+22,3.813436744541179530e+22,2.202775264380455590e+22,1.275459638415563791e+22,7.392956043196905816e+21
2.999999999999999889e-02,1.860676584773101447e+22,5.978510090152431321e+21,2.973546107598614299e+21,1.629633684216254038e+21,9.236728326457096929e+20,5.305659520742129664e+20,3.064707178880615055e+20,1.774531793375422382e+20,1.028571379160910889e+20
2.969696969696969738e-02,6.552021558657893647e+23,2.157218495550585328e+23,1.073214295132209110e+23,5.881954543173456259e+22,3.333928736847839625e+22,1.915049593742740056e+22,1.106192412272763496e+22,6.405100087661177078e+21,3.712588076796431827e+21
