x,t=1.00e+03s,t=2.00e+03s,t=3.00e+03s,t=4.00e+03s,t=5.00e+03s,t=6.00e+03s,t=7.00e+03s,t=8.00e+03s,t=9.00e+03s
3.030303030303030300e-04,1.182252115956685404e+24,1.438264249523957641e+23,1.578289856178091039e+22,1.677175597898058433e+21,1.765305185594445332e+20,1.852998551457092403e+19,1.943568491027712768e+18,2.038138813929995200e+17,2.137188671789827600e+16
0.000000000000000000e+00,1.182286696022522739e+24,1.438326248033480606e+23,1.578366304477420454e+22,1.677259816344287707e+21,1.765394781965659013e+20,1.853092886087747174e+19,1.943667520674591744e+18,2.038242686447966720e+17,2.137297599275515200e+16
6.060606060606060601e-04,1.181886470813746907e+24,1.437608737327360309e+23,1.577481595015631208e+22,1.676285197940998013e+21,1.764357931841227325e+20,1.852001204050745344e+19,1.942521506254586368e+18,2.037040628326754560e+17,2.136037042896733600e+16
3.030303030303030300e-04,1.182252115956685135e+24,1.438264249523957808e+23,1.578289856178091039e+22,1.677175597898058170e+21,1.765305185594444349e+20,1.852998551457090765e+19,1.943568491027712768e+18,2.038138813929993280e+17,2.137188671789828000e+16
9.090909090909090901e-04,1.181311365235552891e+24,1.436577994573790273e+23,1.576210823285238976e+22,1.674885351303676428e+21,1.762868725656670044e+20,1.850433251617540915e+19,1.940875520056416768e+18,2.035314148918136320e+17,2.134226544421387600e+16
6.060606060606060601e-04,1.181886470813746370e+24,1.437608737327360309e+23,1.577481595015630370e+22,1.676285197940997226e+21,1.764357931841227653e+20,1.852001204050744115e+19,1.942521506254584320e+18,2.037040628326754560e+17,2.136037042896734400e+16
1.212121212121212120e-03,1.180511905040959428e+24,1.435145724547781372e+23,1.574445342883673067e+22,1.672940682952500576e+21,1.760799966957574226e+20,1.848255116450693530e+19,1.938588988224067840e+18,2.032915800806841280e+17,2.131711481165730800e+16
9.090909090909090901e-04,1.181311365235552622e+24,1.436577994573789937e+23,1.576210823285238766e+22,1.674885351303675118e+21,1.762868725656669716e+20,1.850433251617540915e+19,1.940875520056415488e+18,2.035314148918136000e+17,2.134226544421386800e+16
1.515151515151515150e-03,1.179485945013229505e+24,1.433308644446049780e+23,1.572181420287961386e+22,1.670447211957125120e+21,1.758147467361096827e+20,1.845462403615205786e+19,1.935657301600093696e+18,2.029840750754291200e+17,2.128486785062317600e+16
1.212121212121212120e-03,1.180511905040959025e+24,1.435145724547781372e+23,1.574445342883672857e+22,1.672940682952499266e+21,1.760799966957572915e+20,1.848255116450694349e+19,1.938588988224066304e+18,2.032915800806839680e+17,2.131711481165728800e+16
1.818181818181818180e-03,1.178232787981808500e+24,1.431066228819495884e+23,1.569418811096902192e+22,1.667404838356415676e+21,1.754911180408776294e+20,1.842055083332615578e+19,1.932080434699597312e+18,2.026088973720605120e+17,2.124552430340521600e+16
1.515151515151515150e-03,1.179485945013229102e+24,1.433308644446049948e+23,1.572181420287960757e+22,1.670447211957123809e+21,1.758147467361096172e+20,1.845462403615206605e+19,1.935657301600092928e+18,2.029840750754290560e+17,2.128486785062316400e+16
2.121212121212120993e-03,1.176752091500327731e+24,1.428418749555619576e+23,1.566158342698613447e+22,1.663814679756856885e+21,1.751092367921292247e+20,1.838034507420009472e+19,1.927859813638878720e+18,2.021661967619037120e+17,2.119909988402481200e+16
1.818181818181818180e-03,1.178232787981808903e+24,1.431066228819496891e+23,1.569418811096901983e+22,1.667404838356415152e+21,1.754911180408775311e+20,1.842055083332616806e+19,1.932080434699597312e+18,2.026088973720606080e+17,2.124552430340521200e+16
2.424242424242424240e-03,1.175043627867114700e+24,1.425366845745366932e+23,1.562401383211694922e+22,1.659678485814585065e+21,1.746692976877865206e+20,1.833402753140057907e+19,1.922997627304831744e+18,2.016562030792054720e+17,2.114561870135301200e+16
2.121212121212120993e-03,1.176752091500327329e+24,1.428418749555619744e+23,1.566158342698611979e+22,1.663814679756855050e+21,1.751092367921290936e+20,1.838034507420009677e+19,1.927859813638877952e+18,2.021661967619036800e+17,2.119909988402480400e+16
2.727272727272727487e-03,1.173107209321082360e+24,1.421911389726791403e+23,1.558149675515043329e+22,1.654998454829597852e+21,1.741715444048621076e+20,1.828162417412493722e+19,1.917496611296024320e+18,2.010792035377933440e+17,2.108511088246058800e+16
2.424242424242424240e-03,1.175043627867114431e+24,1.425366845745366932e+23,1.562401383211694293e+22,1.659678485814584541e+21,1.746692976877865533e+20,1.833402753140058931e+19,1.922997627304830976e+18,2.016562030792053760e+17,2.114561870135301200e+16
3.030303030303030300e-03,1.170942659319605894e+24,1.418053435783445500e+23,1.553405273079349772e+22,1.649777162405556781e+21,1.736162619812403937e+20,1.822316536501283021e+19,1.911359963580377344e+18,2.004355338834072000e+17,2.101761164476535600e+16
2.727272727272727487e-03,1.173107209321082494e+24,1.421911389726791738e+23,1.558149675515043748e+22,1.654998454829598114e+21,1.741715444048621732e+20,1.828162417412495770e+19,1.917496611296024576e+18,2.010792035377934720e+17,2.108511088246060800e+16
3.333333333333333114e-03,1.168549799833675919e+24,1.413794197591418271e+23,1.548170511128349114e+22,1.644017528947099566e+21,1.730037733256192328e+20,1.815868549153976934e+19,1.904591305763576064e+18,1.997255743300388480e+17,2.094316086985823600e+16
3.030303030303030300e-03,1.170942659319606163e+24,1.418053435783444494e+23,1.553405273079350821e+22,1.649777162405556519e+21,1.736162619812403937e+20,1.822316536501284045e+19,1.911359963580376064e+18,2.004355338834073920e+17,2.101761164476534800e+16
3.636363636363636360e-03,1.165928445113924047e+24,1.409135037297391672e+23,1.542447992021349460e+22,1.637722802741161230e+21,1.723344373818219561e+20,1.808822277147236352e+19,1.897194662626123776e+18,1.989497474123587840e+17,2.086180287825974400e+16
3.333333333333333114e-03,1.168549799833675516e+24,1.413794197591416761e+23,1.548170511128348905e+22,1.644017528947099042e+21,1.730037733256192000e+20,1.815868549153976730e+19,1.904591305763575040e+18,1.997255743300386240e+17,2.094316086985822400e+16
3.939393939393939607e-03,1.163078398376573774e+24,1.404077459860304859e+23,1.536240577004720620e+22,1.630896549972579975e+21,1.716086480273393254e+20,1.801181913550955520e+19,1.889174449759304192e+18,1.981085166875266880e+17,2.077358629324478000e+16
3.636363636363636360e-03,1.165928445113923644e+24,1.409135037297391168e+23,1.542447992021349460e+22,1.637722802741161492e+21,1.723344373818219561e+20,1.808822277147235942e+19,1.897194662626124288e+18,1.989497474123585920e+17,2.086180287825974400e+16
4.242424242424241987e-03,1.159999449924158754e+24,1.398623109993457097e+23,1.529551381047754831e+22,1.623542648056558649e+21,1.708268333213349315e+20,1.792952014660081050e+19,1.880535465047781632e+18,1.972023858403685760e+17,2.067856394696361200e+16
3.939393939393939607e-03,1.163078398376572701e+24,1.404077459860305027e+23,1.536240577004719361e+22,1.630896549972580762e+21,1.716086480273394893e+20,1.801181913550955930e+19,1.889174449759302656e+18,1.981085166875267200e+17,2.077358629324478000e+16
4.545454545454545234e-03,1.156691376020795947e+24,1.392773770487204917e+23,1.522383769258289634e+22,1.615665280631413146e+21,1.699894549259713905e+20,1.784137493739979571e+19,1.871282882052451072e+18,1.962318979877676160e+17,2.057679280745146000e+16
4.242424242424241987e-03,1.159999449924158083e+24,1.398623109993456762e+23,1.529551381047753782e+22,1.623542648056558387e+21,1.708268333213350625e+20,1.792952014660081050e+19,1.880535465047781120e+18,1.972023858403686400e+17,2.067856394696360400e+16
4.848484848484848481e-03,1.153153938186774828e+24,1.386531361311118328e+23,1.514741354136252029e+22,1.607268933395700777e+21,1.690970076143417754e+20,1.774743615672808038e+19,1.861422244335780352e+18,1.951976350818120960e+17,2.046833391599091200e+16
4.545454545454545234e-03,1.156691376020795947e+24,1.392773770487203575e+23,1.522383769258289424e+22,1.615665280631413408e+21,1.699894549259713577e+20,1.784137493739978957e+19,1.871282882052449792e+18,1.962318979877675520e+17,2.057679280745146000e+16
5.151515151515151728e-03,1.149386882737083685e+24,1.379897939181167738e+23,1.506627993276886758e+22,1.598358390363323630e+21,1.681500188197558354e+20,1.764775992028802253e+19,1.850959460230018304e+18,1.941002173593040960e+17,2.035325232933333600e+16
4.848484848484848481e-03,1.153153938186774828e+24,1.386531361311117321e+23,1.514741354136250771e+22,1.607268933395701563e+21,1.690970076143417426e+20,1.774743615672806195e+19,1.861422244335779072e+18,1.951976350818121280e+17,2.046833391599092000e+16
5.454545454545454974e-03,1.145389940467412610e+24,1.372875697418896000e+23,1.498047787309795901e+22,1.588938730302401937e+21,1.671490482015739904e+20,1.754240576301866803e+19,1.839900797774839296e+18,1.929403028089480640e+17,2.023161706377200400e+16
5.151515151515151728e-03,1.149386882737084222e+24,1.379897939181167738e+23,1.506627993276885919e+22,1.598358390363323367e+21,1.681500188197558354e+20,1.764775992028802253e+19,1.850959460230016768e+18,1.941002173593040960e+17,2.035325232933333600e+16
5.757575757575757354e-03,1.141162826432194558e+24,1.365466966003305813e+23,1.489005077950765833e+22,1.579015323224048402e+21,1.660946872134543933e+20,1.743143659161156198e+19,1.828252879668900864e+18,1.917185866399184320e+17,2.010350103935723600e+16
5.454545454545454974e-03,1.145389940467412341e+24,1.372875697418896335e+23,1.498047787309794643e+22,1.588938730302401937e+21,1.671490482015739904e+20,1.754240576301865984e+19,1.839900797774837760e+18,1.929403028089480960e+17,2.023161706377201200e+16
6.060606060606060601e-03,1.136705239781684221e+24,1.357674211756253831e+23,1.479504446092803362e+22,1.568593826841558516e+21,1.649875586656966410e+20,1.731491863631571763e+19,1.816022678144156672e+18,1.904358007422433280e+17,1.996898102325112800e+16
5.757575757575757354e-03,1.141162826432194693e+24,1.365466966003306149e+23,1.489005077950764784e+22,1.579015323224048402e+21,1.660946872134543933e+20,1.743143659161156198e+19,1.828252879668899584e+18,1.917185866399186240e+17,2.010350103935723200e+16
6.363636363636363848e-03,1.132016863637747565e+24,1.349500038625011192e+23,1.469550709890909156e+22,1.557680182951746470e+21,1.638283162766673510e+20,1.719292140150999450e+19,1.803217509708249856e+18,1.890927131332852480e+17,1.982813757162236400e+16
6.060606060606060601e-03,1.136705239781683684e+24,1.357674211756252657e+23,1.479504446092802523e+22,1.568593826841558516e+21,1.649875586656965427e+20,1.731491863631571149e+19,1.816022678144156672e+18,1.904358007422434560e+17,1.996898102325113200e+16
6.666666666666666227e-03,1.127097364995490850e+24,1.340947188038965920e+23,1.459148922811573076e+22,1.546280613708335415e+21,1.626176442102493348e+20,1.706551761472627712e+19,1.789845029722074368e+18,1.876901273868622080e+17,1.968105496971863200e+16
6.363636363636363848e-03,1.132016863637747163e+24,1.349500038625010857e+23,1.469550709890908317e+22,1.557680182951746732e+21,1.638283162766673183e+20,1.719292140151000474e+19,1.803217509708249856e+18,1.890927131332853120e+17,1.982813757162236800e+16
6.969696969696969474e-03,1.121946394642388399e+24,1.332018539325530109e+23,1.448304371627867924e+22,1.534401617768324530e+21,1.613562565974258811e+20,1.693278317393131315e+19,1.775913226792438784e+18,1.862288820429206080e+17,1.952782116989795200e+16
6.666666666666666227e-03,1.127097364995490984e+24,1.340947188038965249e+23,1.459148922811572237e+22,1.546280613708335415e+21,1.626176442102493020e+20,1.706551761472628122e+19,1.789845029722073088e+18,1.876901273868622080e+17,1.968105496971863200e+16
7.272727272727272721e-03,1.116563587089339387e+24,1.322717110175435546e+23,1.437022574347257538e+22,1.522049966299216609e+21,1.600448970408634286e+20,1.679479709295383962e+19,1.761430416968189952e+18,1.847098499965401600e+17,1.936852772749119200e+16
6.969696969696969474e-03,1.121946394642387728e+24,1.332018539325529606e+23,1.448304371627868134e+22,1.534401617768323744e+21,1.613562565974258483e+20,1.693278317393130906e+19,1.775913226792437248e+18,1.862288820429204800e+17,1.952782116989794000e+16
7.575757575757575968e-03,1.110948560509919283e+24,1.313046057150687572e+23,1.425309278063116367e+22,1.509232698839432692e+21,1.586843381018342195e+20,1.665164144499342746e+19,1.746405237733432320e+18,1.831339378656082240e+17,1.920326973442656800e+16
7.272727272727272721e-03,1.116563587089338716e+24,1.322717110175434875e+23,1.437022574347257538e+22,1.522049966299215823e+21,1.600448970408634614e+20,1.679479709295383552e+19,1.761430416968189696e+18,1.847098499965402560e+17,1.936852772749118800e+16
7.878787878787879215e-03,1.105100916685209520e+24,1.303008676230657600e+23,1.413170456723533385e+22,1.495957119007132221e+21,1.572753807691255972e+20,1.650340130418197299e+19,1.730846641794827520e+18,1.815020853368670720e+17,1.903214575058488000e+16
7.575757575757575968e-03,1.110948560509918209e+24,1.313046057150687572e+23,1.425309278063115528e+22,1.509232698839433216e+21,1.586843381018341212e+20,1.665164144499342131e+19,1.746405237733431552e+18,1.831339378656082240e+17,1.920326973442655200e+16
8.181818181818182462e-03,1.099020240952396402e+24,1.292608403393108635e+23,1.400612308812630170e+22,1.482230790054580847e+21,1.558188539098092339e+20,1.635016468519055155e+19,1.714763890662660608e+18,1.798152644902874240e+17,1.885525773288146400e+16
7.878787878787879215e-03,1.105100916685209118e+24,1.303008676230657936e+23,1.413170456723532127e+22,1.495957119007133008e+21,1.572753807691254661e+20,1.650340130418195866e+19,1.730846641794827264e+18,1.815020853368670720e+17,1.903214575058486800e+16
8.484848484848483974e-03,1.092706102155824176e+24,1.281848815227900128e+23,1.387641254940721650e+22,1.468061530266637435e+21,1.543156137018841498e+20,1.619202248089001984e+19,1.698166548026648832e+18,1.780744791018999680e+17,1.867271096208818400e+16
8.181818181818182462e-03,1.099020240952396939e+24,1.292608403393107963e+23,1.400612308812630589e+22,1.482230790054581633e+21,1.558188539098092667e+20,1.635016468519054541e+19,1.714763890662660608e+18,1.798152644902876160e+17,1.885525773288145600e+16
8.787878787878787221e-03,1.086158052599583293e+24,1.270733629581834542e+23,1.374263935340509554e+22,1.453457408202832609e+21,1.527665430489193185e+20,1.602906839808692019e+19,1.681064472929050368e+18,1.762807639253431680e+17,1.848461396742320800e+16
8.484848484848483974e-03,1.092706102155823907e+24,1.281848815227899122e+23,1.387641254940720601e+22,1.468061530266638746e+21,1.543156137018840187e+20,1.619202248089000550e+19,1.698166548026648064e+18,1.780744791018999040e+17,1.867271096208817200e+16
9.090909090909090468e-03,1.079375628000922230e+24,1.259266706233445193e+23,1.360487207266876496e+22,1.438426737783191110e+21,1.511725509768931901e+20,1.586139889136161792e+19,1.663467812738144768e+18,1.744351839524687360e+17,1.829107844894476400e+16
8.787878787878787221e-03,1.086158052599582488e+24,1.270733629581833703e+23,1.374263935340507877e+22,1.453457408202833658e+21,1.527665430489192530e+20,1.602906839808691405e+19,1.681064472929050880e+18,1.762807639253430720e+17,1.848461396742320000e+16
9.393939393939393714e-03,1.072358347443992833e+24,1.247452047596960182e+23,1.346318142298347956e+22,1.422978073218508390e+21,1.495345720134968279e+20,1.568911309504507494e+19,1.645386995926159872e+18,1.725388336534335360e+17,1.809221919779294400e+16
9.090909090909090468e-03,1.079375628000920754e+24,1.259266706233444018e+23,1.360487207266874609e+22,1.438426737783191372e+21,1.511725509768932229e+20,1.586139889136160973e+19,1.663467812738144768e+18,1.744351839524687360e+17,1.829107844894474400e+16
9.696969696969696961e-03,1.065105713333524805e+24,1.235293799454831553e+23,1.331764023538429303e+22,1.407120203786164109e+21,1.478535655502004879e+20,1.551231275337325773e+19,1.626832724655938304e+18,1.705928361967382080e+17,1.788815401433017600e+16
9.393939393939393714e-03,1.072358347443991759e+24,1.247452047596959344e+23,1.346318142298346488e+22,1.422978073218508128e+21,1.495345720134968279e+20,1.568911309504507699e+19,1.645386995926159104e+18,1.725388336534334400e+17,1.809221919779295200e+16
1.000000000000000021e-02,1.057617211348158199e+24,1.222796251718464758e+23,1.316832342715295964e+22,1.390862148452812325e+21,1.461305151874371092e+20,1.533110214886359859e+19,1.607815967181353984e+18,1.685983426497446720e+17,1.767900362423366400e+16
9.696969696969696961e-03,1.065105713333524402e+24,1.235293799454831553e+23,1.331764023538427416e+22,1.407120203786163585e+21,1.478535655502004552e+20,1.551231275337326592e+19,1.626832724655937024e+18,1.705928361967381120e+17,1.788815401433018000e+16
1.030303030303030346e-02,1.049892310393209383e+24,1.209963839216798988e+23,1.301530797178335999e+22,1.374213150345656533e+21,1.443664280632667505e+20,1.514558802896018022e+19,1.588347950066534912e+18,1.665565311602106240e+17,1.746489159259902000e+16
1.000000000000000021e-02,1.057617211348158467e+24,1.222796251718464590e+23,1.316832342715294705e+22,1.390862148452812325e+21,1.461305151874370929e+20,1.533110214886359654e+19,1.607815967181353472e+18,1.685983426497447040e+17,1.767900362423365600e+16
1.060606060606060670e-02,1.041930462552661357e+24,1.196801142512600765e+23,1.285867286790171892e+22,1.357182671074043625e+21,1.425623341659248230e+20,1.495587953099764326e+19,1.568440150229428224e+18,1.644686061194293760e+17,1.724594423611516200e+16
1.030303030303030346e-02,1.049892310393209114e+24,1.209963839216798988e+23,1.301530797178335370e+22,1.374213150345655747e+21,1.443664280632667505e+20,1.514558802896018637e+19,1.588347950066533888e+18,1.665565311602105920e+17,1.746489159259902000e+16
1.090909090909090995e-02,1.033731103040305281e+24,1.183312888746333920e+23,1.269849910712853332e+22,1.339780384903509574e+21,1.407192856306796298e+20,1.476208810553610445e+19,1.548104286815440128e+18,1.623357973075829440e+17,1.702229053337550400e+16
1.060606060606060670e-02,1.041930462552661223e+24,1.196801142512599926e+23,1.285867286790171473e+22,1.357182671074042839e+21,1.425623341659247903e+20,1.495587953099764736e+19,1.568440150229428224e+18,1.644686061194292800e+17,1.724594423611516000e+16
1.121212121212121146e-02,1.025293650149874963e+24,1.169503952507525409e+23,1.253486964086905451e+22,1.322016172784326803e+21,1.388383560214336635e+20,1.456432743812076749e+19,1.527352312907058688e+18,1.601593590219377600e+17,1.679406203339108000e+16
1.090909090909090995e-02,1.033731103040305684e+24,1.183312888746333417e+23,1.269849910712852493e+22,1.339780384903509836e+21,1.407192856306797117e+20,1.476208810553610035e+19,1.548104286815440896e+18,1.623357973075831360e+17,1.702229053337550600e+16
1.151515151515151471e-02,1.016617505204098883e+24,1.155379356733642071e+23,1.236786934601935015e+22,1.303900116236954239e+21,1.369206395975288422e+20,1.436271336952262246e+19,1.506196407075578368e+18,1.579405691885279680e+17,1.656139276237360400e+16
1.121212121212121146e-02,1.025293650149874426e+24,1.169503952507525241e+23,1.253486964086905032e+22,1.322016172784326279e+21,1.388383560214335488e+20,1.456432743812076339e+19,1.527352312907058688e+18,1.601593590219377280e+17,1.679406203339107400e+16
1.181818181818181795e-02,1.007702052502625596e+24,1.140944273636447129e+23,1.219758498957516132e+22,1.285442491096760058e+21,1.349672505662340301e+20,1.415736381451814298e+19,1.484648964781236480e+18,1.556807284579997760e+17,1.632441912885969800e+16
1.151515151515151471e-02,1.016617505204098346e+24,1.155379356733641568e+23,1.236786934601934176e+22,1.303900116236954239e+21,1.369206395975287931e+20,1.436271336952262246e+19,1.506196407075578112e+18,1.579405691885279680e+17,1.656139276237359800e+16
1.212121212121212120e-02,9.985466592687422439e+23,1.126204025655925177e+23,1.202410519213082516e+22,1.266653761120641221e+21,1.329793223213975306e+20,1.394839867926650266e+19,1.462722589628219136e+18,1.533811592862957120e+17,1.608327982724682800e+16
1.181818181818181795e-02,1.007702052502625193e+24,1.140944273636446626e+23,1.219758498957515922e+22,1.285442491096760320e+21,1.349672505662339482e+20,1.415736381451813478e+19,1.484648964781236480e+18,1.556807284579996480e+17,1.632441912885969400e+16
1.242424242424242445e-02,9.891506755948471302e+23,1.111164086441789746e+23,1.184752039025491470e+22,1.247544571458158330e+21,1.309580066687741133e+20,1.373593977734516326e+19,1.440430084481077760e+18,1.510432050008774720e+17,1.583811573981517800e+16
1.212121212121212120e-02,9.985466592687427808e+23,1.126204025655924674e+23,1.202410519213083355e+22,1.266653761120641745e+21,1.329793223213974815e+20,1.394839867926649651e+19,1.462722589628218368e+18,1.533811592862955840e+17,1.608327982724683000e+16
1.272727272727272770e-02,9.795134343866305772e+23,1.095830081862680330e+23,1.166792279772942775e+22,1.228125741989970051e+21,1.289044730385351311e+20,1.352011074450591130e+19,1.417784442449290752e+18,1.486682288531952960e+17,1.558906983730947400e+16
1.242424242424242445e-02,9.891506755948471302e+23,1.111164086441789075e+23,1.184752039025491680e+22,1.247544571458157281e+21,1.309580066687741133e+20,1.373593977734516326e+19,1.440430084481077760e+18,1.510432050008774080e+17,1.583811573981516800e+16
1.303030303030303094e-02,9.696342513059546813e+23,1.080207791043132575e+23,1.148540636563918920e+22,1.208408260536513331e+21,1.268199076854984540e+20,1.330103695221374566e+19,1.394798837746811392e+18,1.462576130581302720e+17,1.533628707815727400e+16
1.272727272727272770e-02,9.795134343866301746e+23,1.095830081862679658e+23,1.166792279772942356e+22,1.228125741989968478e+21,1.289044730385350820e+20,1.352011074450590720e+19,1.417784442449291520e+18,1.486682288531951680e+17,1.558906983730946800e+16
1.333333333333333245e-02,9.595124247123648504e+23,1.064303147428433887e+23,1.130006674129762753e+22,1.188403275939873292e+21,1.247055128776099267e+20,1.307884542003310797e+19,1.371486616433516800e+18,1.438127578211400000e+17,1.507991430640048600e+16
1.303030303030303094e-02,9.696342513059546813e+23,1.080207791043132407e+23,1.148540636563918710e+22,1.208408260536513855e+21,1.268199076854983393e+20,1.330103695221374771e+19,1.394798837746812160e+18,1.462576130581303360e+17,1.533628707815727400e+16
1.363636363636363570e-02,9.491472356032735263e+23,1.048122239877494803e+23,1.111200122599522278e+22,1.168122091022001373e+21,1.225625060732383724e+20,1.285366472692686029e+19,1.347861287045637376e+18,1.413350803538555840e+17,1.482010014841862800e+16
1.333333333333333245e-02,9.595124247123644478e+23,1.064303147428434055e+23,1.130006674129762753e+22,1.188403275939873292e+21,1.247055128776098447e+20,1.307884542003309978e+19,1.371486616433515264e+18,1.438127578211399040e+17,1.507991430640048400e+16
1.393939393939393895e-02,9.385379475527116689e+23,1.031671313783825556e+23,1.092130873155579072e+22,1.147576155422433214e+21,1.203921190878365614e+20,1.262562492153337856e+19,1.323936511122250496e+18,1.388260138788790560e+17,1.455699490852234000e+16
1.363636363636363570e-02,9.491472356032737947e+23,1.048122239877495139e+23,1.111200122599522278e+22,1.168122091022001766e+21,1.225625060732383232e+20,1.285366472692686438e+19,1.347861287045636608e+18,1.413350803538555520e+17,1.482010014841862800e+16
1.424242424242424220e-02,9.276838066486957855e+23,1.014956772224795169e+23,1.072808973568659633e+22,1.126777058318886240e+21,1.181955972505456476e+20,1.239485743148934758e+19,1.299726093635086848e+18,1.362870066245456320e+17,1.429075046349814200e+16
1.393939393939393895e-02,9.385379475527119374e+23,1.031671313783825052e+23,1.092130873155578862e+22,1.147576155422433608e+21,1.203921190878364795e+20,1.262562492153337446e+19,1.323936511122250240e+18,1.388260138788790080e+17,1.455699490852233400e+16
1.454545454545454544e-02,9.165840414291828545e+23,9.979851771393027657e+22,1.053244623610702515e+22,1.105736521034146906e+21,1.159741985513300787e+20,1.216149497186601779e+19,1.275243973328946432e+18,1.337195208104218080e+17,1.402152015618452000e+16
1.424242424242424220e-02,9.276838066486957855e+23,1.014956772224794498e+23,1.072808973568658794e+22,1.126777058318887027e+21,1.181955972505455985e+20,1.239485743148934554e+19,1.299726093635086592e+18,1.362870066245455680e+17,1.429075046349813200e+16
1.484848484848484869e-02,9.052378628165624104e+23,9.807632505339953073e+22,1.033448170344086189e+22,1.084466389532745138e+21,1.137291927792268739e+20,1.192567145278728806e+19,1.250504212980076544e+18,1.311250316243141600e+17,1.374945868816150400e+16
1.454545454545454544e-02,9.165840414291824518e+23,9.979851771393029335e+22,1.053244623610702306e+22,1.105736521034146906e+21,1.159741985513299968e+20,1.216149497186602189e+19,1.275243973328945664e+18,1.337195208104218400e+17,1.402152015618451200e+16
1.515151515151515194e-02,8.936444640507186737e+23,9.632978757182237023e+22,1.013430103285603448e+22,1.062978626811123466e+21,1.114618606523209318e+20,1.168752188629917082e+19,1.225520989579944192e+18,1.285050261915742880e+17,1.347472201163560600e+16
1.484848484848484869e-02,9.052378628165622762e+23,9.807632505339958107e+22,1.033448170344086399e+22,1.084466389532744352e+21,1.137291927792267756e+20,1.192567145278729421e+19,1.250504212980075776e+18,1.311250316243141760e+17,1.374945868816149000e+16
1.545454545454545518e-02,8.818030206206204455e+23,9.455960985678567283e+22,9.932010494436615127e+21,1.041285305185006256e+21,1.091734929400508580e+20,1.144718229256063181e+19,1.200308584451924224e+18,1.258610025374889920e+17,1.319746722060321800e+16
1.515151515151515194e-02,8.936444640507180026e+23,9.632978757182237023e+22,1.013430103285603028e+22,1.062978626811122680e+21,1.114618606523208172e+20,1.168752188629917696e+19,1.225520989579943936e+18,1.285050261915742560e+17,1.347472201163559400e+16
1.575757575757575843e-02,8.697126901944430635e+23,9.276651288181754089e+22,9.727717682270024237e+21,1.019398598477852443e+21,1.068653895784683930e+20,1.120478960542641766e+19,1.174881373308397568e+18,1.231944685435468000e+17,1.291785244137596000e+16
1.545454545454545518e-02,8.818030206206201771e+23,9.455960985678565605e+22,9.932010494436608836e+21,1.041285305185005863e+21,1.091734929400507269e+20,1.144718229256063386e+19,1.200308584451923712e+18,1.258610025374889920e+17,1.319746722060320800e+16
1.606060606060605994e-02,8.573726125482017492e+23,9.095123413859787027e+22,9.521531462233456902e+21,9.973307741143741235e+20,1.045388587790784266e+20,1.096048157749278106e+19,1.149253816255891328e+18,1.205069408983872000e+17,1.263603672255145000e+16
1.575757575757575843e-02,8.697126901944429293e+23,9.276651288181760800e+22,9.727717682270017946e+21,1.019398598477852967e+21,1.068653895784683110e+20,1.120478960542641562e+19,1.174881373308397312e+18,1.231944685435468640e+17,1.291785244137595800e+16
1.636363636363636492e-02,8.447819094928916480e+23,8.911452777210936138e+22,9.313561918461822632e+21,9.750941851231993201e+20,1.021952161318972948e+20,1.071439668467821978e+19,1.123440447755846144e+18,1.177999440442251200e+17,1.235217992451412400e+16
1.606060606060605994e-02,8.573726125482010781e+23,9.095123413859783672e+22,9.521531462233444319e+21,9.973307741143737303e+20,1.045388587790784102e+20,1.096048157749277696e+19,1.149253816255890816e+18,1.205069408983870880e+17,1.263603672255145000e+16
1.666666666666666644e-02,8.319396848001214107e+23,8.725716471874908796e+22,9.103920298480094937e+21,9.527012620529171169e+20,9.983578370336903987e+19,1.046667403041070080e+19,1.097455866548691712e+18,1.150750091195622240e+17,1.206644260855006400e+16
1.636363636363636492e-02,8.447819094928920507e+23,8.911452777210939494e+22,9.313561918461822632e+21,9.750941851231994511e+20,1.021952161318972785e+20,1.071439668467821773e+19,1.123440447755844992e+18,1.177999440442251200e+17,1.235217992451412800e+16
1.696969696969696795e-02,8.188450241262338714e+23,8.537993284741671315e+22,8.892718956982280651e+21,9.301645048057815368e+20,9.746188912979406029e+19,1.021745324949437645e+19,1.071314725548902016e+18,1.123336728989919360e+17,1.177898592566101400e+16
1.666666666666666644e-02,8.319396848001220818e+23,8.725716471874913829e+22,9.103920298480099131e+21,9.527012620529172480e+20,9.983578370336903987e+19,1.046667403041069670e+19,1.097455866548691328e+18,1.150750091195622240e+17,1.206644260855006800e+16
1.727272727272727293e-02,8.054969949349021473e+23,8.348363710360267312e+22,8.680071298238534124e+21,9.074964743935912837e+20,9.507486470692746035e+19,9.966874411728173056e+18,1.045031721718753024e+18,1.095774767309029120e+17,1.148997150516235400e+16
1.696969696969696795e-02,8.188450241262332003e+23,8.537993284741676348e+22,8.892718956982275408e+21,9.301645048057815368e+20,9.746188912979406029e+19,1.021745324949437235e+19,1.071314725548901504e+18,1.123336728989919520e+17,1.177898592566101000e+16
1.757575757575757444e-02,7.918946464181921660e+23,8.156909965649147802e+22,8.466091717112068309e+21,8.847097846202455818e+20,9.267604647640704614e+19,9.715077925349509120e+18,1.018621585928455296e+18,1.068079654738979040e+17,1.119956134314956400e+16
1.727272727272727293e-02,8.054969949349020130e+23,8.348363710360274023e+22,8.680071298238534124e+21,9.074964743935910216e+20,9.507486470692739482e+19,9.966874411728171008e+18,1.045031721718753664e+18,1.095774767309029440e+17,1.148997150516235000e+16
1.787878787878787942e-02,7.780370094160894744e+23,7.963716004910598403e+22,8.250895538666612982e+21,8.618170936957416243e+20,9.026677330968648090e+19,9.462204440376129536e+18,9.920990728104195840e+17,1.040266864327301600e+17,1.090791769091889200e+16
1.757575757575757444e-02,7.918946464181923002e+23,8.156909965649147802e+22,8.466091717112060969e+21,8.847097846202447954e+20,9.267604647640701338e+19,9.715077925349500928e+18,1.018621585928454784e+18,1.068079654738978240e+17,1.119956134314956200e+16
1.818181818181818094e-02,7.639230963344551623e+23,7.768867535150787015e+22,8.034598956344975294e+21,8.388310957863518863e+20,8.784838599014322995e+19,9.208394751919627264e+18,9.654789506153616640e+17,1.012351882945729120e+17,1.061520294342622200e+16
1.787878787878787942e-02,7.780370094160896087e+23,7.963716004910600081e+22,8.250895538666616127e+21,8.618170936957411000e+20,9.026677330968644813e+19,9.462204440376131584e+18,9.920990728104194560e+17,1.040266864327301280e+17,1.090791769091888800e+16
1.848484848484848592e-02,7.495519010614523755e+23,7.572452031708217003e+22,7.817318968699283046e+21,8.157645125060336026e+20,8.542222629404924314e+19,8.953789703544164352e+18,9.387759910779688960e+17,9.843502006643105600e+16,1.032157952786989200e+16
1.818181818181818094e-02,7.639230963344546254e+23,7.768867535150785338e+22,8.034598956344974246e+21,8.388310957863516242e+20,8.784838599014321357e+19,9.208394751919624192e+18,9.654789506153607680e+17,1.012351882945728800e+17,1.061520294342621400e+16
1.878787878787878743e-02,7.349223988823815440e+23,7.374558754192178020e+22,7.599173314651898249e+21,7.926300843540538982e+20,8.298963607108070605e+19,8.698530090743617536e+18,9.120049592998199040e+17,9.562773001449528000e+16,1.002720979248119400e+16
1.848484848484848592e-02,7.495519010614518387e+23,7.572452031708213648e+22,7.817318968699283046e+21,8.157645125060338647e+20,8.542222629404921037e+19,8.953789703544161280e+18,9.387759910779690240e+17,9.843502006643105600e+16,1.032157952786989600e+16
1.909090909090909241e-02,7.200335463929474093e+23,7.175278762733740438e+22,7.380280407267068609e+21,7.694405621041110712e+20,8.055195632506540851e+19,8.442756564610654208e+18,8.851806036572430080e+17,9.281486460625147200e+16,9.732255895607382000e+15
1.878787878787878743e-02,7.349223988823810072e+23,7.374558754192172148e+22,7.599173314651895103e+21,7.926300843540540293e+20,8.298963607108065690e+19,8.698530090743604224e+18,9.120049592998197760e+17,9.562773001449529600e+16,1.002720979248119800e+16
1.939393939393939392e-02,7.048842814109319483e+23,6.974704934551476922e+22,7.160759266011548484e+21,7.462086981502713201e+20,7.811052629565487514e+19,8.186609535771350016e+18,8.583176457417824000e+17,8.999796745613969600e+16,9.436879695170846000e+15
1.909090909090909241e-02,7.200335463929478119e+23,7.175278762733739599e+22,7.380280407267063366e+21,7.694405621041106780e+20,8.055195632506542490e+19,8.442756564610651136e+18,8.851806036572431360e+17,9.281486460625142400e+16,9.732255895607388000e+15
1.969696969696969543e-02,6.894735228862874203e+23,6.772931980834301071e+22,6.940729447483299594e+21,7.229472378152377385e+20,7.566668254162229658e+19,7.930229078658290688e+18,8.314307703408832000e+17,8.717857827556588800e+16,9.141242638588474000e+15
1.939393939393939392e-02,7.048842814109327536e+23,6.974704934551479439e+22,7.160759266011551629e+21,7.462086981502715822e+20,7.811052629565497344e+19,8.186609535771351040e+18,8.583176457417822720e+17,8.999796745613964800e+16,9.436879695170852000e+15
2.000000000000000042e-02,6.738001708096044401e+23,6.570056463943807166e+22,6.720310974585619087e+21,6.996689106265503171e+20,7.322175802648405606e+19,7.673754836195020800e+18,8.045346154663947520e+17,8.435823182805625600e+16,8.845505653233562000e+15
1.969696969696969543e-02,6.894735228862876887e+23,6.772931980834303587e+22,6.940729447483300643e+21,7.229472378152376074e+20,7.566668254162228019e+19,7.930229078658282496e+18,8.314307703408829440e+17,8.717857827556587200e+16,9.141242638588468000e+15
2.030303030303030193e-02,6.578631061189825911e+23,6.366176814938300455e+22,6.499624264124842639e+21,6.763864215665208197e+20,7.077708120714929766e+19,7.417325924965139456e+18,7.776437624384456960e+17,8.153845689034404800e+16,8.549829037523896000e+15
2.000000000000000042e-02,6.738001708096045743e+23,6.570056463943808005e+22,6.720310974585620136e+21,6.996689106265499238e+20,7.322175802648406426e+19,7.673754836195012608e+18,8.045346154663948800e+17,8.435823182805625600e+16,8.845505653233560000e+15
2.060606060606060691e-02,6.416611906052761993e+23,6.161393351421233358e+22,6.278790052808374616e+21,6.531124423018062807e+20,6.833397512629917286e+19,7.161080840937601024e+18,7.507727260321579520e+17,7.872077522017001600e+16,8.254372352716787000e+15
2.030303030303030193e-02,6.578631061189823226e+23,6.366176814938296261e+22,6.499624264124840542e+21,6.763864215665208197e+20,7.077708120714924851e+19,7.417325924965136384e+18,7.776437624384456960e+17,8.153845689034400000e+16,8.549829037523895000e+15
2.090909090909090842e-02,6.251932668157084219e+23,5.955808295716631295e+22,6.057929321620055261e+21,6.298596023987098092e+20,6.589375650920581530e+19,6.905157365821102080e+18,7.239359446946748160e+17,7.590670053157641600e+16,7.959294315493450000e+15
2.060606060606060691e-02,6.416611906052755282e+23,6.161393351421236714e+22,6.278790052808370422e+21,6.531124423018064118e+20,6.833397512629914829e+19,7.161080840937601024e+18,7.507727260321579520e+17,7.872077522016996800e+16,8.254372352716793000e+15
2.121212121212121340e-02,6.084581579558404982e+23,5.749525793373663160e+22,5.837163218548669022e+21,6.066404805304110285e+20,6.345773486569279488e+19,6.649692474118214656e+18,6.971477708398525440e+17,7.309773747845822400e+16,7.664752691412372000e+15
2.090909090909090842e-02,6.251932668157082877e+23,5.955808295716629617e+22,6.057929321620051067e+21,6.298596023987103334e+20,6.589375650920583987e+19,6.905157365821100032e+18,7.239359446946745600e+17,7.590670053157641600e+16,7.959294315493451000e+15
2.151515151515151492e-02,5.914546677898896516e+23,5.542651932003226196e+22,5.616612979645807067e+21,5.834675956825146655e+20,6.102721159794880512e+19,6.394822240950909952e+18,6.704224612279334400e+17,7.029538064713934400e+16,7.370904189312050000e+15
2.121212121212121340e-02,6.084581579558403640e+23,5.749525793373661482e+22,5.837163218548664828e+21,6.066404805304110285e+20,6.345773486569282765e+19,6.649692474118214656e+18,6.971477708398524160e+17,7.309773747845820800e+16,7.664752691412369000e+15
2.181818181818181990e-02,5.741815805394003427e+23,5.335294760449338665e+22,5.396399848388102717e+21,5.603533983634624348e+20,5.860347911489884160e+19,6.140681750727804928e+18,6.437741674374442240e+17,6.750111355872356800e+16,7.077904356741852000e+15
2.151515151515151492e-02,5.914546677898891818e+23,5.542651932003224519e+22,5.616612979645802873e+21,5.834675956825143378e+20,6.102721159794874778e+19,6.394822240950909952e+18,6.704224612279334400e+17,7.029538064713928800e+16,7.370904189312048000e+15
2.212121212121212141e-02,5.566376607802300155e+23,5.127564308297649698e+22,5.176644993318795608e+21,5.373102618264911217e+20,5.618781995384073421e+19,5.887405006722650112e+18,6.172169264364513280e+17,6.471640768196758400e+16,6.785907476498623000e+15
2.181818181818181990e-02,5.741815805394004770e+23,5.335294760449332793e+22,5.396399848388102717e+21,5.603533983634626970e+20,5.860347911489881702e+19,6.140681750727805952e+18,6.437741674374443520e+17,6.750111355872356800e+16,7.077904356741852000e+15
2.242424242424242292e-02,5.388216533378705434e+23,4.919572605724196969e+22,4.957469423942979551e+21,5.143504733100064113e+20,5.378150591005095526e+19,5.635124841633539072e+18,5.907646512602750720e+17,6.194272145741004800e+16,6.495066464346615000e+15
2.212121212121212141e-02,5.566376607802300155e+23,5.127564308297645503e+22,5.176644993318797705e+21,5.373102618264911217e+20,5.618781995384073421e+19,5.887405006722647040e+18,6.172169264364515840e+17,6.471640768196760800e+16,6.785907476498623000e+15
2.272727272727272790e-02,5.207322831810712851e+23,4.711433703686915333e+22,4.738993904850352210e+21,4.914862253034042163e+20,5.138579717506338816e+19,5.383972829191014400e+18,5.644311218026014080e+17,5.918149933348449600e+16,6.205532767996193000e+15
2.242424242424242292e-02,5.388216533378707447e+23,4.919572605724195291e+22,4.957469423942977454e+21,5.143504733100064113e+20,5.378150591005092250e+19,5.635124841633536000e+18,5.907646512602749440e+17,6.194272145741006400e+16,6.495066464346614000e+15
2.303030303030302942e-02,5.023682553137617353e+23,4.503263694462747725e+22,4.521338868038883607e+21,4.687296068455180534e+20,4.900194148432079258e+19,5.134079196882519040e+18,5.382299757268864640e+17,5.643417081532777600e+16,5.917456267416142000e+15
2.272727272727272790e-02,5.207322831810713522e+23,4.711433703686913655e+22,4.738993904850352210e+21,4.914862253034044785e+20,5.138579717506335539e+19,5.383972829191016448e+18,5.644311218026011520e+17,5.918149933348448800e+16,6.205532767996193000e+15
2.333333333333333440e-02,4.837282546652737039e+23,4.295180732533579553e+22,4.304624323412377469e+21,4.460925948630960046e+20,4.663117327489760461e+19,4.885572739860163584e+18,5.121746995048469120e+17,5.370214952699232800e+16,5.630985176553638000e+15
2.303030303030302942e-02,5.023682553137614668e+23,4.503263694462746886e+22,4.521338868038882558e+21,4.687296068455177257e+20,4.900194148432077619e+19,5.134079196882518016e+18,5.382299757268863360e+17,5.643417081532772800e+16,5.917456267416143000e+15
2.363636363636363591e-02,4.648109459788440325e+23,4.087305055823498052e+22,4.088969767424282329e+21,4.235870455568480993e+20,4.427471285398662349e+19,4.638580736097273856e+18,4.862786195886711040e+17,5.098683228775216000e+16,5.346265946533932000e+15
2.333333333333333440e-02,4.837282546652737039e+23,4.295180732533578714e+22,4.304624323412378518e+21,4.460925948630958080e+20,4.663117327489760461e+19,4.885572739860162560e+18,5.121746995048467200e+17,5.370214952699231200e+16,5.630985176553640000e+15
2.393939393939394089e-02,4.456149736983757681e+23,3.879759007290582735e+22,3.874494089839653683e+21,4.012246858427653161e+20,4.193376557883791770e+19,4.393228862858518016e+18,4.605548937235136000e+17,4.828959820318286400e+16,5.063443170410872000e+15
2.363636363636363591e-02,4.648109459788436970e+23,4.087305055823496374e+22,4.088969767424280232e+21,4.235870455568477716e+20,4.427471285398659891e+19,4.638580736097272832e+18,4.862786195886704000e+17,5.098683228775213600e+16,5.346265946533930000e+15
2.424242424242424240e-02,4.261389618534769209e+23,3.672667056876320666e+22,3.661315478586620641e+21,3.790171048566714532e+20,3.960952104883516211e+19,4.149641114547378688e+18,4.350165024067265920e+17,4.561180777168360000e+16,4.782659489538282000e+15
2.393939393939394089e-02,4.456149736983756339e+23,3.879759007290586091e+22,3.874494089839653159e+21,4.012246858427651195e+20,4.193376557883791770e+19,4.393228862858520064e+18,4.605548937235135360e+17,4.828959820318285600e+16,5.063443170410873000e+15
2.454545454545454392e-02,4.063815139427354002e+23,3.466155823815506631e+22,3.449551322668389106e+21,3.569757455300790845e+20,3.730315231038606541e+19,3.907939721993449472e+18,4.096762405000971520e+17,4.295480200709543200e+16,4.504055501630429000e+15
2.424242424242424240e-02,4.261389618534766524e+23,3.672667056876321925e+22,3.661315478586620117e+21,3.790171048566715843e+20,3.960952104883515392e+19,4.149641114547378688e+18,4.350165024067265280e+17,4.561180777168363200e+16,4.782659489538285000e+15
2.484848484848484890e-02,3.863412128152318053e+23,3.260354099309955567e+22,3.239318113105960501e+21,3.351118962456461967e+20,3.501581507529830400e+19,3.668245073240987136e+18,3.845467090012927360e+17,4.031990157805535200e+16,4.227769670578447500e+15
2.454545454545454392e-02,4.063815139427351318e+23,3.466155823815504114e+22,3.449551322668386484e+21,3.569757455300792812e+20,3.730315231038604902e+19,3.907939721993448448e+18,4.096762405000970880e+17,4.295480200709542400e+16,4.504055501630425000e+15
2.515151515151515041e-02,3.660166205502880586e+23,3.055392869569135641e+22,3.030731341881584124e+21,3.134366825807299871e+20,3.274864695330523136e+19,3.430675635898881024e+18,3.596403069805549440e+17,3.770840596471313600e+16,3.953938238088417500e+15
2.484848484848484890e-02,3.863412128152315369e+23,3.260354099309955147e+22,3.239318113105961026e+21,3.351118962456461312e+20,3.501581507529830400e+19,3.668245073240986624e+18,3.845467090012926720e+17,4.031990157805535200e+16,4.227769670578447500e+15
2.545454545454545539e-02,3.454062783354311446e+23,2.851405339221032541e+22,2.823905398852116546e+21,2.919610591477243249e+20,3.050276669939596083e+19,3.195347881111018496e+18,3.349692236885322880e+17,3.512159263342194800e+16,3.682695137204684000e+15
2.515151515151515041e-02,3.660166205502878573e+23,3.055392869569133963e+22,3.030731341881582551e+21,3.134366825807297905e+20,3.274864695330521088e+19,3.430675635898878976e+18,3.596403069805548160e+17,3.770840596471312800e+16,3.953938238088416500e+15
2.575757575757575690e-02,3.245087063425568546e+23,2.648526955096332829e+22,2.618953466601153233e+21,2.706958015400587100e+20,2.827927347659760435e+19,2.962376209204431360e+18,3.105454308410124800e+17,3.256071622999780800e+16,3.414171907780872500e+15
2.545454545454545539e-02,3.454062783354310775e+23,2.851405339221031702e+22,2.823905398852118118e+21,2.919610591477241938e+20,3.050276669939598950e+19,3.195347881111016960e+18,3.349692236885324800e+17,3.512159263342193600e+16,3.682695137204683500e+15
2.606060606060606188e-02,3.033224036022825989e+23,2.446895430389453344e+22,2.415987413198077690e+21,2.496514983929613844e+20,2.607924613484523520e+19,2.731872877071504896e+18,2.863806750861582080e+17,3.002700779212851600e+16,3.148497613959086500e+15
2.575757575757575690e-02,3.245087063425565862e+23,2.648526955096330312e+22,2.618953466601155854e+21,2.706958015400585462e+20,2.827927347659759206e+19,2.962376209204431360e+18,3.105454308410126080e+17,3.256071622999780400e+16,3.414171907780870500e+15
2.636363636363636340e-02,2.818458478764960640e+23,2.246650769199822432e+22,2.215117682831812723e+21,2.288385435682990981e+20,2.390374250656735642e+19,2.503947927340915200e+18,2.624864706597038720e+17,2.752167398149705200e+16,2.885798763716422500e+15
2.606060606060606188e-02,3.033224036022822633e+23,2.446895430389452086e+22,2.415987413198077690e+21,2.496514983929613844e+20,2.607924613484523930e+19,2.731872877071506944e+18,2.863806750861583360e+17,3.002700779212850400e+16,3.148497613959085000e+15
2.666666666666666491e-02,2.600774955290615643e+23,2.047935291456650163e+22,2.016453184286300307e+21,2.082671284729940541e+20,2.175379871960023859e+19,2.278709119390524416e+18,2.388740922333928640e+17,2.504589633616421200e+16,2.626199230535662500e+15
2.636363636363636340e-02,2.818458478764963324e+23,2.246650769199822851e+22,2.215117682831812985e+21,2.288385435682991964e+20,2.390374250656735642e+19,2.503947927340916224e+18,2.624864706597039040e+17,2.752167398149706000e+16,2.885798763716422500e+15
2.696969696969696989e-02,2.380157813946894894e+23,1.850893658230905373e+22,1.820101177224342798e+21,1.879472345207784079e+20,1.963042852803439002e+19,2.056261862253808640e+18,2.155545679617948480e+17,2.260083054374349200e+16,2.369820177255846000e+15
2.666666666666666491e-02,2.600774955290614972e+23,2.047935291456650163e+22,2.016453184286299783e+21,2.082671284729940869e+20,2.175379871960023040e+19,2.278709119390521600e+18,2.388740922333926720e+17,2.504589633616421600e+16,2.626199230535662000e+15
2.727272727272727140e-02,2.156591186459526074e+23,1.655672897437915991e+22,1.626167156245727019e+21,1.678886257472313426e+20,1.753462266158279066e+19,1.836709149470026240e+18,1.925386727324638720e+17,2.018760573587859600e+16,2.116779982155991000e+15
2.696969696969696989e-02,2.380157813946895229e+23,1.850893658230904324e+22,1.820101177224342274e+21,1.879472345207783424e+20,1.963042852803439002e+19,2.056261862253808384e+18,2.155545679617948800e+17,2.260083054374350800e+16,2.369820177255844500e+15
2.757575757575757638e-02,1.930058986584305345e+23,1.462422429934209204e+22,1.434754732685145932e+21,1.481008415882911416e+20,1.546734819404460851e+19,1.620151495926296832e+18,1.698369216242112320e+17,1.780732380451921400e+16,1.867194167323846750e+15
2.727272727272727140e-02,2.156591186459526074e+23,1.655672897437914943e+22,1.626167156245726233e+21,1.678886257472312443e+20,1.753462266158278246e+19,1.836709149470025472e+18,1.925386727324637760e+17,2.018760573587860000e+16,2.116779982155991000e+15
2.787878787878787790e-02,1.700544908739749882e+23,1.271294096012335697e+22,1.245965514114606301e+21,1.285931898326635479e+20,1.342954793142608282e+19,1.406686876738496512e+18,1.474595635781304960e+17,1.546105874047200600e+16,1.621175329359309250e+15
2.757575757575757638e-02,1.930058986584304674e+23,1.462422429934209414e+22,1.434754732685145145e+21,1.481008415882911416e+20,1.546734819404460032e+19,1.620151495926296576e+18,1.698369216242112320e+17,1.780732380451921800e+16,1.867194167323845500e+15
2.818181818181818288e-02,1.468032426620987103e+23,1.082442182297275859e+22,1.059898981514749673e+21,1.093747397587797115e+20,1.142213982026160333e+19,1.196410668215795200e+18,1.254165752857904320e+17,1.314985599468356600e+16,1.378833072460378250e+15
2.787878787878787790e-02,1.700544908739749211e+23,1.271294096012335697e+22,1.245965514114606039e+21,1.285931898326635807e+20,1.342954793142607667e+19,1.406686876738495488e+18,1.474595635781303680e+17,1.546105874047200800e+16,1.621175329359307500e+15
2.848484848484848439e-02,1.232504791794382149e+23,8.960234490482473828e+21,8.766523640785460265e+20,9.045431546719689114e+19,9.446016376661889024e+18,9.894155909519947520e+17,1.037176552988553600e+17,1.087473186269511000e+16,1.140273943937455750e+15
2.818181818181818288e-02,1.468032426620986264e+23,1.082442182297276069e+22,1.059898981514749542e+21,1.093747397587796951e+20,1.142213982026159923e+19,1.196410668215794432e+18,1.254165752857904320e+17,1.314985599468356600e+16,1.378833072460378500e+15
2.878787878787878937e-02,9.939450322731722080e+22,7.121971578697456550e+21,6.963205116105342321e+20,7.184048941958360269e+19,7.502044136598385664e+18,7.857916550850178560e+17,8.237221836419758400e+16,8.636672892687533000e+15,9.056013721997476250e+14
2.848484848484848439e-02,1.232504791794381645e+23,8.960234490482466488e+21,8.766523640785453711e+20,9.045431546719682560e+19,9.446016376661884928e+18,9.894155909519947520e+17,1.037176552988553920e+17,1.087473186269511200e+16,1.140273943937455250e+15
2.909090909090909088e-02,7.523359510736023637e+22,5.311250998356663599e+21,5.189957644839637484e+20,5.354157619567796224e+19,5.591063127913534464e+18,5.856261077639289600e+17,6.138938998837416000e+16,6.436635317517386000e+15,6.749156072555885000e+14
2.878787878787878937e-02,9.939450322731723758e+22,7.121971578697450258e+21,6.963205116105333146e+20,7.184048941958356173e+19,7.502044136598385664e+18,7.857916550850173440e+17,8.237221836419752000e+16,8.636672892687535000e+15,9.056013721997473750e+14
2.939393939393939240e-02,5.076601247518072347e+22,3.529716240304719266e+21,3.447678211176999158e+20,3.556562647986239898e+19,3.713886364526111744e+18,3.890033828610510080e+17,4.077800123515777600e+16,4.275544511123220000e+15,4.483136637663040625e+14
2.909090909090909088e-02,7.523359510736023637e+22,5.311250998356663599e+21,5.189957644839634207e+20,5.354157619567795405e+19,5.591063127913530368e+18,5.856261077639290880e+17,6.138938998837412000e+16,6.436635317517386000e+15,6.749156072555886250e+14
2.969696969696969738e-02,2.598999019210551381e+22,1.779036665113777537e+21,1.737236029340315484e+20,1.792042128925971866e+19,1.871299363280472576e+18,1.960050529646948160e+17,2.054658375960259600e+16,2.154294469662134250e+15,2.258892666911647188e+14
2.939393939393939240e-02,5.076601247518067314e+22,3.529716240304716644e+21,3.447678211176996536e+20,3.556562647986237440e+19,3.713886364526107136e+18,3.890033828610508160e+17,4.077800123515772800e+16,4.275544511123219500e+15,4.483136637663038125e+14
2.999999999999999889e-02,9.037401749204469023e+20,6.090779695623691469e+19,5.947116757964558336e+18,6.134664555138140160e+17,6.405968386468625600e+16,6.709783686066227000e+15,7.033650819390491250e+14,7.374731771564862500e+13,7.732799558858698242e+12
2.969696969696969738e-02,2.598999019210550542e+22,1.779036665113774916e+21,1.737236029340314173e+20,1.792042128925970842e+19,1.871299363280471296e+18,1.960050529646947520e+17,2.054658375960256800e+16,2.154294469662132750e+15,2.258892666911645938e+14
