x,t=1.00e+04s,t=2.00e+04s,t=3.00e+04s,t=4.00e+04s,t=5.00e+04s,t=6.00e+04s,t=7.00e+04s,t=8.00e+04s,t=9.00e+04s
3.030303030303030300e-04,3.602560888610211328e+23,5.015820522067638354e+21,6.310207626978766848e+19,7.708575677378894080e+17,9.340606026507862000e+15,1.129378577106549844e+14,1.129378577106549844e+14,1.129378577106549844e+14,1.129378577106549844e+14
0.000000000000000000e+00,3.602671855435150629e+23,5.016041962867911557e+21,6.310516359936347341e+19,7.708964226890672640e+17,9.341080728180864000e+15,1.129436099012995781e+14,1.129436099012995781e+14,1.129436099012995781e+14,1.129436099012995781e+14
6.060606060606060601e-04,3.601387554710009728e+23,5.013479239820731482e+21,6.306943514009216614e+19,7.704467742331715840e+17,9.335587266609212000e+15,1.128770430211454219e+14,1.128770430211454219e+14,1.128770430211454219e+14,1.128770430211454219e+14
3.030303030303030300e-04,3.602560888610211328e+23,5.015820522067633111e+21,6.310207626978764390e+19,7.708575677378891520e+17,9.340606026507858000e+15,1.129378577106549062e+14,1.129378577106549062e+14,1.129378577106549062e+14,1.129378577106549062e+14
9.090909090909090901e-04,3.599542155188478914e+23,5.009797851517874602e+21,6.301811649284734157e+19,7.698009468172172800e+17,9.327697138898304000e+15,1.127814349368766875e+14,1.127814349368766875e+14,1.127814349368766875e+14,1.127814349368766875e+14
6.060606060606060601e-04,3.601387554710009057e+23,5.013479239820725191e+21,6.306943514009219072e+19,7.704467742331712000e+17,9.335587266609202000e+15,1.128770430211453594e+14,1.128770430211453594e+14,1.128770430211453594e+14,1.128770430211453594e+14
1.212121212121212120e-03,3.596977011854583456e+23,5.004682575989041005e+21,6.294682101684044595e+19,7.689037700979272960e+17,9.316736452896176000e+15,1.126486202448840781e+14,1.126486202448840781e+14,1.126486202448840781e+14,1.126486202448840781e+14
9.090909090909090901e-04,3.599542155188476230e+23,5.009797851517870408e+21,6.301811649284734157e+19,7.698009468172172800e+17,9.327697138898302000e+15,1.127814349368766562e+14,1.127814349368766562e+14,1.127814349368766562e+14,1.127814349368766562e+14
1.515151515151515150e-03,3.593685402635405214e+23,4.998121885773440483e+21,6.285539930829878067e+19,7.677534146158993920e+17,9.302683049604602000e+15,1.124783310886588594e+14,1.124783310886588594e+14,1.124783310886588594e+14,1.124783310886588594e+14
1.212121212121212120e-03,3.596977011854581443e+23,5.004682575989036810e+21,6.294682101684040499e+19,7.689037700979270400e+17,9.316736452896176000e+15,1.126486202448839844e+14,1.126486202448839844e+14,1.126486202448839844e+14,1.126486202448839844e+14
1.818181818181818180e-03,3.589665298503308914e+23,4.990114157926225543e+21,6.274384325682650317e+19,7.663498434480455680e+17,9.285536723834194000e+15,1.122705658200965156e+14,1.122705658200965156e+14,1.122705658200965156e+14,1.122705658200965156e+14
1.515151515151515150e-03,3.593685402635403872e+23,4.998121885773436289e+21,6.285539930829871514e+19,7.677534146158991360e+17,9.302683049604604000e+15,1.124783310886587031e+14,1.124783310886587031e+14,1.124783310886587031e+14,1.124783310886587031e+14
2.121212121212120993e-03,3.584915855065563928e+23,4.980660673072593895e+21,6.261218841858482995e+19,7.646935833969671680e+17,9.265304210788482000e+15,1.120254070720096250e+14,1.120254070720096250e+14,1.120254070720096250e+14,1.120254070720096250e+14
1.818181818181818180e-03,3.589665298503308914e+23,4.990114157926226592e+21,6.274384325682654413e+19,7.663498434480458240e+17,9.285536723834204000e+15,1.122705658200964844e+14,1.122705658200964844e+14,1.122705658200964844e+14,1.122705658200964844e+14
2.424242424242424240e-03,3.579436642491156639e+23,4.969764078655191908e+21,6.246049256464186573e+19,7.627854548239868160e+17,9.241995884469274000e+15,1.117429817477453594e+14,1.117429817477453594e+14,1.117429817477453594e+14,1.117429817477453594e+14
2.121212121212120993e-03,3.584915855065558559e+23,4.980660673072590750e+21,6.261218841858482176e+19,7.646935833969674240e+17,9.265304210788484000e+15,1.120254070720095938e+14,1.120254070720095938e+14,1.120254070720095938e+14,1.120254070720095938e+14
2.727272727272727487e-03,3.573227405489046941e+23,4.957427909962120561e+21,6.228882897236626637e+19,7.606264869945811200e+17,9.215624722384120000e+15,1.114234484721133125e+14,1.114234484721133125e+14,1.114234484721133125e+14,1.114234484721133125e+14
2.424242424242424240e-03,3.579436642491151942e+23,4.969764078655189811e+21,6.246049256464184115e+19,7.627854548239868160e+17,9.241995884469270000e+15,1.117429817477453750e+14,1.117429817477453750e+14,1.117429817477453750e+14,1.117429817477453750e+14
3.030303030303030300e-03,3.566287971168997186e+23,4.943656406297405817e+21,6.209728382715662336e+19,7.582178851206176000e+17,9.186205901698760000e+15,1.110669926932666406e+14,1.110669926932666406e+14,1.110669926932666406e+14,1.110669926932666406e+14
2.727272727272727487e-03,3.573227405489044256e+23,4.957427909962124755e+21,6.228882897236629914e+19,7.606264869945815040e+17,9.215624722384118000e+15,1.114234484721133906e+14,1.114234484721133906e+14,1.114234484721133906e+14,1.114234484721133906e+14
3.333333333333333114e-03,3.558618208306986337e+23,4.928454429756806398e+21,6.188595505008084582e+19,7.555610153152419840e+17,9.153756614081432000e+15,1.106738244340363750e+14,1.106738244340363750e+14,1.106738244340363750e+14,1.106738244340363750e+14
3.030303030303030300e-03,3.566287971168994502e+23,4.943656406297405817e+21,6.209728382715662336e+19,7.582178851206174720e+17,9.186205901698766000e+15,1.110669926932667031e+14,1.110669926932667031e+14,1.110669926932667031e+14,1.110669926932667031e+14
3.636363636363636360e-03,3.550218007380416203e+23,4.911827425465823396e+21,6.165495169895428915e+19,7.526573967319479040e+17,9.118295968172362000e+15,1.102441771045020625e+14,1.102441771045020625e+14,1.102441771045020625e+14,1.102441771045020625e+14
3.333333333333333114e-03,3.558618208306983653e+23,4.928454429756800106e+21,6.188595505008084582e+19,7.555610153152414720e+17,9.153756614081426000e+15,1.106738244340363125e+14,1.106738244340363125e+14,1.106738244340363125e+14,1.106738244340363125e+14
3.939393939393939607e-03,3.541087269978274320e+23,4.893781400540742156e+21,6.140439362577009050e+19,7.495086968976122880e+17,9.079844930929706000e+15,1.097783067851184219e+14,1.097783067851184219e+14,1.097783067851184219e+14,1.097783067851184219e+14
3.636363636363636360e-03,3.550218007380412848e+23,4.911827425465816056e+21,6.165495169895425638e+19,7.526573967319479040e+17,9.118295968172358000e+15,1.102441771045020781e+14,1.102441771045020781e+14,1.102441771045020781e+14,1.102441771045020781e+14
4.242424242424241987e-03,3.531225902819752437e+23,4.874322912256995623e+21,6.113441125783665869e+19,7.461167285704837120e+17,9.038426287465012000e+15,1.092764917333860938e+14,1.092764917333860938e+14,1.092764917333860938e+14,1.092764917333860938e+14
3.939393939393939607e-03,3.541087269978273648e+23,4.893781400540736913e+21,6.140439362577005773e+19,7.495086968976122880e+17,9.079844930929698000e+15,1.097783067851184062e+14,1.097783067851184062e+14,1.097783067851184062e+14,1.097783067851184062e+14
4.545454545454545234e-03,3.520633814198527659e+23,4.853459061070484210e+21,6.084514544187533722e+19,7.424834473591020800e+17,8.994064610037992000e+15,1.087390320009899219e+14,1.087390320009899219e+14,1.087390320009899219e+14,1.087390320009899219e+14
4.242424242424241987e-03,3.531225902819752437e+23,4.874322912256994574e+21,6.113441125783660954e+19,7.461167285704840960e+17,9.038426287465012000e+15,1.092764917333860781e+14,1.092764917333860781e+14,1.092764917333860781e+14,1.092764917333860781e+14
4.848484848484848481e-03,3.509310911777314848e+23,4.831197486341850923e+21,6.053674732112606822e+19,7.386109497257557760e+17,8.946786231615755000e+15,1.081662491057900469e+14,1.081662491057900469e+14,1.081662491057900469e+14,1.081662491057900469e+14
4.545454545454545234e-03,3.520633814198526987e+23,4.853459061070484210e+21,6.084514544187532902e+19,7.424834473591018240e+17,8.994064610037992000e+15,1.087390320009898750e+14,1.087390320009898750e+14,1.087390320009898750e+14,1.087390320009898750e+14
5.151515151515151728e-03,3.497257101169523478e+23,4.807546363642670744e+21,6.020937822981094605e+19,7.345014711780433920e+17,8.896619221601946000e+15,1.075584857296345469e+14,1.075584857296345469e+14,1.075584857296345469e+14,1.075584857296345469e+14
4.848484848484848481e-03,3.509310911777315519e+23,4.831197486341842534e+21,6.053674732112609280e+19,7.386109497257553920e+17,8.946786231615755000e+15,1.081662491057900156e+14,1.081662491057900156e+14,1.081662491057900156e+14,1.081662491057900156e+14
5.454545454545454974e-03,3.484472284998384642e+23,4.782514403024218096e+21,5.986320959631740928e+19,7.301573845405941760e+17,8.843593362421014000e+15,1.069161054260920625e+14,1.069161054260920625e+14,1.069161054260920625e+14,1.069161054260920625e+14
5.151515151515151728e-03,3.497257101169526162e+23,4.807546363642669695e+21,6.020937822981092147e+19,7.345014711780435200e+17,8.896619221601944000e+15,1.075584857296345625e+14,1.075584857296345625e+14,1.075584857296345625e+14,1.075584857296345625e+14
5.757575757575757354e-03,3.470956362255964769e+23,4.756110847894100115e+21,5.949842285016535859e+19,7.255811982453694720e+17,8.787740126209233000e+15,1.062394923290863438e+14,1.062394923290863438e+14,1.062394923290863438e+14,1.062394923290863438e+14
5.454545454545454974e-03,3.484472284998385984e+23,4.782514403024214950e+21,5.986320959631738470e+19,7.301573845405945600e+17,8.843593362421010000e+15,1.069161054260920312e+14,1.069161054260920312e+14,1.069161054260920312e+14,1.069161054260920312e+14
6.060606060606060601e-03,3.456709227855925981e+23,4.728345474289393205e+21,5.911520932979094323e+19,7.207755546040096000e+17,8.729092651175054000e+15,1.055290508571169688e+14,1.055290508571169688e+14,1.055290508571169688e+14,1.055290508571169688e+14
5.757575757575757354e-03,3.470956362255964098e+23,4.756110847894100115e+21,5.949842285016529306e+19,7.255811982453693440e+17,8.787740126209235000e+15,1.062394923290863906e+14,1.062394923290863906e+14,1.062394923290863906e+14,1.062394923290863906e+14
6.363636363636363848e-03,3.441730772314948905e+23,4.699228590416499573e+21,5.871377018935324672e+19,7.157432280404030720e+17,8.667685717363764000e+15,1.047852054099015469e+14,1.047852054099015469e+14,1.047852054099015469e+14,1.047852054099015469e+14
6.060606060606060601e-03,3.456709227855928665e+23,4.728345474289392157e+21,5.911520932979089408e+19,7.207755546040098560e+17,8.729092651175059000e+15,1.055290508571169375e+14,1.055290508571169375e+14,1.055290508571169375e+14,1.055290508571169375e+14
6.666666666666666227e-03,3.426020881521387619e+23,4.668771036373319680e+21,5.829431630337590067e+19,7.104871232694291200e+17,8.603555721662936000e+15,1.040084000554824219e+14,1.040084000554824219e+14,1.040084000554824219e+14,1.040084000554824219e+14
6.363636363636363848e-03,3.441730772314949576e+23,4.699228590416498000e+21,5.871377018935320576e+19,7.157432280404030720e+17,8.667685717363765000e+15,1.047852054099014844e+14,1.047852054099014844e+14,1.047852054099014844e+14,1.047852054099014844e+14
6.969696969696969474e-03,3.409579436564448731e+23,4.636984184003930096e+21,5.785706816851288064e+19,7.050102734136336640e+17,8.536740651955572000e+15,1.031990982066873438e+14,1.031990982066873438e+14,1.031990982066873438e+14,1.031990982066873438e+14
6.666666666666666227e-03,3.426020881521388961e+23,4.668771036373319156e+21,5.829431630337589248e+19,7.104871232694289920e+17,8.603555721662934000e+15,1.040084000554823906e+14,1.040084000554823906e+14,1.040084000554823906e+14,1.040084000554823906e+14
7.272727272727272721e-03,3.392406313606108749e+23,4.603879936846006321e+21,5.740225580191712051e+19,6.993158380523278080e+17,8.467280060354368000e+15,1.023577822862041719e+14,1.023577822862041719e+14,1.023577822862041719e+14,1.023577822862041719e+14
6.969696969696969474e-03,3.409579436564447389e+23,4.636984184003930620e+21,5.785706816851286426e+19,7.050102734136335360e+17,8.536740651955566000e+15,1.031990982066872500e+14,1.031990982066872500e+14,1.031990982066872500e+14,1.031990982066872500e+14
7.575757575757575968e-03,3.374501383783733747e+23,4.569470730150337839e+21,5.693011863587847373e+19,6.934071011998406400e+17,8.395215035492224000e+15,1.014849533799239375e+14,1.014849533799239375e+14,1.014849533799239375e+14,1.014849533799239375e+14
7.272727272727272721e-03,3.392406313606108078e+23,4.603879936846006321e+21,5.740225580191711232e+19,6.993158380523280640e+17,8.467280060354368000e+15,1.023577822862041250e+14,1.023577822862041250e+14,1.023577822862041250e+14,1.023577822862041250e+14
7.878787878787879215e-03,3.355864513135032192e+23,4.533769530954069049e+21,5.644090540850149786e+19,6.872874692109793280e+17,8.320588173845345000e+15,1.005811308783720938e+14,1.005811308783720938e+14,1.005811308783720938e+14,1.005811308783720938e+14
7.575757575757575968e-03,3.374501383783732405e+23,4.569470730150337839e+21,5.693011863587844915e+19,6.934071011998406400e+17,8.395215035492225000e+15,1.014849533799239062e+14,1.014849533799239062e+14,1.014849533799239062e+14,1.014849533799239062e+14
8.181818181818182462e-03,3.336495562539335365e+23,4.496789838196104495e+21,5.593487405024917914e+19,6.809604686126407680e+17,8.243443550085158000e+15,9.964685210617828125e+13,9.964685210617828125e+13,9.964685210617828125e+13,9.964685210617828125e+13
7.878787878787879215e-03,3.355864513135032192e+23,4.533769530954067476e+21,5.644090540850145690e+19,6.872874692109795840e+17,8.320588173845342000e+15,1.005811308783720781e+14,1.005811308783720781e+14,1.005811308783720781e+14,1.005811308783720781e+14
8.484848484848483974e-03,3.316394387671256001e+23,4.458545682866675122e+21,5.541229156623418163e+19,6.744297438610705920e+17,8.163826686462940000e+15,9.868267193965096875e+13,9.868267193965096875e+13,9.868267193965096875e+13,9.868267193965096875e+13
8.181818181818182462e-03,3.336495562539336037e+23,4.496789838196105019e+21,5.593487405024922829e+19,6.809604686126412800e+17,8.243443550085161000e+15,9.964685210617834375e+13,9.964685210617834375e+13,9.964685210617834375e+13,9.964685210617834375e+13
8.787878787878787221e-03,3.295560838963975716e+23,4.419051628185791234e+21,5.487343391418602291e+19,6.676990550251767040e+17,8.081784521235706000e+15,9.768916241262028125e+13,9.768916241262028125e+13,9.768916241262028125e+13,9.768916241262028125e+13
8.484848484848483974e-03,3.316394387671256001e+23,4.458545682866674598e+21,5.541229156623418163e+19,6.744297438610708480e+17,8.163826686462941000e+15,9.868267193965092188e+13,9.868267193965092188e+13,9.868267193965092188e+13,9.868267193965092188e+13
9.090909090909090468e-03,3.273994761579393639e+23,4.378322769804485198e+21,5.431858587800806195e+19,6.607722753957414400e+17,7.997365376141384000e+15,9.666691231066879688e+13,9.666691231066879688e+13,9.666691231066879688e+13,9.666691231066879688e+13
8.787878787878787221e-03,3.295560838963977058e+23,4.419051628185789661e+21,5.487343391418599014e+19,6.676990550251768320e+17,8.081784521235703000e+15,9.768916241262023438e+13,9.768916241262023438e+13,9.768916241262023438e+13,9.768916241262023438e+13
9.393939393939393714e-03,3.251695995383710870e+23,4.336374736027618116e+21,5.374804093688526438e+19,6.536533890215129600e+17,7.910618922943723000e+15,9.561652675402254688e+13,9.561652675402254688e+13,9.561652675402254688e+13,9.561652675402254688e+13
9.090909090909090468e-03,3.273994761579394310e+23,4.378322769804486771e+21,5.431858587800802099e+19,6.607722753957414400e+17,7.997365376141379000e+15,9.666691231066879688e+13,9.666691231066879688e+13,9.666691231066879688e+13,9.666691231066879688e+13
9.696969696969696961e-03,3.228664374927411233e+23,4.293223688053327921e+21,5.316210112990125261e+19,6.463464881728177920e+17,7.821596149062191000e+15,9.453862676932564062e+13,9.453862676932564062e+13,9.453862676932564062e+13,9.453862676932564062e+13
9.393939393939393714e-03,3.251695995383709528e+23,4.336374736027619164e+21,5.374804093688527258e+19,6.536533890215128320e+17,7.910618922943725000e+15,9.561652675402246875e+13,9.561652675402246875e+13,9.561652675402246875e+13,9.561652675402246875e+13
1.000000000000000021e-02,3.204899729428649146e+23,4.248886320230115574e+21,5.256107691614756864e+19,6.388557707337404160e+17,7.730349322305862000e+15,9.343384885058871875e+13,9.343384885058871875e+13,9.343384885058871875e+13,9.343384885058871875e+13
9.696969696969696961e-03,3.228664374927407878e+23,4.293223688053327921e+21,5.316210112990124442e+19,6.463464881728174080e+17,7.821596149062186000e+15,9.453862676932556250e+13,9.453862676932556250e+13,9.453862676932556250e+13,9.453862676932556250e+13
1.030303030303030346e-02,3.180401882759176892e+23,4.203379860328062386e+21,5.194528703028054426e+19,6.311855375238362880e+17,7.636931954736426000e+15,9.230284450958821875e+13,9.230284450958821875e+13,9.230284450958821875e+13,9.230284450958821875e+13
1.000000000000000021e-02,3.204899729428646461e+23,4.248886320230118195e+21,5.256107691614753587e+19,6.388557707337401600e+17,7.730349322305859000e+15,9.343384885058864062e+13,9.343384885058864062e+13,9.343384885058864062e+13,9.343384885058864062e+13
1.060606060606060670e-02,3.155170653432358308e+23,4.156722069824190022e+21,5.131505833352657306e+19,6.233401895505059840e+17,7.541398765678897000e+15,9.114627981604731250e+13,9.114627981604731250e+13,9.114627981604731250e+13,9.114627981604731250e+13
1.030303030303030346e-02,3.180401882759175550e+23,4.203379860328062910e+21,5.194528703028050330e+19,6.311855375238365440e+17,7.636931954736423000e+15,9.230284450958821875e+13,9.230284450958821875e+13,9.230284450958821875e+13,9.230284450958821875e+13
1.090909090909090995e-02,3.129205854593153457e+23,4.108931244200161182e+21,5.067072566010474496e+19,6.153242251935352320e+17,7.443805643906457000e+15,8.996483492791157812e+13,8.996483492791157812e+13,8.996483492791157812e+13,8.996483492791157812e+13
1.060606060606060670e-02,3.155170653432356295e+23,4.156722069824190022e+21,5.131505833352654029e+19,6.233401895505059840e+17,7.541398765678886000e+15,9.114627981604731250e+13,9.114627981604731250e+13,9.114627981604731250e+13,9.114627981604731250e+13
1.121212121212121146e-02,3.102507294009081746e+23,4.060026213252931781e+21,5.001263165906447565e+19,6.071422373227572480e+17,7.344209609024839000e+15,8.875920361204823438e+13,8.875920361204823438e+13,8.875920361204823438e+13,8.875920361204823438e+13
1.090909090909090995e-02,3.129205854593156813e+23,4.108931244200163803e+21,5.067072566010472858e+19,6.153242251935353600e+17,7.443805643906453000e+15,8.996483492791165625e+13,8.996483492791165625e+13,8.996483492791165625e+13,8.996483492791165625e+13
1.151515151515151471e-02,3.075074774062437300e+23,4.010026341416690516e+21,4.934112663151248998e+19,5.987989103505223680e+17,7.242668772078842000e+15,8.753009275574365625e+13,8.753009275574365625e+13,8.753009275574365625e+13,8.753009275574365625e+13
1.121212121212121146e-02,3.102507294009082417e+23,4.060026213252932829e+21,5.001263165906445107e+19,6.071422373227567360e+17,7.344209609024835000e+15,8.875920361204820312e+13,8.875920361204820312e+13,8.875920361204820312e+13,8.875920361204820312e+13
1.181818181818181795e-02,3.046908091743545191e+23,3.958951528096546161e+21,4.865656836323885875e+19,5.902990172203060480e+17,7.139242295413450000e+15,8.627822186932525000e+13,8.627822186932525000e+13,8.627822186932525000e+13,8.627822186932525000e+13
1.151515151515151471e-02,3.075074774062437300e+23,4.010026341416691040e+21,4.934112663151246541e+19,5.987989103505222400e+17,7.242668772078841000e+15,8.753009275574364062e+13,8.753009275574364062e+13,8.753009275574364062e+13,8.753009275574364062e+13
1.212121212121212120e-02,3.018007038644459919e+23,3.906822208012659720e+21,4.795932195270936986e+19,5.816474163329377280e+17,7.033990351810257000e+15,8.500432258029956250e+13,8.500432258029956250e+13,8.500432258029956250e+13,8.500432258029956250e+13
1.181818181818181795e-02,3.046908091743545191e+23,3.958951528096546161e+21,4.865656836323886694e+19,5.902990172203056640e+17,7.139242295413449000e+15,8.627822186932518750e+13,8.627822186932518750e+13,8.627822186932518750e+13,8.627822186932518750e+13
1.242424242424242445e-02,2.988371400953603409e+23,3.853659351555853779e+21,4.724975963443934003e+19,5.728490484122258560e+17,6.926974082934302000e+15,8.370913811938709375e+13,8.370913811938709375e+13,8.370913811938709375e+13,8.370913811938709375e+13
1.212121212121212120e-02,3.018007038644458912e+23,3.906822208012658672e+21,4.795932195270937805e+19,5.816474163329374720e+17,7.033990351810256000e+15,8.500432258029954688e+13,8.500432258029954688e+13,8.500432258029954688e+13,8.500432258029954688e+13
1.272727272727272770e-02,2.958000959450443950e+23,3.799484465153179124e+21,4.652826059771381350e+19,5.639089333112266880e+17,6.818255557114044000e+15,8.239342279879135938e+13,8.239342279879135938e+13,8.239342279879135938e+13,8.239342279879135938e+13
1.242424242424242445e-02,2.988371400953603744e+23,3.853659351555852206e+21,4.724975963443934822e+19,5.728490484122259200e+17,6.926974082934297000e+15,8.370913811938706250e+13,8.370913811938706250e+13,8.370913811938706250e+13,8.370913811938706250e+13
1.303030303030303094e-02,2.926895489500895888e+23,3.744319591644095578e+21,4.579521080066871296e+19,5.548321667612360320e+17,6.707897726488749000e+15,8.105794148315179688e+13,8.105794148315179688e+13,8.105794148315179688e+13,8.105794148315179688e+13
1.272727272727272770e-02,2.958000959450444621e+23,3.799484465153175454e+21,4.652826059771382170e+19,5.639089333112263040e+17,6.818255557114040000e+15,8.239342279879134375e+13,8.239342279879134375e+13,8.239342279879134375e+13,8.239342279879134375e+13
1.333333333333333245e-02,2.895054761053089746e+23,3.688187310667014865e+21,4.505100277972551270e+19,5.456239170649879680e+17,6.595964383551292000e+15,7.970346905354965625e+13,7.970346905354965625e+13,7.970346905354965625e+13,7.970346905354965625e+13
1.303030303030303094e-02,2.926895489500899915e+23,3.744319591644096102e+21,4.579521080066875392e+19,5.548321667612360960e+17,6.707897726488748000e+15,8.105794148315189062e+13,8.105794148315189062e+13,8.105794148315189062e+13,8.105794148315189062e+13
1.363636363636363570e-02,2.862478538633257450e+23,3.631110739056004694e+21,4.429603545435027046e+19,5.362894217358695680e+17,6.482520117116943000e+15,7.833078986495562500e+13,7.833078986495562500e+13,7.833078986495562500e+13,7.833078986495562500e+13
1.333333333333333245e-02,2.895054761053090417e+23,3.688187310667011719e+21,4.505100277972550451e+19,5.456239170649879040e+17,6.595964383551288000e+15,7.970346905354964062e+13,7.970346905354964062e+13,7.970346905354964062e+13,7.970346905354964062e+13
1.393939393939393895e-02,2.829166581341911819e+23,3.573113531247351038e+21,4.353071392715496653e+19,5.268339840850585600e+17,6.367630267750782000e+15,7.694069719755964062e+13,7.694069719755964062e+13,7.694069719755964062e+13,7.694069719755964062e+13
1.363636363636363570e-02,2.862478538633255772e+23,3.631110739056003645e+21,4.429603545435029504e+19,5.362894217358695680e+17,6.482520117116938000e+15,7.833078986495560938e+13,7.833078986495560938e+13,7.833078986495560938e+13,7.833078986495560938e+13
1.424242424242424220e-02,2.795118642850011629e+23,3.514219879696051470e+21,4.275544927931430502e+19,5.172629697582597120e+17,6.251360882683174000e+15,7.553399270236606250e+13,7.553399270236606250e+13,7.553399270236606250e+13,7.553399270236606250e+13
1.393939393939393895e-02,2.829166581341911819e+23,3.573113531247348941e+21,4.353071392715494195e+19,5.268339840850584320e+17,6.367630267750780000e+15,7.694069719755956250e+13,7.694069719755956250e+13,7.694069719755956250e+13,7.694069719755956250e+13
1.454545454545454544e-02,2.760334471395627311e+23,3.454454515302520586e+21,4.197065836130848768e+19,5.075818032242568320e+17,6.133778670248456000e+15,7.411148584149707812e+13,7.411148584149707812e+13,7.411148584149707812e+13,7.411148584149707812e+13
1.424242424242424220e-02,2.795118642850011294e+23,3.514219879696048849e+21,4.275544927931430502e+19,5.172629697582595200e+17,6.251360882683173000e+15,7.553399270236598438e+13,7.553399270236598438e+13,7.553399270236598438e+13,7.553399270236598438e+13
1.484848484848484869e-02,2.724813809780530138e+23,3.393842707848891466e+21,4.117676357897599386e+19,4.977959642168757120e+17,6.014950953877752000e+15,7.267399332361390625e+13,7.267399332361390625e+13,7.267399332361390625e+13,7.267399332361390625e+13
1.454545454545454544e-02,2.760334471395626975e+23,3.454454515302519013e+21,4.197065836130847130e+19,5.075818032242565120e+17,6.133778670248455000e+15,7.411148584149695312e+13,7.411148584149695312e+13,7.411148584149695312e+13,7.411148584149695312e+13
1.515151515151515194e-02,2.688556395366613653e+23,3.332410266445212549e+21,4.037419267485944218e+19,4.879109841327162880e+17,5.894945625678255000e+15,7.122233853488075000e+13,7.122233853488075000e+13,7.122233853488075000e+13,7.122233853488075000e+13
1.484848484848484869e-02,2.724813809780530138e+23,3.393842707848890417e+21,4.117676357897601024e+19,4.977959642168757120e+17,6.014950953877752000e+15,7.267399332361387500e+13,7.267399332361387500e+13,7.267399332361387500e+13,7.267399332361387500e+13
1.545454545454545518e-02,2.651561960072969055e+23,3.270183539985388929e+21,3.956337850486541517e+19,4.779324423864086400e+17,5.773831099635324000e+15,6.975735096591710938e+13,6.975735096591710938e+13,6.975735096591710938e+13,6.975735096591710938e+13
1.515151515151515194e-02,2.688556395366612646e+23,3.332410266445210452e+21,4.037419267485946675e+19,4.879109841327159680e+17,5.894945625678253000e+15,7.122233853488065625e+13,7.122233853488065625e+13,7.122233853488065625e+13,7.122233853488065625e+13
1.575757575757575843e-02,2.613830230372609625e+23,3.207189417613281722e+21,3.874475881020098970e+19,4.678659627257703040e+17,5.651676264469203000e+15,6.827986563515845312e+13,6.827986563515845312e+13,6.827986563515845312e+13,6.827986563515845312e+13
1.545454545454545518e-02,2.651561960072968048e+23,3.270183539985388929e+21,3.956337850486542336e+19,4.779324423864081280e+17,5.773831099635318000e+15,6.975735096591702344e+13,6.975735096591702344e+13,6.975735096591702344e+13,6.975735096591702344e+13
1.606060606060605994e-02,2.575360927289219293e+23,3.143455329197833585e+21,3.791877598459994112e+19,4.577172095087352960e+17,5.528550436180848000e+15,6.679072250906982812e+13,6.679072250906982812e+13,6.679072250906982812e+13,6.679072250906982812e+13
1.575757575757575843e-02,2.613830230372611302e+23,3.207189417613280674e+21,3.874475881020098970e+19,4.678659627257705600e+17,5.651676264469205000e+15,6.827986563515845312e+13,6.827986563515845312e+13,6.827986563515845312e+13,6.827986563515845312e+13
1.636363636363636492e-02,2.536153766394315617e+23,3.079009245818580894e+21,3.708587683682031206e+19,4.474918839444479360e+17,5.404523310322479000e+15,6.529076591964457812e+13,6.529076591964457812e+13,6.529076591964457812e+13,6.529076591964457812e+13
1.606060606060605994e-02,2.575360927289218622e+23,3.143455329197834633e+21,3.791877598459994931e+19,4.577172095087353600e+17,5.528550436180847000e+15,6.679072250906982812e+13,6.679072250906982812e+13,6.679072250906982812e+13,6.679072250906982812e+13
1.666666666666666644e-02,2.496208457803908430e+23,3.013879680260403364e+21,3.624651234841539379e+19,4.371957203006604800e+17,5.279664914026576000e+15,6.378084397963892188e+13,6.378084397963892188e+13,6.378084397963892188e+13,6.378084397963892188e+13
1.636363636363636492e-02,2.536153766394315953e+23,3.079009245818580369e+21,3.708587683682035302e+19,4.474918839444482560e+17,5.404523310322483000e+15,6.529076591964462500e+13,6.529076591964462500e+13,6.529076591964462500e+13,6.529076591964462500e+13
1.696969696969696795e-02,2.455524706175577919e+23,2.948095687518272356e+21,3.540113742676224000e+19,4.268344820797467520e+17,5.154045557830076000e+15,6.226180799598592188e+13,6.226180799598592188e+13,6.226180799598592188e+13,6.226180799598592188e+13
1.666666666666666644e-02,2.496208457803907759e+23,3.013879680260402315e+21,3.624651234841540608e+19,4.371957203006606720e+17,5.279664914026580000e+15,6.378084397963896094e+13,6.378084397963896094e+13,6.378084397963896094e+13,6.378084397963896094e+13
1.727272727272727293e-02,2.414102210705389634e+23,2.881686865311778210e+21,3.455021065334392832e+19,4.164139581656450560e+17,5.027735787328500000e+15,6.073451188182414062e+13,6.073451188182414062e+13,6.073451188182414062e+13,6.073451188182414062e+13
1.696969696969696795e-02,2.455524706175576913e+23,2.948095687518270783e+21,3.540113742676224000e+19,4.268344820797468160e+17,5.154045557830076000e+15,6.226180799598590625e+13,6.226180799598590625e+13,6.226180799598590625e+13,6.226180799598590625e+13
1.757575757575757444e-02,2.371940665124856466e+23,2.814683354608868262e+21,3.369419402728219443e+19,4.059399589441299840e+17,4.900806334695246000e+15,5.919981156760249219e+13,5.919981156760249219e+13,5.919981156760249219e+13,5.919981156760249219e+13
1.727272727272727293e-02,2.414102210705389970e+23,2.881686865311778734e+21,3.455021065334394061e+19,4.164139581656453760e+17,5.027735787328501000e+15,6.073451188182417969e+13,6.073451188182417969e+13,6.073451188182417969e+13,6.073451188182417969e+13
1.787878787878787942e-02,2.329039757697813725e+23,2.747115840159528518e+21,3.283355270410387456e+19,3.954183123987503360e+17,4.773328070103260000e+15,5.765856441168986719e+13,5.765856441168986719e+13,5.765856441168986719e+13,5.765856441168986719e+13
1.757575757575757444e-02,2.371940665124856130e+23,2.814683354608868262e+21,3.369419402728221082e+19,4.059399589441299840e+17,4.900806334695246000e+15,5.919981156760248438e+13,5.919981156760248438e+13,5.919981156760248438e+13,5.919981156760248438e+13
1.818181818181818094e-02,2.285399171217520035e+23,2.679015551039790645e+21,3.196875472974326989e+19,3.848548601850708480e+17,4.645371953085763000e+15,5.611162861096346875e+13,5.611162861096346875e+13,5.611162861096346875e+13,5.611162861096346875e+13
1.787878787878787942e-02,2.329039757697815067e+23,2.747115840159530090e+21,3.283355270410388685e+19,3.954183123987505280e+17,4.773328070103261000e+15,5.765856441168987500e+13,5.765856441168987500e+13,5.765856441168987500e+13,5.765856441168987500e+13
1.848484848484848592e-02,2.241018583003340483e+23,2.610414261203968197e+21,3.110027076975991194e+19,3.742554536854858880e+17,4.517008983869058000e+15,5.455986261179624219e+13,5.455986261179624219e+13,5.455986261179624219e+13,5.455986261179624219e+13
1.818181818181818094e-02,2.285399171217520706e+23,2.679015551039791170e+21,3.196875472974326170e+19,3.848548601850707200e+17,4.645371953085761000e+15,5.611162861096342188e+13,5.611162861096342188e+13,5.611162861096342188e+13,5.611162861096342188e+13
1.878787878787878743e-02,2.195897664897687455e+23,2.541344290047921226e+21,3.022857383377859379e+19,3.636259500473507200e+17,4.388310154718915000e+15,5.300412452190455469e+13,5.300412452190455469e+13,5.300412452190455469e+13,5.300412452190455469e+13
1.848484848484848592e-02,2.241018583003341825e+23,2.610414261203967672e+21,3.110027076975989555e+19,3.742554536854861440e+17,4.517008983869061000e+15,5.455986261179624219e+13,5.455986261179624219e+13,5.455986261179624219e+13,5.455986261179624219e+13
1.909090909090909241e-02,2.150036083263096373e+23,2.471838502981428314e+21,2.935413899513471386e+19,3.529722082070071680e+17,4.259346401333766500e+15,5.144527152351172656e+13,5.144527152351172656e+13,5.144527152351172656e+13,5.144527152351172656e+13
1.878787878787878743e-02,2.195897664897687119e+23,2.541344290047922799e+21,3.022857383377860198e+19,3.636259500473508480e+17,4.388310154718914000e+15,5.300412452190452344e+13,5.300412452190452344e+13,5.300412452190452344e+13,5.300412452190452344e+13
1.939393939393939392e-02,2.103433498978757504e+23,2.401930312010239574e+21,2.847744310571631821e+19,3.423000849022165760e+17,4.130188554322082000e+15,4.988415928825354688e+13,4.988415928825354688e+13,4.988415928825354688e+13,4.988415928825354688e+13
1.909090909090909241e-02,2.150036083263096373e+23,2.471838502981428838e+21,2.935413899513473843e+19,3.529722082070070400e+17,4.259346401333767500e+15,5.144527152351174219e+13,5.144527152351174219e+13,5.144527152351174219e+13,5.144527152351174219e+13
1.969696969696969543e-02,2.056089567437568208e+23,2.331653676328009073e+21,2.759896450599833600e+19,3.316154306759084800e+17,4.000907290802066500e+15,4.832164139428934375e+13,4.832164139428934375e+13,4.832164139428934375e+13,4.832164139428934375e+13
1.939393939393939392e-02,2.103433498978759182e+23,2.401930312010239574e+21,2.847744310571633459e+19,3.423000849022167040e+17,4.130188554322086000e+15,4.988415928825353906e+13,4.988415928825353906e+13,4.988415928825353906e+13,4.988415928825353906e+13
2.000000000000000042e-02,2.008003938542897951e+23,2.261043102917813338e+21,2.671918273025733837e+19,3.209240858737579520e+17,3.871573086159539000e+15,4.675856874604818750e+13,4.675856874604818750e+13,4.675856874604818750e+13,4.675856874604818750e+13
1.969696969696969543e-02,2.056089567437568208e+23,2.331653676328008810e+21,2.759896450599832371e+19,3.316154306759084800e+17,4.000907290802066500e+15,4.832164139428933594e+13,4.832164139428933594e+13,4.832164139428933594e+13,4.832164139428933594e+13
2.030303030303030193e-02,1.959176256705125826e+23,2.190133647162998784e+21,2.583857820695783424e+19,3.102318766385601920e+17,3.742256166000256500e+15,4.519578899705336719e+13,4.519578899705336719e+13,4.519578899705336719e+13,4.519578899705336719e+13
2.000000000000000042e-02,2.008003938542899293e+23,2.261043102917815697e+21,2.671918273025734246e+19,3.209240858737584000e+17,3.871573086159540000e+15,4.675856874604821875e+13,4.675856874604821875e+13,4.675856874604821875e+13,4.675856874604821875e+13
2.060606060606060691e-02,1.909606160838637430e+23,2.118960913468813738e+21,2.495763195430999245e+19,2.995446109041550080e+17,3.613026458335857500e+15,4.363414597627922656e+13,4.363414597627922656e+13,4.363414597627922656e+13,4.363414597627922656e+13
2.030303030303030193e-02,1.959176256705126833e+23,2.190133647162997735e+21,2.583857820695782605e+19,3.102318766385604480e+17,3.742256166000257000e+15,4.519578899705338281e+13,4.519578899705338281e+13,4.519578899705338281e+13,4.519578899705338281e+13
2.090909090909090842e-02,1.859293284358436201e+23,2.047561055892438254e+21,2.407682527097324339e+19,2.888680743917464960e+17,3.483953546038093500e+15,4.207447911844825781e+13,4.207447911844825781e+13,4.207447911844825781e+13,4.207447911844825781e+13
2.060606060606060691e-02,1.909606160838639779e+23,2.118960913468814787e+21,2.495763195430999245e+19,2.995446109041552640e+17,3.613026458335857000e+15,4.363414597627923438e+13,4.363414597627923438e+13,4.363414597627923438e+13,4.363414597627923438e+13
2.121212121212121340e-02,1.808237255176739325e+23,1.975970778783504663e+21,2.319663942191274394e+19,2.782080266116316480e+17,3.355106619598953500e+15,4.051762289872511719e+13,4.051762289872511719e+13,4.051762289872511719e+13,4.051762289872511719e+13
2.090909090909090842e-02,1.859293284358435195e+23,2.047561055892436681e+21,2.407682527097324749e+19,2.888680743917464320e+17,3.483953546038092500e+15,4.207447911844825781e+13,4.207447911844825781e+13,4.207447911844825781e+13,4.207447911844825781e+13
2.151515151515151492e-02,1.756437695699584706e+23,1.904227337434277085e+21,2.231755531939101901e+19,2.675701968732429760e+17,3.226554430233795000e+15,3.896440627222195312e+13,3.896440627222195312e+13,3.896440627222195312e+13,3.896440627222195312e+13
2.121212121212121340e-02,1.808237255176738990e+23,1.975970778783505449e+21,2.319663942191274394e+19,2.782080266116318080e+17,3.355106619598954500e+15,4.051762289872516406e+13,4.051762289872516406e+13,4.051762289872516406e+13,4.051762289872516406e+13
2.181818181818181990e-02,1.703894222823424189e+23,1.832368538739252134e+21,2.144005319908675584e+19,2.569602803065352640e+17,3.098365243363523000e+15,3.741565211874921094e+13,3.741565211874921094e+13,3.741565211874921094e+13,3.741565211874921094e+13
2.151515151515151492e-02,1.756437695699584706e+23,1.904227337434277347e+21,2.231755531939103130e+19,2.675701968732429120e+17,3.226554430233793500e+15,3.896440627222196094e+13,3.896440627222196094e+13,3.896440627222196094e+13,3.896440627222196094e+13
2.212121212121212141e-02,1.650606447931692952e+23,1.760432741864866316e+21,2.056461229133495091e+19,2.463839338978486720e+17,2.970606792512582500e+15,3.587217669322820312e+13,3.587217669322820312e+13,3.587217669322820312e+13,3.587217669322820312e+13
2.181818181818181990e-02,1.703894222823425531e+23,1.832368538739253182e+21,2.144005319908678861e+19,2.569602803065355200e+17,3.098365243363524500e+15,3.741565211874924219e+13,3.741565211874924219e+13,3.741565211874924219e+13,3.741565211874924219e+13
2.242424242424242292e-02,1.596573976891225224e+23,1.688458858928641147e+21,1.969171048747104666e+19,2.358467725432243200e+17,2.843346233658787500e+15,3.433478908218007031e+13,3.433478908218007031e+13,3.433478908218007031e+13,3.433478908218007031e+13
2.212121212121212141e-02,1.650606447931693623e+23,1.760432741864866054e+21,2.056461229133497958e+19,2.463839338978487680e+17,2.970606792512584000e+15,3.587217669322822656e+13,3.587217669322822656e+13,3.587217669322822656e+13,3.587217669322822656e+13
2.272727272727272790e-02,1.541796410048785762e+23,1.616486355688250147e+21,1.882182400128003277e+19,2.253543651224923840e+17,2.716650100071216500e+15,3.280429066670471875e+13,3.280429066670471875e+13,3.280429066670471875e+13,3.280429066670471875e+13
2.242424242424242292e-02,1.596573976891224553e+23,1.688458858928639836e+21,1.969171048747103846e+19,2.358467725432241920e+17,2.843346233658786000e+15,3.433478908218004297e+13,3.433478908218004297e+13,3.433478908218004297e+13,3.433478908218004297e+13
2.303030303030302942e-02,1.486273342227315950e+23,1.544555252240398418e+21,1.795542702552958362e+19,2.149122305972184000e+17,2.590584257671788500e+15,3.128147459235909766e+13,3.128147459235909766e+13,3.128147459235909766e+13,3.128147459235909766e+13
2.272727272727272790e-02,1.541796410048787104e+23,1.616486355688251458e+21,1.882182400128002048e+19,2.253543651224924480e+17,2.716650100071216000e+15,3.280429066670470703e+13,3.280429066670470703e+13,3.280429066670470703e+13,3.280429066670470703e+13
2.333333333333333440e-02,1.430004362722655024e+23,1.472706123729373757e+21,1.709299138358750413e+19,2.045258341358514240e+17,2.465213860956520500e+15,2.976712524632817578e+13,2.976712524632817578e+13,2.976712524632817578e+13,2.976712524632817578e+13
2.303030303030302942e-02,1.486273342227316117e+23,1.544555252240398680e+21,1.795542702552956928e+19,2.149122305972183360e+17,2.590584257671787500e+15,3.128147459235910938e+13,3.128147459235910938e+13,3.128147459235910938e+13,3.128147459235910938e+13
2.363636363636363591e-02,1.372989055299431338e+23,1.400980101065294479e+21,1.623498617610249421e+19,1.942005832692860800e+17,2.340603309510382500e+15,2.826201774228511719e+13,2.826201774228511719e+13,2.826201774228511719e+13,2.826201774228511719e+13
2.333333333333333440e-02,1.430004362722655863e+23,1.472706123729374282e+21,1.709299138358751437e+19,2.045258341358513920e+17,2.465213860956520500e+15,2.976712524632818359e+13,2.976712524632818359e+13,2.976712524632818359e+13,2.976712524632818359e+13
2.393939393939394089e-02,1.315226998187533439e+23,1.329418871652264706e+21,1.538187742274904883e+19,1.839418240802811520e+17,2.216816205152295000e+15,2.676691741332956250e+13,2.676691741332956250e+13,2.676691741332956250e+13,2.676691741332956250e+13
2.363636363636363591e-02,1.372989055299431673e+23,1.400980101065294742e+21,1.623498617610249011e+19,1.942005832692860800e+17,2.340603309510381500e+15,2.826201774228511719e+13,2.826201774228511719e+13,2.826201774228511719e+13,2.826201774228511719e+13
2.424242424242424240e-02,1.256717764078515886e+23,1.258064680126550376e+21,1.453412769901852877e+19,1.737548374300912320e+17,2.093915309743700000e+15,2.528257931339071484e+13,2.528257931339071484e+13,2.528257931339071484e+13,2.528257931339071484e+13
2.393939393939394089e-02,1.315226998187533942e+23,1.329418871652265492e+21,1.538187742274905293e+19,1.839418240802811840e+17,2.216816205152296250e+15,2.676691741332958984e+13,2.676691741332958984e+13,2.676691741332958984e+13,2.676691741332958984e+13
2.454545454545454392e-02,1.197460920121548897e+23,1.186960329103977742e+21,1.369219576804806042e+19,1.636448352257230400e+17,1.971962503694605500e+15,2.380974772745418750e+13,2.380974772745418750e+13,2.380974772745418750e+13,2.380974772745418750e+13
2.424242424242424240e-02,1.256717764078516222e+23,1.258064680126551425e+21,1.453412769901853286e+19,1.737548374300913280e+17,2.093915309743700750e+15,2.528257931339071875e+13,2.528257931339071875e+13,2.528257931339071875e+13,2.528257931339071875e+13
2.484848484848484890e-02,1.137456027919585588e+23,1.116149179937725874e+21,1.285653620747582669e+19,1.536169567314094400e+17,1.851018745201423500e+15,2.234915569099691797e+13,2.234915569099691797e+13,2.234915569099691797e+13,2.234915569099691797e+13
2.454545454545454392e-02,1.197460920121549065e+23,1.186960329103977218e+21,1.369219576804806042e+19,1.636448352257230400e+17,1.971962503694605250e+15,2.380974772745419531e+13,2.380974772745419531e+13,2.380974772745419531e+13,2.380974772745419531e+13
2.515151515151515041e-02,1.076702643525572845e+23,1.045675153485687685e+21,1.202759903131448934e+19,1.436762649277194240e+17,1.731144030249216500e+15,2.090152451897748438e+13,2.090152451897748438e+13,2.090152451897748438e+13,2.090152451897748438e+13
2.484848484848484890e-02,1.137456027919586595e+23,1.116149179937726398e+21,1.285653620747582874e+19,1.536169567314092800e+17,1.851018745201424500e+15,2.234915569099692188e+13,2.234915569099692188e+13,2.234915569099692188e+13,2.234915569099692188e+13
2.545454545454545539e-02,1.015200317438481997e+23,9.755827308877367214e+20,1.120582930682993869e+19,1.338277429220197600e+17,1.612397353411127250e+15,1.946756334473817188e+13,1.946756334473817188e+13,1.946756334473817188e+13,1.946756334473817188e+13
2.515151515151515041e-02,1.076702643525573012e+23,1.045675153485687554e+21,1.202759903131448730e+19,1.436762649277192960e+17,1.731144030249216500e+15,2.090152451897748828e+13,2.090152451897748828e+13,2.090152451897748828e+13,2.090152451897748828e+13
2.575757575757575690e-02,9.529485945992197125e+22,9.059169543526742753e+20,1.039166676641172275e+19,1.240762904138319360e+17,1.494836669476956000e+15,1.804796866915898438e+13,1.804796866915898438e+13,1.804796866915898438e+13,1.804796866915898438e+13
2.545454545454545539e-02,1.015200317438482333e+23,9.755827308877373768e+20,1.120582930682994483e+19,1.338277429220197760e+17,1.612397353411127500e+15,1.946756334473819531e+13,1.946756334473819531e+13,1.946756334473819531e+13,1.946756334473819531e+13
2.606060606060606188e-02,8.899470143867021217e+22,8.367234279553737687e+20,9.585545414429573120e+18,1.144267202188289120e+17,1.378518855942419750e+15,1.664342392040199219e+13,1.664342392040199219e+13,1.664342392040199219e+13,1.664342392040199219e+13
2.575757575757575690e-02,9.529485945992195447e+22,9.059169543526744064e+20,1.039166676641171456e+19,1.240762904138319200e+17,1.494836669476956000e+15,1.804796866915898828e+13,1.804796866915898828e+13,1.804796866915898828e+13,1.804796866915898828e+13
2.636363636363636340e-02,8.261951106137375271e+22,7.680483184435188204e+20,8.787893129059269632e+18,1.048837548551962400e+17,1.263499676389879750e+15,1.525459902456626953e+13,1.525459902456626953e+13,1.525459902456626953e+13,1.525459902456626953e+13
2.606060606060606188e-02,8.899470143867026250e+22,8.367234279553733755e+20,9.585545414429575168e+18,1.144267202188289600e+17,1.378518855942420000e+15,1.664342392040200586e+13,1.664342392040200586e+13,1.664342392040200586e+13,1.664342392040200586e+13
2.666666666666666491e-02,7.616924115227804225e+22,6.999383560542440653e+20,7.999131259069317120e+18,9.545202319612761600e+16,1.149833744790525750e+15,1.388214998757263086e+13,1.388214998757263086e+13,1.388214998757263086e+13,1.388214998757263086e+13
2.636363636363636340e-02,8.261951106137387015e+22,7.680483184435189514e+20,8.787893129059277824e+18,1.048837548551963040e+17,1.263499676389881000e+15,1.525459902456626953e+13,1.525459902456626953e+13,1.525459902456626953e+13,1.525459902456626953e+13
2.696969696969696989e-02,6.964384397819401103e+22,6.324408353408788726e+20,7.219674215556022272e+18,8.613605719232921600e+16,1.037574490757929375e+15,1.252671848858568359e+13,1.252671848858568359e+13,1.252671848858568359e+13,1.252671848858568359e+13
2.666666666666666491e-02,7.616924115227804225e+22,6.999383560542440653e+20,7.999131259069320192e+18,9.545202319612764800e+16,1.149833744790525750e+15,1.388214998757262305e+13,1.388214998757262305e+13,1.388214998757262305e+13,1.388214998757262305e+13
2.727272727272727140e-02,6.304327124806243294e+22,5.656036160093829202e+20,6.449929058614940672e+18,7.694028866837345600e+16,9.267741257812693750e+14,1.118893148526794727e+13,1.118893148526794727e+13,1.118893148526794727e+13,1.118893148526794727e+13
2.696969696969696989e-02,6.964384397819401103e+22,6.324408353408788726e+20,7.219674215556019200e+18,8.613605719232924800e+16,1.037574490757930375e+15,1.252671848858567969e+13,1.252671848858567969e+13,1.252671848858567969e+13,1.252671848858567969e+13
2.757575757575757638e-02,5.636747411253779182e+22,4.994751237647965225e+20,5.690295078936593408e+18,6.786904619687939200e+16,8.174836104661771250e+14,9.869400831153064453e+12,9.869400831153064453e+12,9.869400831153064453e+12,9.869400831153064453e+12
2.727272727272727140e-02,6.304327124806242455e+22,5.656036160093825925e+20,6.449929058614942720e+18,7.694028866837347200e+16,9.267741257812693750e+14,1.118893148526794531e+13,1.118893148526794531e+13,1.118893148526794531e+13,1.118893148526794531e+13
2.787878787878787790e-02,4.961640316353693247e+22,4.341043511675738522e+20,4.941163374314250240e+18,5.892655205447372000e+16,7.097526228105163750e+14,8.568722905417314453e+12,8.568722905417314453e+12,8.568722905417314453e+12,8.568722905417314453e+12
2.757575757575757638e-02,5.636747411253781699e+22,4.994751237647970468e+20,5.690295078936591360e+18,6.786904619687943200e+16,8.174836104661772500e+14,9.869400831153070312e+12,9.869400831153070312e+12,9.869400831153070312e+12,9.869400831153070312e+12
2.818181818181818288e-02,4.279000843381196299e+22,3.695408584999569326e+20,4.202916421052764160e+18,5.011691926358358400e+16,6.036295275413111250e+14,7.287478255311513672e+12,7.287478255311513672e+12,7.287478255311513672e+12,7.287478255311513672e+12
2.787878787878787790e-02,4.961640316353693247e+22,4.341043511675738522e+20,4.941163374314252288e+18,5.892655205447368000e+16,7.097526228105162500e+14,8.568722905417307617e+12,8.568722905417307617e+12,8.568722905417307617e+12,8.568722905417307617e+12
2.848484848484848439e-02,3.588823939652310689e+22,3.058347746421665300e+20,3.475927640264036352e+18,4.144414872414646400e+16,4.991613465380127500e+14,6.026231251514104492e+12,6.026231251514104492e+12,6.026231251514104492e+12,6.026231251514104492e+12
2.818181818181818288e-02,4.279000843381197138e+22,3.695408584999570637e+20,4.202916421052769280e+18,5.011691926358357600e+16,6.036295275413107500e+14,7.287478255311520508e+12,7.287478255311520508e+12,7.287478255311520508e+12,7.287478255311520508e+12
2.878787878787878937e-02,2.891104496478094937e+22,2.430367979587014492e+20,2.760560959038210048e+18,3.291212643936237600e+16,3.963937303667426250e+14,4.785529756643854492e+12,4.785529756643854492e+12,4.785529756643854492e+12,4.785529756643854492e+12
2.848484848484848439e-02,3.588823939652307334e+22,3.058347746421665300e+20,3.475927640264037376e+18,4.144414872414647200e+16,4.991613465380123750e+14,6.026231251514103516e+12,6.026231251514103516e+12,6.026231251514103516e+12,6.026231251514103516e+12
2.909090909090909088e-02,2.185837349118646472e+22,1.811981971944813036e+20,2.057170366476844544e+18,2.452462083968243600e+16,2.953709309485957500e+14,3.565904807168524414e+12,3.565904807168524414e+12,3.565904807168524414e+12,3.565904807168524414e+12
2.878787878787878937e-02,2.891104496478094937e+22,2.430367979587015148e+20,2.760560959038210560e+18,3.291212643936237200e+16,3.963937303667426250e+14,4.785529756643854492e+12,4.785529756643854492e+12,4.785529756643854492e+12,4.785529756643854492e+12
2.939393939393939240e-02,1.473017276738185252e+22,1.203708123811039478e+20,1.366099464575829248e+18,1.628528020926907200e+16,1.961357753849136250e+14,2.367870308930967285e+12,2.367870308930967285e+12,2.367870308930967285e+12,2.367870308930967285e+12
2.909090909090909088e-02,2.185837349118647311e+22,1.811981971944814674e+20,2.057170366476845056e+18,2.452462083968243600e+16,2.953709309485960000e+14,3.565904807168525879e+12,3.565904807168525879e+12,3.565904807168525879e+12,3.565904807168525879e+12
2.969696969696969738e-02,7.526390023597304316e+21,6.060705575301654118e+19,6.876810139449486080e+17,8.197630219207883000e+15,9.872964096034687500e+13,1.191922746502279785e+12,1.191922746502279785e+12,1.191922746502279785e+12,1.191922746502279785e+12
2.939393939393939240e-02,1.473017276738185252e+22,1.203708123811039150e+20,1.366099464575829504e+18,1.628528020926906200e+16,1.961357753849136250e+14,2.367870308930966309e+12,2.367870308930966309e+12,2.367870308930966309e+12,2.367870308930966309e+12
2.999999999999999889e-02,2.469719281754955776e+20,1.959912673771367936e+18,2.223647435052224400e+16,2.650715718208672188e+14,3.192431344279596191e+12,3.854090655942683411e+10,3.854090655942683411e+10,3.854090655942683411e+10,3.854090655942683411e+10
2.969696969696969738e-02,7.526390023597299073e+21,6.060705575301657395e+19,6.876810139449492480e+17,8.197630219207884000e+15,9.872964096034689062e+13,1.191922746502279541e+12,1.191922746502279541e+12,1.191922746502279541e+12,1.191922746502279541e+12
