x,t=1.00e+00s,t=2.00e+00s,t=3.00e+00s,t=4.00e+00s,t=5.00e+00s,t=6.00e+00s,t=7.00e+00s,t=8.00e+00s,t=9.00e+00s
3.030303030303030300e-04,1.380314007492527647e+24,1.380314370924840709e+24,1.380314735629841165e+24,1.380315100922971089e+24,1.380315466558188179e+24,1.380315832420145450e+24,1.380316198444846281e+24,1.380316564592566517e+24,1.380316930836522475e+24
0.000000000000000000e+00,1.380314003151984574e+24,1.380314366583843980e+24,1.380314731273759169e+24,1.380315096559800249e+24,1.380315462190907592e+24,1.380315828050144807e+24,1.380316194072895454e+24,1.380316560219143859e+24,1.380316926461946886e+24
6.060606060606060601e-04,1.380314052937646936e+24,1.380314416835676992e+24,1.380314781694233804e+24,1.380315147059990014e+24,1.380315512737798415e+24,1.380315878628100860e+24,1.380316244673192853e+24,1.380316610836348933e+24,1.380316977092389318e+24
3.030303030303030300e-04,1.380314007492527110e+24,1.380314370924839636e+24,1.380314735629840629e+24,1.380315100922970016e+24,1.380315466558187642e+24,1.380315832420144377e+24,1.380316198444844402e+24,1.380316564592565980e+24,1.380316930836521669e+24
9.090909090909090901e-04,1.380314124702353195e+24,1.380314489107424811e+24,1.380314854165602575e+24,1.380315219633976291e+24,1.380315585374352702e+24,1.380315951307110094e+24,1.380316317383076191e+24,1.380316683569761175e+24,1.380317049844301864e+24
6.060606060606060601e-04,1.380314052937645325e+24,1.380314416835675650e+24,1.380314781694233535e+24,1.380315147059990014e+24,1.380315512737797610e+24,1.380315878628100592e+24,1.380316244673192316e+24,1.380316610836348396e+24,1.380316977092388513e+24
1.212121212121212120e-03,1.380314224830971669e+24,1.380314589666336999e+24,1.380314954941066478e+24,1.380315320532917283e+24,1.380315686352342030e+24,1.380316052340126006e+24,1.380316418456707460e+24,1.380316784674635380e+24,1.380317150973887968e+24
9.090909090909090901e-04,1.380314124702352390e+24,1.380314489107424811e+24,1.380314854165602038e+24,1.380315219633975218e+24,1.380315585374352702e+24,1.380315951307109557e+24,1.380316317383075922e+24,1.380316683569760102e+24,1.380317049844300522e+24
1.515151515151515150e-03,1.380314353625274813e+24,1.380314718822077211e+24,1.380315084310743842e+24,1.380315450036545013e+24,1.380315815946182327e+24,1.380316181998601534e+24,1.380316548163742695e+24,1.380316914419453978e+24,1.380317280748816434e+24
1.212121212121212120e-03,1.380314224830970864e+24,1.380314589666337536e+24,1.380314954941065404e+24,1.380315320532915404e+24,1.380315686352342030e+24,1.380316052340125200e+24,1.380316418456707460e+24,1.380316784674634306e+24,1.380317150973888236e+24
1.818181818181818180e-03,1.380314511190522881e+24,1.380314876689276511e+24,1.380315242378827085e+24,1.380315608240748923e+24,1.380315974246639675e+24,1.380316340370140054e+24,1.380316706589737910e+24,1.380317072888379539e+24,1.380317439252240783e+24
1.515151515151515150e-03,1.380314353625274008e+24,1.380314718822076674e+24,1.380315084310741963e+24,1.380315450036543939e+24,1.380315815946181790e+24,1.380316181998600997e+24,1.380316548163742426e+24,1.380316914419453710e+24,1.380317280748816703e+24
2.121212121212120993e-03,1.380314697577630024e+24,1.380315063327749032e+24,1.380315429200045900e+24,1.380315795194310713e+24,1.380316161298120009e+24,1.380316527496157129e+24,1.380316893774044402e+24,1.380317260119292600e+24,1.380317626520941235e+24
1.818181818181818180e-03,1.380314511190523149e+24,1.380314876689277316e+24,1.380315242378827890e+24,1.380315608240749996e+24,1.380315974246639407e+24,1.380316340370140859e+24,1.380316706589737642e+24,1.380317072888379270e+24,1.380317439252240246e+24
2.424242424242424240e-03,1.380314912815318301e+24,1.380315278774345860e+24,1.380315644809416620e+24,1.380316010928375608e+24,1.380316377128334457e+24,1.380316743401746643e+24,1.380317109739824662e+24,1.380317476133909859e+24,1.380317842575516454e+24
2.121212121212120993e-03,1.380314697577629487e+24,1.380315063327749032e+24,1.380315429200047779e+24,1.380315795194312055e+24,1.380316161298120277e+24,1.380316527496157398e+24,1.380316893774045744e+24,1.380317260119291258e+24,1.380317626520940967e+24
2.727272727272727487e-03,1.380315156921057758e+24,1.380315523053681721e+24,1.380315889231655707e+24,1.380316255465413265e+24,1.380316621757258645e+24,1.380316988104746132e+24,1.380317354503211927e+24,1.380317720947020498e+24,1.380318087429653963e+24
2.424242424242424240e-03,1.380314912815318032e+24,1.380315278774345860e+24,1.380315644809417425e+24,1.380316010928375876e+24,1.380316377128334726e+24,1.380316743401747448e+24,1.380317109739825467e+24,1.380317476133908785e+24,1.380317842575516722e+24
3.030303030303030300e-03,1.380315429905823917e+24,1.380315796182844949e+24,1.380316162485010599e+24,1.380316528822637109e+24,1.380316895200435790e+24,1.380317261619058941e+24,1.380317628076687106e+24,1.380317994569907665e+24,1.380318361093598333e+24
2.727272727272727487e-03,1.380315156921058832e+24,1.380315523053681990e+24,1.380315889231655707e+24,1.380316255465414339e+24,1.380316621757258645e+24,1.380316988104746400e+24,1.380317354503213538e+24,1.380317720947020767e+24,1.380318087429655036e+24
3.333333333333333114e-03,1.380315731776544291e+24,1.380316098173871384e+24,1.380316464583204521e+24,1.380316831013564207e+24,1.380317197470405050e+24,1.380317563956048750e+24,1.380317930470481615e+24,1.380318297011777891e+24,1.380318663575593216e+24
3.030303030303030300e-03,1.380315429905824991e+24,1.380315796182846023e+24,1.380316162485011136e+24,1.380316528822638183e+24,1.380316895200436059e+24,1.380317261619060284e+24,1.380317628076687375e+24,1.380317994569907665e+24,1.380318361093599675e+24
3.636363636363636360e-03,1.380316062537485931e+24,1.380316429035246270e+24,1.380316795536589954e+24,1.380317162048880168e+24,1.380317528577404016e+24,1.380317895125185155e+24,1.380318261693217602e+24,1.380318628280403992e+24,1.380318994882524252e+24
3.333333333333333114e-03,1.380315731776544023e+24,1.380316098173872458e+24,1.380316464583204789e+24,1.380316831013564207e+24,1.380317197470405050e+24,1.380317563956049287e+24,1.380317930470480810e+24,1.380318297011777622e+24,1.380318663575594290e+24
3.939393939393939607e-03,1.380316422191106362e+24,1.380316788772874920e+24,1.380317155352920390e+24,1.380317521937000177e+24,1.380317888529781299e+24,1.380318255134388882e+24,1.380318621752219058e+24,1.380318988382427062e+24,1.380319355020205214e+24
3.636363636363636360e-03,1.380316062537485394e+24,1.380316429035246807e+24,1.380316795536589954e+24,1.380317162048881242e+24,1.380317528577402674e+24,1.380317895125185155e+24,1.380318261693217333e+24,1.380318628280403992e+24,1.380318994882525057e+24
4.242424242424241987e-03,1.380316810738604150e+24,1.380317177390754605e+24,1.380317544037927998e+24,1.380317910684479695e+24,1.380318277334297983e+24,1.380318643990248410e+24,1.380319010653693018e+24,1.380319377323500620e+24,1.380319743993488880e+24
3.939393939393939607e-03,1.380316422191105557e+24,1.380316788772873846e+24,1.380317155352920927e+24,1.380317521937000714e+24,1.380317888529781030e+24,1.380318255134388345e+24,1.380318621752219058e+24,1.380318988382426257e+24,1.380319355020205214e+24
4.545454545454545234e-03,1.380317228180274573e+24,1.380317594891457474e+24,1.380317961595736484e+24,1.380318328296333365e+24,1.380318694996345056e+24,1.380319061698178619e+24,1.380319428402830754e+24,1.380319795108367921e+24,1.380320161806287158e+24
4.242424242424241987e-03,1.380316810738603882e+24,1.380317177390753531e+24,1.380317544037928535e+24,1.380317910684479963e+24,1.380318277334298519e+24,1.380318643990248141e+24,1.380319010653692481e+24,1.380319377323500620e+24,1.380319743993488611e+24
4.848484848484848481e-03,1.380317674515763565e+24,1.380318041276472002e+24,1.380318408029208981e+24,1.380318774776305593e+24,1.380319141520136689e+24,1.380319508262548566e+24,1.380319875003901196e+24,1.380320241740898193e+24,1.380320608461525459e+24
4.545454545454545234e-03,1.380317228180274573e+24,1.380317594891457206e+24,1.380317961595737558e+24,1.380318328296333902e+24,1.380318694996344788e+24,1.380319061698178351e+24,1.380319428402830754e+24,1.380319795108368190e+24,1.380320161806286890e+24
5.151515151515151728e-03,1.380318149744234143e+24,1.380318516546463372e+24,1.380318883340195277e+24,1.380319250127085030e+24,1.380319616908875851e+24,1.380319983686797981e+24,1.380320350460308374e+24,1.380320717224083418e+24,1.380321083961043908e+24
4.848484848484848481e-03,1.380317674515763565e+24,1.380318041276472539e+24,1.380318408029209518e+24,1.380318774776306667e+24,1.380319141520136957e+24,1.380319508262549371e+24,1.380319875003901733e+24,1.380320241740897925e+24,1.380320608461525996e+24
5.454545454545454974e-03,1.380318653864493382e+24,1.380319020701457354e+24,1.380319387529741196e+24,1.380319754350488982e+24,1.380320121164901154e+24,1.380320487973539279e+24,1.380320854774653695e+24,1.380321221560033499e+24,1.380321588305428230e+24
5.151515151515151728e-03,1.380318149744234412e+24,1.380318516546463909e+24,1.380318883340195277e+24,1.380319250127085835e+24,1.380319616908875583e+24,1.380319983686799055e+24,1.380320350460308911e+24,1.380320717224083418e+24,1.380321083961044713e+24
5.757575757575757354e-03,1.380319186875072939e+24,1.380319553740991164e+24,1.380319920598248050e+24,1.380320287447614545e+24,1.380320654289804955e+24,1.380321021124642381e+24,1.380321387948765474e+24,1.380321754749906733e+24,1.380322121493753398e+24
5.454545454545454974e-03,1.380318653864493651e+24,1.380319020701457085e+24,1.380319387529740391e+24,1.380319754350488445e+24,1.380320121164900080e+24,1.380320487973539279e+24,1.380320854774653695e+24,1.380321221560032425e+24,1.380321588305429036e+24
6.060606060606060601e-03,1.380319748774299655e+24,1.380320115664211983e+24,1.380320482545604170e+24,1.380320849418960473e+24,1.380321216284548791e+24,1.380321583141318199e+24,1.380321949983727384e+24,1.380322316793820429e+24,1.380322683523199765e+24
5.757575757575757354e-03,1.380319186875073207e+24,1.380319553740990090e+24,1.380319920598249124e+24,1.380320287447613203e+24,1.380320654289804687e+24,1.380321021124643186e+24,1.380321387948766279e+24,1.380321754749906465e+24,1.380322121493753935e+24
6.363636363636363848e-03,1.380320339560339580e+24,1.380320706469965003e+24,1.380321073371281007e+24,1.380321440264536162e+24,1.380321807149552227e+24,1.380322174024174472e+24,1.380322540879864232e+24,1.380322907690671047e+24,1.380323274388488816e+24
6.060606060606060601e-03,1.380319748774300729e+24,1.380320115664211447e+24,1.380320482545604976e+24,1.380320849418959937e+24,1.380321216284549865e+24,1.380321583141319541e+24,1.380321949983728189e+24,1.380322316793820698e+24,1.380322683523199765e+24
6.666666666666666227e-03,1.380320959231232867e+24,1.380321326156857043e+24,1.380321693074414197e+24,1.380322059983944057e+24,1.380322426884762381e+24,1.380322793773260322e+24,1.380323160636698472e+24,1.380323527437862549e+24,1.380323894081060682e+24
6.363636363636363848e-03,1.380320339560339044e+24,1.380320706469964466e+24,1.380321073371281007e+24,1.380321440264536162e+24,1.380321807149551959e+24,1.380322174024175277e+24,1.380322540879863964e+24,1.380322907690670511e+24,1.380323274388488279e+24
6.969696969696969474e-03,1.380321607784918468e+24,1.380321974723303528e+24,1.380322341653863964e+24,1.380322708576441398e+24,1.380323075489716469e+24,1.380323442388075387e+24,1.380323809252839877e+24,1.380324176030879313e+24,1.380324542587878525e+24
6.666666666666666227e-03,1.380320959231232599e+24,1.380321326156857848e+24,1.380321693074414197e+24,1.380322059983944057e+24,1.380322426884762649e+24,1.380322793773261128e+24,1.380323160636697398e+24,1.380323527437861207e+24,1.380323894081061218e+24
7.272727272727272721e-03,1.380322285219260442e+24,1.380322652167559629e+24,1.380323019108272830e+24,1.380323386041000882e+24,1.380323752963581269e+24,1.380324119867564178e+24,1.380324486725811323e+24,1.380324853462658802e+24,1.380325219889699552e+24
6.969696969696969474e-03,1.380321607784919273e+24,1.380321974723304065e+24,1.380322341653864769e+24,1.380322708576441666e+24,1.380323075489717006e+24,1.380323442388076193e+24,1.380323809252839877e+24,1.380324176030879044e+24,1.380324542587879062e+24
7.575757575757575968e-03,1.380322991532056812e+24,1.380323358487763208e+24,1.380323725436094071e+24,1.380324092376349590e+24,1.380324459305173516e+24,1.380324826210055685e+24,1.380325193051747073e+24,1.380325559722648281e+24,1.380325925958587146e+24
7.272727272727272721e-03,1.380322285219260442e+24,1.380322652167560166e+24,1.380323019108272830e+24,1.380323386041001419e+24,1.380323752963582074e+24,1.380324119867564984e+24,1.380324486725811323e+24,1.380324853462659339e+24,1.380325219889699283e+24
7.878787878787879215e-03,1.380323726721051380e+24,1.380324093681940459e+24,1.380324460635630636e+24,1.380324827580995824e+24,1.380325194512965545e+24,1.380325561413150362e+24,1.380325928224932940e+24,1.380326294795419155e+24,1.380326660754346856e+24
7.575757575757575968e-03,1.380322991532056007e+24,1.380323358487763208e+24,1.380323725436095144e+24,1.380324092376349590e+24,1.380324459305174590e+24,1.380324826210056490e+24,1.380325193051747341e+24,1.380325559722648550e+24,1.380325925958586877e+24
8.181818181818182462e-03,1.380324490783950364e+24,1.380324857748044831e+24,1.380325224705056360e+24,1.380325591653251126e+24,1.380325958585049854e+24,1.380326325473526321e+24,1.380326692237104065e+24,1.380327058658656384e+24,1.380327424219413236e+24
7.878787878787879215e-03,1.380323726721051380e+24,1.380324093681942070e+24,1.380324460635631173e+24,1.380324827580995824e+24,1.380325194512965814e+24,1.380325561413151436e+24,1.380325928224933477e+24,1.380326294795419960e+24,1.380326660754347125e+24
8.484848484848483974e-03,1.380325283718424013e+24,1.380325650683948436e+24,1.380326017642430722e+24,1.380326384591232689e+24,1.380326751519085148e+24,1.380327118386627139e+24,1.380327485076412245e+24,1.380327851280226633e+24,1.380328216271565042e+24
8.181818181818182462e-03,1.380324490783951975e+24,1.380324857748045905e+24,1.380325224705058507e+24,1.380325591653251931e+24,1.380325958585051196e+24,1.380326325473527663e+24,1.380326692237105139e+24,1.380327058658656384e+24,1.380327424219414578e+24
8.787878787878787221e-03,1.380326105522111974e+24,1.380326472487470503e+24,1.380326839445715493e+24,1.380327206392855844e+24,1.380327573312173129e+24,1.380327940146183774e+24,1.380328306725879472e+24,1.380328672613945850e+24,1.380329036793504839e+24
8.484848484848483974e-03,1.380325283718424550e+24,1.380325650683948704e+24,1.380326017642430990e+24,1.380326384591233226e+24,1.380326751519086221e+24,1.380327118386627676e+24,1.380327485076412782e+24,1.380327851280227170e+24,1.380328216271566116e+24
9.090909090909090468e-03,1.380326956192631345e+24,1.380327323156377382e+24,1.380327690112770435e+24,1.380328057055797819e+24,1.380328423960673545e+24,1.380328790743488985e+24,1.380329157161141473e+24,1.380329522593453570e+24,1.380329885618048340e+24
8.787878787878787221e-03,1.380326105522112242e+24,1.380326472487470235e+24,1.380326839445715224e+24,1.380327206392855844e+24,1.380327573312173666e+24,1.380327940146183237e+24,1.380328306725880009e+24,1.380328672613945850e+24,1.380329036793505913e+24
9.393939393939393714e-03,1.380327835727577213e+24,1.380328202688391935e+24,1.380328569641363778e+24,1.380328936577443784e+24,1.380329303459905954e+24,1.380329670166308826e+24,1.380330036347127422e+24,1.380330401123386217e+24,1.380330762507039877e+24
9.090909090909090468e-03,1.380326956192632419e+24,1.380327323156376845e+24,1.380327690112771509e+24,1.380328057055798356e+24,1.380328423960674082e+24,1.380328790743488985e+24,1.380329157161141741e+24,1.380329522593453838e+24,1.380329885618048340e+24
9.696969696969696961e-03,1.380328744124530437e+24,1.380329111081194074e+24,1.380329478029154227e+24,1.380329844954788872e+24,1.380330211803692316e+24,1.380330578397265054e+24,1.380330944233224352e+24,1.380331308066669374e+24,1.380331667121421309e+24
9.393939393939393714e-03,1.380327835727578287e+24,1.380328202688391130e+24,1.380328569641364584e+24,1.380328936577444589e+24,1.380329303459905418e+24,1.380329670166308826e+24,1.380330036347128764e+24,1.380330401123386217e+24,1.380330762507040951e+24
1.000000000000000021e-02,1.380329681381053088e+24,1.380330048332424251e+24,1.380330415273664122e+24,1.380330782184269603e+24,1.380331148983665496e+24,1.380331515411434779e+24,1.380331880746205217e+24,1.380332243226250210e+24,1.380332598978767147e+24
9.696969696969696961e-03,1.380328744124530706e+24,1.380329111081193805e+24,1.380329478029155032e+24,1.380329844954788067e+24,1.380330211803691779e+24,1.380330578397264785e+24,1.380330944233225157e+24,1.380331308066670180e+24,1.380331667121422115e+24
1.030303030303030346e-02,1.380330647494694080e+24,1.380331014439683458e+24,1.380331381372245886e+24,1.380331748261525511e+24,1.380332114988221835e+24,1.380332481172791280e+24,1.380332845779942180e+24,1.380333206318862477e+24,1.380333557393140511e+24
1.000000000000000021e-02,1.380329681381053356e+24,1.380330048332423982e+24,1.380330415273664928e+24,1.380330782184269603e+24,1.380331148983666033e+24,1.380331515411433974e+24,1.380331880746205753e+24,1.380332243226251015e+24,1.380332598978767684e+24
1.060606060606060670e-02,1.380331642462994008e+24,1.380332009400520076e+24,1.380332376322004440e+24,1.380332743181010721e+24,1.380333109800949458e+24,1.380333475628968434e+24,1.380333839180440265e+24,1.380334196937413875e+24,1.380334541390026744e+24
1.030303030303030346e-02,1.380330647494694617e+24,1.380331014439683190e+24,1.380331381372246154e+24,1.380331748261526048e+24,1.380332114988222640e+24,1.380332481172791817e+24,1.380332845779942717e+24,1.380333206318862477e+24,1.380333557393142122e+24
1.090909090909090995e-02,1.380332666283476019e+24,1.380333033212426110e+24,1.380333400119691180e+24,1.380333766935400700e+24,1.380334133398264699e+24,1.380334498703512873e+24,1.380334860724094345e+24,1.380335214497119643e+24,1.380335549586180089e+24
1.060606060606060670e-02,1.380331642462994008e+24,1.380332009400520613e+24,1.380332376322004977e+24,1.380332743181010721e+24,1.380333109800950800e+24,1.380333475628968971e+24,1.380333839180441338e+24,1.380334196937413875e+24,1.380334541390027818e+24
1.121212121212121146e-02,1.380333718953655204e+24,1.380334085872808744e+24,1.380334452761527876e+24,1.380334819514698378e+24,1.380335185745887009e+24,1.380335550284481373e+24,1.380335910086132952e+24,1.380336258158472318e+24,1.380336580020198233e+24
1.090909090909090995e-02,1.380332666283476287e+24,1.380333033212427184e+24,1.380333400119691448e+24,1.380333766935401506e+24,1.380334133398267115e+24,1.380334498703513141e+24,1.380334860724094613e+24,1.380335214497120716e+24,1.380335549586181162e+24
1.151515151515151471e-02,1.380334800471030820e+24,1.380335167378958389e+24,1.380335534242936094e+24,1.380335900904869411e+24,1.380336266793554264e+24,1.380336630207676261e+24,1.380336986794900765e+24,1.380337326717229374e+24,1.380337629913981173e+24
1.121212121212121146e-02,1.380333718953654936e+24,1.380334085872808744e+24,1.380334452761527339e+24,1.380334819514698378e+24,1.380335185745888082e+24,1.380335550284482178e+24,1.380335910086133221e+24,1.380336258158472586e+24,1.380336580020198770e+24
1.181818181818181795e-02,1.380335910833083600e+24,1.380336277727989096e+24,1.380336644558114137e+24,1.380337011085754564e+24,1.380337376467134792e+24,1.380337738231967872e+24,1.380338090165675842e+24,1.380338418447547057e+24,1.380338695337466059e+24
1.151515151515151471e-02,1.380334800471030820e+24,1.380335167378958657e+24,1.380335534242935557e+24,1.380335900904869142e+24,1.380336266793555069e+24,1.380336630207676529e+24,1.380336986794901033e+24,1.380337326717229374e+24,1.380337629913981710e+24
1.212121212121212120e-02,1.380337050037275217e+24,1.380337416916749701e+24,1.380337783699385021e+24,1.380338150027927675e+24,1.380338514656857818e+24,1.380338874003105157e+24,1.380339219205001109e+24,1.380339530878647718e+24,1.380339770738247215e+24
1.181818181818181795e-02,1.380335910833084674e+24,1.380336277727989633e+24,1.380336644558113600e+24,1.380337011085754296e+24,1.380337376467135597e+24,1.380337738231968409e+24,1.380338090165675036e+24,1.380338418447547057e+24,1.380338695337466059e+24
1.242424242424242445e-02,1.380338218081027887e+24,1.380338584941674308e+24,1.380338951656194131e+24,1.380339317687904884e+24,1.380339681199761547e+24,1.380340037000596866e+24,1.380340372472609481e+24,1.380340660477368585e+24,1.380340848282869887e+24
1.212121212121212120e-02,1.380337050037275754e+24,1.380337416916749970e+24,1.380337783699385826e+24,1.380338150027929017e+24,1.380338514656858623e+24,1.380338874003104352e+24,1.380339219205001646e+24,1.380339530878647718e+24,1.380339770738246678e+24
1.272727272727272770e-02,1.380339414961716579e+24,1.380339781798559754e+24,1.380340148413548810e+24,1.380340514000894463e+24,1.380340875853557746e+24,1.380341226459940969e+24,1.380341547882401520e+24,1.380341802197733775e+24,1.380341916936220914e+24
1.242424242424242445e-02,1.380338218081027887e+24,1.380338584941675382e+24,1.380338951656194399e+24,1.380339317687905421e+24,1.380339681199762352e+24,1.380340037000596598e+24,1.380340372472610018e+24,1.380340660477369390e+24,1.380340848282870424e+24
1.303030303030303094e-02,1.380340640676637074e+24,1.380341007482200540e+24,1.380341373949621767e+24,1.380341738869824244e+24,1.380342098257731423e+24,1.380342441258828419e+24,1.380342742416032050e+24,1.380342948842958381e+24,1.380342961177519534e+24
1.272727272727272770e-02,1.380339414961717653e+24,1.380339781798560023e+24,1.380340148413548810e+24,1.380340514000895268e+24,1.380340875853558819e+24,1.380341226459940969e+24,1.380341547882402325e+24,1.380341802197733507e+24,1.380341916936222794e+24
1.333333333333333245e-02,1.380341895222964626e+24,1.380342261985826721e+24,1.380342628232057938e+24,1.380342992148725200e+24,1.380343347875727616e+24,1.380343679750894636e+24,1.380343951711425180e+24,1.380344090163566537e+24,1.380343959213357314e+24
1.303030303030303094e-02,1.380340640676637879e+24,1.380341007482201882e+24,1.380341373949622840e+24,1.380341738869824781e+24,1.380342098257732228e+24,1.380342441258830029e+24,1.380342742416033392e+24,1.380342948842959186e+24,1.380342961177520608e+24
1.363636363636363570e-02,1.380343178597677188e+24,1.380343545300216468e+24,1.380343911212283123e+24,1.380344273617617429e+24,1.380344623909105998e+24,1.380344939523183775e+24,1.380345169472589692e+24,1.380345211584995016e+24,1.380344880496460652e+24
1.333333333333333245e-02,1.380341895222964894e+24,1.380342261985827795e+24,1.380342628232059012e+24,1.380342992148725737e+24,1.380343347875727884e+24,1.380343679750895709e+24,1.380343951711427059e+24,1.380344090163567342e+24,1.380343959213357583e+24
1.393939393939393895e-02,1.380344490797448309e+24,1.380344857412297510e+24,1.380345222816728827e+24,1.380345582944563308e+24,1.380345925170236439e+24,1.380346217042844985e+24,1.380346386624672275e+24,1.380346292416234037e+24,1.380345682288637286e+24
1.363636363636363570e-02,1.380343178597678262e+24,1.380343545300216736e+24,1.380343911212283660e+24,1.380344273617617966e+24,1.380344623909105729e+24,1.380344939523184311e+24,1.380345169472589692e+24,1.380345211584995016e+24,1.380344880496460115e+24
1.424242424242424220e-02,1.380345831818457883e+24,1.380346198302957242e+24,1.380346562933346064e+24,1.380346919628396258e+24,1.380347249893717999e+24,1.380347507143286012e+24,1.380347590106620205e+24,1.380347303333526994e+24,1.380346304911717683e+24
1.393939393939393895e-02,1.380344490797448309e+24,1.380344857412296973e+24,1.380345222816728558e+24,1.380345582944563845e+24,1.380345925170236439e+24,1.380346217042845253e+24,1.380346386624672006e+24,1.380346292416234842e+24,1.380345682288638360e+24
1.454545454545454544e-02,1.380347201656097142e+24,1.380347567943605411e+24,1.380347931390842679e+24,1.380348282912342236e+24,1.380348595457435294e+24,1.380348802278093893e+24,1.380348761149452975e+24,1.380348202853911321e+24,1.380346665202924936e+24
1.424242424242424220e-02,1.380345831818457883e+24,1.380346198302957242e+24,1.380346562933346064e+24,1.380346919628394916e+24,1.380347249893717731e+24,1.380347507143287354e+24,1.380347590106620742e+24,1.380347303333526994e+24,1.380346304911717683e+24
1.484848484848484869e-02,1.380348600304503188e+24,1.380348966290770234e+24,1.380349327926780334e+24,1.380349671653911487e+24,1.380349957970494235e+24,1.380350091439661780e+24,1.380349872826245710e+24,1.380348932405308462e+24,1.380346647520870459e+24
1.454545454545454544e-02,1.380347201656097679e+24,1.380347567943604874e+24,1.380347931390841874e+24,1.380348282912341431e+24,1.380348595457435831e+24,1.380348802278094698e+24,1.380348761149453244e+24,1.380348202853910784e+24,1.380346665202924667e+24
1.515151515151515194e-02,1.380350027755791265e+24,1.380350393277624170e+24,1.380350752138539936e+24,1.380351084129092326e+24,1.380351331665423490e+24,1.380351358594808038e+24,1.380350886573533152e+24,1.380349409452414223e+24,1.380346091421483290e+24
1.484848484848484869e-02,1.380348600304503724e+24,1.380348966290770234e+24,1.380349327926779529e+24,1.380349671653912024e+24,1.380349957970495577e+24,1.380350091439662854e+24,1.380349872826245441e+24,1.380348932405306851e+24,1.380346647520871264e+24
1.545454545454545518e-02,1.380351483998842508e+24,1.380351848800682397e+24,1.380352203408065490e+24,1.380352517737999048e+24,1.380352708003061960e+24,1.380352580426056432e+24,1.380351747264005871e+24,1.380349517937789488e+24,1.380344774822711370e+24
1.515151515151515194e-02,1.380350027755791265e+24,1.380350393277625244e+24,1.380350752138539936e+24,1.380351084129091790e+24,1.380351331665424295e+24,1.380351358594809112e+24,1.380350886573533152e+24,1.380349409452413686e+24,1.380346091421483290e+24
1.575757575757575843e-02,1.380352969017350269e+24,1.380353332698941355e+24,1.380353680786379678e+24,1.380353968562986092e+24,1.380354074356518790e+24,1.380353723077280085e+24,1.380352376244512966e+24,1.380349095027737981e+24,1.380342391080986419e+24
1.545454545454545518e-02,1.380351483998842776e+24,1.380351848800683471e+24,1.380352203408066564e+24,1.380352517737999317e+24,1.380352708003062228e+24,1.380352580426057506e+24,1.380351747264005871e+24,1.380349517937790025e+24,1.380344774822711639e+24
1.606060606060605994e-02,1.380354482786679153e+24,1.380354844721145188e+24,1.380355182816569730e+24,1.380355430706033373e+24,1.380355412079657859e+24,1.380354737475110654e+24,1.380352661525048402e+24,1.380347912790107583e+24,1.380338517883913171e+24
1.575757575757575843e-02,1.380352969017351343e+24,1.380353332698940818e+24,1.380353680786381288e+24,1.380353968562986897e+24,1.380354074356520132e+24,1.380353723077281964e+24,1.380352376244514576e+24,1.380349095027739323e+24,1.380342391080988029e+24
1.636363636363636492e-02,1.380356025268825947e+24,1.380356384474491221e+24,1.380356707262657152e+24,1.380356895296591122e+24,1.380356693677542988e+24,1.380355552618571891e+24,1.380352443991210747e+24,1.380345652947051197e+24,1.380332575189106235e+24
1.606060606060605994e-02,1.380354482786680495e+24,1.380354844721145188e+24,1.380355182816569462e+24,1.380355430706033642e+24,1.380355412079658664e+24,1.380354737475111996e+24,1.380352661525048670e+24,1.380347912790107314e+24,1.380338517883914514e+24
1.666666666666666644e-02,1.380357596404327096e+24,1.380357951344206961e+24,1.380358250694693676e+24,1.380358349008115358e+24,1.380357878669542087e+24,1.380356065978320738e+24,1.380351498085255323e+24,1.380341872202699592e+24,1.380323768567490587e+24
1.636363636363636492e-02,1.380356025268827289e+24,1.380356384474492563e+24,1.380356707262657420e+24,1.380356895296591390e+24,1.380356693677544598e+24,1.380355552618573233e+24,1.380352443991211284e+24,1.380345652947052002e+24,1.380332575189107577e+24
1.696969696969696795e-02,1.380359196099243076e+24,1.380359544367559651e+24,1.380359807854483182e+24,1.380359771843474307e+24,1.380358907553735510e+24,1.380356129796482801e+24,1.380349504820687441e+24,1.380335954797167437e+24,1.380311013192030688e+24
1.666666666666666644e-02,1.380357596404327633e+24,1.380357951344207498e+24,1.380358250694695019e+24,1.380358349008116432e+24,1.380357878669543966e+24,1.380356065978322348e+24,1.380351498085256397e+24,1.380341872202701471e+24,1.380323768567491929e+24
1.727272727272727293e-02,1.380360824204249954e+24,1.380361162036540103e+24,1.380361370686931543e+24,1.380361133834333407e+24,1.380359693020819031e+24,1.380355531590856539e+24,1.380346014211943642e+24,1.380327047826044220e+24,1.380292832292581600e+24
1.696969696969696795e-02,1.380359196099243613e+24,1.380359544367559651e+24,1.380359807854484524e+24,1.380359771843475381e+24,1.380358907553737389e+24,1.380356129796481996e+24,1.380349504820689051e+24,1.380335954797168511e+24,1.380311013192031762e+24
1.757575757575757444e-02,1.380362480481019726e+24,1.380362801988998714e+24,1.380362926862445809e+24,1.380362390130643236e+24,1.380360107194377166e+24,1.380353966493412614e+24,1.380340393149725311e+24,1.380313973418071207e+24,1.380267222109310140e+24
1.727272727272727293e-02,1.380360824204250222e+24,1.380361162036541982e+24,1.380361370686932348e+24,1.380361133834335018e+24,1.380359693020820373e+24,1.380355531590856807e+24,1.380346014211945789e+24,1.380327047826044757e+24,1.380292832292582673e+24
1.787878787878787942e-02,1.380364164548161981e+24,1.380364460525388361e+24,1.380364457525684954e+24,1.380363473708741476e+24,1.380359963147071853e+24,1.380350998125613045e+24,1.380331753351402670e+24,1.380295109997900700e+24,1.380231473149481966e+24
1.757575757575757444e-02,1.380362480481020263e+24,1.380362801988998714e+24,1.380362926862445809e+24,1.380362390130645115e+24,1.380360107194377702e+24,1.380353966493413956e+24,1.380340393149726116e+24,1.380313973418071744e+24,1.380267222109310140e+24
1.818181818181818094e-02,1.380365875794270138e+24,1.380366131853091754e+24,1.380365933870040257e+24,1.380364284564885022e+24,1.380358988196739124e+24,1.380346003444056635e+24,1.380318852162151502e+24,1.380268232476918955e+24,1.380181934810719161e+24
1.787878787878787942e-02,1.380364164548163323e+24,1.380364460525389166e+24,1.380364457525685223e+24,1.380363473708742282e+24,1.380359963147072658e+24,1.380350998125613851e+24,1.380331753351403476e+24,1.380295109997901505e+24,1.380231473149483040e+24
1.848484848484848592e-02,1.380367613238037319e+24,1.380367806905480712e+24,1.380367311932597723e+24,1.380364673734667468e+24,1.380356785437108179e+24,1.380338095264462105e+24,1.380299956549164760e+24,1.380230298200924586e+24,1.380113707105984058e+24
1.818181818181818094e-02,1.380365875794271212e+24,1.380366131853092291e+24,1.380365933870041063e+24,1.380364284564885828e+24,1.380358988196738855e+24,1.380346003444057172e+24,1.380318852162152038e+24,1.380268232476920029e+24,1.380181934810720234e+24
1.878787878787878743e-02,1.380369375303169990e+24,1.380369471497593321e+24,1.380368524696965070e+24,1.380364419715090688e+24,1.380352778488713000e+24,1.380326013841385470e+24,1.380272657466245775e+24,1.380177161717429131e+24,1.380020239251405380e+24
1.848484848484848592e-02,1.380367613238038661e+24,1.380367806905483128e+24,1.380367311932599334e+24,1.380364673734668810e+24,1.380356785437108448e+24,1.380338095264463178e+24,1.380299956549165297e+24,1.380230298200925928e+24,1.380113707105984595e+24
1.909090909090909241e-02,1.380371159456118485e+24,1.380371103447833148e+24,1.380369470130772056e+24,1.380363193762818220e+24,1.380346132409945871e+24,1.380307975757386018e+24,1.380233617690725987e+24,1.380103196784396996e+24,1.379892810223227631e+24
1.878787878787878743e-02,1.380369375303170796e+24,1.380369471497594932e+24,1.380368524696965070e+24,1.380364419715091225e+24,1.380352778488714073e+24,1.380326013841385470e+24,1.380272657466246849e+24,1.380177161717430473e+24,1.380020239251406454e+24
1.939393939393939392e-02,1.380372961622919223e+24,1.380372668089575137e+24,1.380369993096442625e+24,1.380360508955007369e+24,1.380335640877385271e+24,1.380281464223657821e+24,1.380178231047029470e+24,1.380000798413932150e+24,1.379719861066084626e+24
1.909090909090909241e-02,1.380371159456120096e+24,1.380371103447835027e+24,1.380369470130773666e+24,1.380363193762818757e+24,1.380346132409947213e+24,1.380307975757386555e+24,1.380233617690727597e+24,1.380103196784398875e+24,1.379892810223229778e+24
1.969696969696969543e-02,1.380374775250267081e+24,1.380374111277935040e+24,1.380369858048207805e+24,1.380355645626352826e+24,1.380319565853725041e+24,1.380242939428231205e+24,1.380100164414893694e+24,1.379859731048508850e+24,1.379486142826958274e+24
1.939393939393939392e-02,1.380372961622921102e+24,1.380372668089576211e+24,1.380369993096444235e+24,1.380360508955008443e+24,1.380335640877385271e+24,1.380281464223658089e+24,1.380178231047030544e+24,1.380000798413932955e+24,1.379719861066084894e+24
2.000000000000000042e-02,1.380376589793472155e+24,1.380375348503983411e+24,1.380368707905070297e+24,1.380347542558535678e+24,1.380295410654255847e+24,1.380187440448876667e+24,1.379990745860271442e+24,1.379666281186289913e+24,1.379171637693549279e+24
1.969696969696969543e-02,1.380374775250267887e+24,1.380374111277935577e+24,1.380369858048208610e+24,1.380355645626353631e+24,1.380319565853725578e+24,1.380242939428232279e+24,1.380100164414893963e+24,1.379859731048508850e+24,1.379486142826957737e+24
2.030303030303030193e-02,1.380378388281060294e+24,1.380376247966895706e+24,1.380366002234659279e+24,1.380334638712710872e+24,1.380259600144516491e+24,1.380108041089696223e+24,1.379838152439761985e+24,1.379402163996305488e+24,1.378750204585999728e+24
2.000000000000000042e-02,1.380376589793472692e+24,1.380375348503984216e+24,1.380368707905070834e+24,1.380347542558536215e+24,1.380295410654256384e+24,1.380187440448878546e+24,1.379990745860271711e+24,1.379666281186292060e+24,1.379171637693550084e+24
2.060606060606060691e-02,1.380380143391412821e+24,1.380376604279535435e+24,1.380360924558261869e+24,1.380314643842001399e+24,1.380207032186143729e+24,1.379995110387257893e+24,1.379626339609373496e+24,1.379043123953026919e+24,1.378187894656641503e+24
2.030303030303030193e-02,1.380378388281059757e+24,1.380376247966895438e+24,1.380366002234659816e+24,1.380334638712710603e+24,1.380259600144516759e+24,1.380108041089696492e+24,1.379838152439763864e+24,1.379402163996306293e+24,1.378750204586000264e+24
2.090909090909090842e-02,1.380381811131237169e+24,1.380376097674023435e+24,1.380352243706097582e+24,1.380284207302801000e+24,1.380130451708817764e+24,1.379835314055495566e+24,1.379333640759054046e+24,1.378557159783731588e+24,1.377440877745399719e+24
2.060606060606060691e-02,1.380380143391412821e+24,1.380376604279535435e+24,1.380360924558262406e+24,1.380314643842001130e+24,1.380207032186145339e+24,1.379995110387258967e+24,1.379626339609375375e+24,1.379043123953027456e+24,1.378187894656641771e+24
2.121212121212121340e-02,1.380383320648241339e+24,1.380374230794836363e+24,1.380338107019144959e+24,1.380238441883340296e+24,1.380019582123683277e+24,1.379610275462127653e+24,1.378930950491281795e+24,1.377902294924353182e+24,1.376452919026304307e+24
2.090909090909090842e-02,1.380381811131237437e+24,1.380376097674023167e+24,1.380352243706098388e+24,1.380284207302800195e+24,1.380130451708818837e+24,1.379835314055495566e+24,1.379333640759054583e+24,1.378557159783732393e+24,1.377440877745400525e+24
2.151515151515151492e-02,1.380384557811222142e+24,1.380370230907647665e+24,1.380315732826307313e+24,1.380170242299813102e+24,1.379859927325610611e+24,1.379294793698204654e+24,1.378379389554631207e+24,1.377023807562344324e+24,1.375152347497214777e+24
2.121212121212121340e-02,1.380383320648242682e+24,1.380374230794836631e+24,1.380338107019145496e+24,1.380238441883341370e+24,1.380019582123684082e+24,1.379610275462128727e+24,1.378930950491283674e+24,1.377902294924354793e+24,1.376452919026304844e+24
2.181818181818181990e-02,1.380385338740147923e+24,1.380362898841081395e+24,1.380280954646747591e+24,1.380069314680726279e+24,1.379631130369472747e+24,1.378854492109701546e+24,1.377627334104047201e+24,1.375850831168188910e+24,1.373448466729047605e+24
2.151515151515151492e-02,1.380384557811223216e+24,1.380370230907648738e+24,1.380315732826307581e+24,1.380170242299814713e+24,1.379859927325611148e+24,1.379294793698205191e+24,1.378379389554632818e+24,1.377023807562344592e+24,1.375152347497214509e+24
2.212121212121212141e-02,1.380385367128230871e+24,1.380350376054560500e+24,1.380227548072625530e+24,1.379920802049519948e+24,1.379304741298787970e+24,1.378242744095071942e+24,1.376606679282337104e+24,1.374292239903775437e+24,1.371227376029442469e+24
2.181818181818181990e-02,1.380385338740148728e+24,1.380362898841083006e+24,1.380280954646747859e+24,1.380069314680727890e+24,1.379631130369474358e+24,1.378854492109703156e+24,1.377627334104048275e+24,1.375850831168189984e+24,1.373448466729048948e+24
2.242424242424242292e-02,1.380384165420857932e+24,1.380329786149591035e+24,1.380146240683753297e+24,1.379703349409985665e+24,1.378841206194316526e+24,1.377396695768288310e+24,1.375228200201701101e+24,1.372231747058834409e+24,1.368347199989195093e+24
2.212121212121212141e-02,1.380385367128231945e+24,1.380350376054562111e+24,1.380227548072625530e+24,1.379920802049521290e+24,1.379304741298788775e+24,1.378242744095072479e+24,1.376606679282338178e+24,1.374292239903776242e+24,1.371227376029444885e+24
2.272727272727272790e-02,1.380380963820052238e+24,1.380296684325576431e+24,1.380023262166512331e+24,1.379386398257515883e+24,1.378185842735005447e+24,1.376232180389498602e+24,1.373375876869976851e+24,1.369522173281449716e+24,1.364632769708537204e+24
2.242424242424242292e-02,1.380384165420859006e+24,1.380329786149591304e+24,1.380146240683753834e+24,1.379703349409985933e+24,1.378841206194317063e+24,1.377396695768289384e+24,1.375228200201701370e+24,1.372231747058835483e+24,1.368347199989196435e+24
2.303030303030302942e-02,1.380374521242904382e+24,1.380244213898670720e+24,1.379838231534248158e+24,1.378926432026530484e+24,1.377263516290227542e+24,1.374637302434623767e+24,1.370900069799957635e+24,1.365978890334633497e+24,1.359869863351189494e+24
2.272727272727272790e-02,1.380380963820053849e+24,1.380296684325577505e+24,1.380023262166512868e+24,1.379386398257516957e+24,1.378185842735006253e+24,1.376232180389499407e+24,1.373375876869977924e+24,1.369522173281451595e+24,1.364632769708538546e+24
2.333333333333333440e-02,1.380362836476463235e+24,1.380161817446045610e+24,1.379561095272349787e+24,1.378261809682132184e+24,1.375971679000685850e+24,1.372464467703859830e+24,1.367609478261666723e+24,1.361372521626076478e+24,1.353799200152252433e+24
2.303030303030302942e-02,1.380374521242905993e+24,1.380244213898670451e+24,1.379838231534248426e+24,1.378926432026531021e+24,1.377263516290227273e+24,1.374637302434624304e+24,1.370900069799958709e+24,1.365978890334634571e+24,1.359869863351190030e+24
2.363636363636363591e-02,1.380342682122275053e+24,1.380033273275560772e+24,1.379147717498081615e+24,1.377305724615797477e+24,1.374171390291674367e+24,1.369520661370656797e+24,1.363261893676223554e+24,1.355421089203553644e+24,1.346110492603661685e+24
2.333333333333333440e-02,1.380362836476464309e+24,1.380161817446047220e+24,1.379561095272351398e+24,1.378261809682132721e+24,1.375971679000687192e+24,1.372464467703861172e+24,1.367609478261667529e+24,1.361372521626076747e+24,1.353799200152252701e+24
2.393939393939394089e-02,1.380308852505853204e+24,1.379833714106998811e+24,1.378533573178989058e+24,1.375936713820662221e+24,1.371675913954534881e+24,1.365555844014756982e+24,1.357553888453877150e+24,1.347781943924176447e+24,1.336436996143177070e+24
2.363636363636363591e-02,1.380342682122276127e+24,1.380033273275562383e+24,1.379147717498082421e+24,1.377305724615797477e+24,1.374171390291676246e+24,1.369520661370657871e+24,1.363261893676224091e+24,1.355421089203553913e+24,1.346110492603661685e+24
2.424242424242424240e-02,1.380252949837048042e+24,1.379525117684372191e+24,1.377624800668133523e+24,1.373986027587544140e+24,1.368236504912213238e+24,1.360249466836326709e+24,1.350109768319252824e+24,1.338044004530322554e+24,1.324351150774011057e+24
2.393939393939394089e-02,1.380308852505853204e+24,1.379833714107000153e+24,1.378533573178989864e+24,1.375936713820661952e+24,1.371675913954535955e+24,1.365555844014758324e+24,1.357553888453878224e+24,1.347781943924177790e+24,1.336436996143177875e+24
2.454545454545454392e-02,1.380161424869939365e+24,1.379049515916005168e+24,1.376285625303049957e+24,1.371221072144587188e+24,1.363525088423555814e+24,1.353195326266541886e+24,1.340470375390078092e+24,1.325721061534295977e+24,1.309362076223332822e+24
2.424242424242424240e-02,1.380252949837048579e+24,1.379525117684372728e+24,1.377624800668134060e+24,1.373986027587544946e+24,1.368236504912214849e+24,1.360249466836327783e+24,1.350109768319253361e+24,1.338044004530323360e+24,1.324351150774012936e+24
2.484848484848484890e-02,1.380012413791820382e+24,1.378318819834292859e+24,1.374320873288777953e+24,1.367324091656467942e+24,1.357113738176939541e+24,1.343885312922577095e+24,1.328082667289059936e+24,1.310247165181171180e+24,1.290915846559556851e+24
2.454545454545454392e-02,1.380161424869940439e+24,1.379049515916006510e+24,1.376285625303050226e+24,1.371221072144587456e+24,1.363525088423556887e+24,1.353195326266542154e+24,1.340470375390078361e+24,1.325721061534295977e+24,1.309362076223333628e+24
2.515151515151515041e-02,1.379770631128588235e+24,1.377199663513872848e+24,1.371451970562920154e+24,1.361865319557120393e+24,1.348451233214997467e+24,1.331693087551287053e+24,1.312291412724037095e+24,1.290975394943836485e+24,1.268399608714681001e+24
2.484848484848484890e-02,1.380012413791821187e+24,1.378318819834294469e+24,1.374320873288778759e+24,1.367324091656467674e+24,1.357113738176941420e+24,1.343885312922577095e+24,1.328082667289060473e+24,1.310247165181171448e+24,1.290915846559558999e+24
2.545454545454545539e-02,1.379379122914460286e+24,1.375490985049077206e+24,1.367284508049192857e+24,1.354270092080426802e+24,1.336837584925366512e+24,1.315859357121740492e+24,1.292334819146772538e+24,1.267181568609387341e+24,1.241150690404105533e+24
2.515151515151515041e-02,1.379770631128588772e+24,1.377199663513872848e+24,1.371451970562920691e+24,1.361865319557120125e+24,1.348451233214998004e+24,1.331693087551287321e+24,1.312291412724037901e+24,1.290975394943836753e+24,1.268399608714682075e+24
2.575757575757575690e-02,1.378745948270429758e+24,1.372891138962261694e+24,1.361265243923413681e+24,1.343780010707876145e+24,1.321398348871019050e+24,1.295481228801859404e+24,1.267346402519946883e+24,1.238074642523018729e+24,1.208471826467620664e+24
2.545454545454545539e-02,1.379379122914461359e+24,1.375490985049078012e+24,1.367284508049194736e+24,1.354270092080427339e+24,1.336837584925367585e+24,1.315859357121741565e+24,1.292334819146772538e+24,1.267181568609387878e+24,1.241150690404106339e+24
2.606060606060606188e-02,1.377722667943930131e+24,1.368950137730330696e+24,1.352626476709380947e+24,1.329409346311854628e+24,1.301061838710489198e+24,1.269509054077653767e+24,1.236365849421304409e+24,1.202815612871854787e+24,1.169653472769112667e+24
2.575757575757575690e-02,1.378745948270430832e+24,1.372891138962261962e+24,1.361265243923415023e+24,1.343780010707876414e+24,1.321398348871019318e+24,1.295481228801859941e+24,1.267346402519946078e+24,1.238074642523019534e+24,1.208471826467620664e+24
2.636363636363636340e-02,1.376069595701785521e+24,1.363001164643872432e+24,1.340316358762219348e+24,1.309899726542765633e+24,1.274544072361380887e+24,1.236755147708255032e+24,1.198361893528596168e+24,1.160546566273540442e+24,1.124003827067456053e+24
2.606060606060606188e-02,1.377722667943930668e+24,1.368950137730331769e+24,1.352626476709382826e+24,1.329409346311854360e+24,1.301061838710490540e+24,1.269509054077653230e+24,1.236365849421305214e+24,1.202815612871855055e+24,1.169653472769113607e+24
2.666666666666666491e-02,1.373399660679423750e+24,1.354063921347016547e+24,1.322915417284931217e+24,1.283678999462719085e+24,1.240348353584577385e+24,1.195919599684973039e+24,1.152270173533630802e+24,1.110431052487056482e+24,1.070886598678350683e+24
2.636363636363636340e-02,1.376069595701786058e+24,1.363001164643873505e+24,1.340316358762220690e+24,1.309899726542765902e+24,1.274544072361380887e+24,1.236755147708254227e+24,1.198361893528597376e+24,1.160546566273540978e+24,1.124003827067456993e+24
2.696969696969696989e-02,1.369087704852774708e+24,1.340711072013710675e+24,1.298543065999058336e+24,1.248834251100590845e+24,1.196788622122111866e+24,1.145638804958375441e+24,1.097048461286130321e+24,1.051706075163903421e+24,1.009765746313143836e+24
2.666666666666666491e-02,1.373399660679424018e+24,1.354063921347016815e+24,1.322915417284931486e+24,1.283678999462719890e+24,1.240348353584577385e+24,1.195919599684972234e+24,1.152270173533630668e+24,1.110431052487056482e+24,1.070886598678350817e+24
2.727272727272727140e-02,1.362123917490429039e+24,1.320888964729841790e+24,1.264764319105552180e+24,1.203114344231094891e+24,1.142047639459968506e+24,1.084561901795848342e+24,1.031750336281617350e+24,9.837446620062574266e+23,9.402553559029058864e+23
2.696969696969696989e-02,1.369087704852775513e+24,1.340711072013711481e+24,1.298543065999058873e+24,1.248834251100591919e+24,1.196788622122112671e+24,1.145638804958376247e+24,1.097048461286131261e+24,1.051706075163904226e+24,1.009765746313143836e+24
2.757575757575757638e-02,1.350876975659060149e+24,1.291686949636829520e+24,1.218517702217522200e+24,1.143983708466263087e+24,1.074281899915158124e+24,1.011458512076977629e+24,9.556161579454271723e+23,9.061261935487061118e+23,8.621716300850195648e+23
2.727272727272727140e-02,1.362123917490429308e+24,1.320888964729842864e+24,1.264764319105551107e+24,1.203114344231095293e+24,1.142047639459968506e+24,1.084561901795848745e+24,1.031750336281617887e+24,9.837446620062574266e+23,9.402553559029058864e+23
2.787878787878787790e-02,1.332711223728458261e+24,1.249059978291222724e+24,1.156102103289534614e+24,1.068755297657858770e+24,9.917835965193774034e+23,9.253574591002791903e+23,8.681769863378136769e+23,8.187095571798677426e+23,7.755827463189459129e+23
2.757575757575757638e-02,1.350876975659061491e+24,1.291686949636830862e+24,1.218517702217521932e+24,1.143983708466264026e+24,1.074281899915158661e+24,1.011458512076978300e+24,9.556161579454274407e+23,9.061261935487069171e+23,8.621716300850196990e+23
2.818181818181818288e-02,1.303367882141409976e+24,1.187534484672907127e+24,1.073284148302042060e+24,9.748340439076710436e+23,8.932043040357116543e+23,8.257100837538406251e+23,7.693630839172956642e+23,7.217020116283370494e+23,6.808513170271367405e+23
2.787878787878787790e-02,1.332711223728459603e+24,1.249059978291222724e+24,1.156102103289534748e+24,1.068755297657858636e+24,9.917835965193770007e+23,9.253574591002789219e+23,8.681769863378140796e+23,8.187095571798680110e+23,7.755827463189460471e+23
2.848484848484848439e-02,1.255964732277415989e+24,1.099982328345006791e+24,9.656175543037572887e+23,8.600979295583160406e+23,7.778333419499269694e+23,7.125634143814945824e+23,6.596043009178690315e+23,6.157148203908982091e+23,5.786636108267881465e+23
2.818181818181818288e-02,1.303367882141409439e+24,1.187534484672906590e+24,1.073284148302043134e+24,9.748340439076714463e+23,8.932043040357113859e+23,8.257100837538406251e+23,7.693630839172960669e+23,7.217020116283377205e+23,6.808513170271368747e+23
2.878787878787878937e-02,1.179378884140040597e+24,9.776585663642282838e+23,8.290945877975241893e+23,7.234241509611495280e+23,6.459046611281215792e+23,5.867186727043350795e+23,5.399059478994318902e+23,5.017957994220086855e+23,4.700398395881671067e+23
2.848484848484848439e-02,1.255964732277416257e+24,1.099982328345006388e+24,9.656175543037579598e+23,8.600979295583164432e+23,7.778333419499269694e+23,7.125634143814948508e+23,6.596043009178691657e+23,6.157148203908984776e+23,5.786636108267884149e+23
2.909090909090909088e-02,1.055631906725151082e+24,8.109145596247187181e+23,6.612553586224856270e+23,5.653222221289915742e+23,4.988802469043661355e+23,4.498416747198688526e+23,4.118820550311426728e+23,3.814295248145077145e+23,3.563208992423180858e+23
2.878787878787878937e-02,1.179378884140040999e+24,9.776585663642280154e+23,8.290945877975245919e+23,7.234241509611497964e+23,6.459046611281213108e+23,5.867186727043354822e+23,5.399059478994320244e+23,5.017957994220089539e+23,4.700398395881675093e+23
2.939393939393939240e-02,8.556614973859387324e+23,5.914055095245918815e+23,4.628091667027134157e+23,3.885545067890573448e+23,3.396307521111352809e+23,3.044874752361563349e+23,2.777297596664078402e+23,2.564985254087416422e+23,2.391290530339441355e+23
2.909090909090909088e-02,1.055631906725151753e+24,8.109145596247184496e+23,6.612553586224858954e+23,5.653222221289917755e+23,4.988802469043666724e+23,4.498416747198689869e+23,4.118820550311426728e+23,3.814295248145078488e+23,3.563208992423184213e+23
2.969696969696969738e-02,5.324834938581942524e+23,3.173657363687459541e+23,2.395524335094758868e+23,1.985107322426974861e+23,1.724183611687693189e+23,1.540070762520230284e+23,1.401351474187043959e+23,1.292034357725490514e+23,1.203030260643329475e+23
2.939393939393939240e-02,8.556614973859379271e+23,5.914055095245920157e+23,4.628091667027132814e+23,3.885545067890575462e+23,3.396307521111352137e+23,3.044874752361564020e+23,2.777297596664077395e+23,2.564985254087414744e+23,2.391290530339442026e+23
2.999999999999999889e-02,1.013257858149080734e+22,4.898717075926805381e+21,3.644008934545269195e+21,3.005243778574799864e+21,2.604354080831443567e+21,2.323244960815486075e+21,2.112211997630434116e+21,1.946300141410636530e+21,1.811440478769447698e+21
2.969696969696969738e-02,5.324834938581939168e+23,3.173657363687460884e+23,2.395524335094756184e+23,1.985107322426974861e+23,1.724183611687691847e+23,1.540070762520231291e+23,1.401351474187042785e+23,1.292034357725489005e+23,1.203030260643329475e+23
