x,t=1.00e+04s,t=2.00e+04s,t=3.00e+04s,t=4.00e+04s,t=5.00e+04s,t=6.00e+04s,t=7.00e+04s,t=8.00e+04s,t=9.00e+04s
3.030303030303030300e-04,7.678921117158690783e+22,1.491049979258736214e+21,2.615841164796852634e+19,4.455548207709319040e+17,7.527180656011121000e+15,1.268866502651115625e+14,1.268866502651115625e+14,1.268866502651115625e+14,1.268866502651115625e+14
0.000000000000000000e+00,7.679157125888911553e+22,1.491115750211974857e+21,2.615969120358966067e+19,4.455772805474253440e+17,7.527563266658958000e+15,1.268931143140225781e+14,1.268931143140225781e+14,1.268931143140225781e+14,1.268931143140225781e+14
6.060606060606060601e-04,7.676425621678563158e+22,1.490354586098019860e+21,2.614488340415681741e+19,4.453173650435406720e+17,7.523135523924634000e+15,1.268183094983471250e+14,1.268183094983471250e+14,1.268183094983471250e+14,1.268183094983471250e+14
3.030303030303030300e-04,7.678921117158687428e+22,1.491049979258736476e+21,2.615841164796851405e+19,4.455548207709315840e+17,7.527180656011118000e+15,1.268866502651114844e+14,1.268866502651114844e+14,1.268866502651114844e+14,1.268866502651114844e+14
9.090909090909090901e-04,7.672500740935385088e+22,1.489261161644501238e+21,2.612361417924276224e+19,4.449440498876883840e+17,7.516776062822791000e+15,1.267108695134126875e+14,1.267108695134126875e+14,1.267108695134126875e+14,1.267108695134126875e+14
6.060606060606060601e-04,7.676425621678559802e+22,1.490354586098018812e+21,2.614488340415680102e+19,4.453173650435404160e+17,7.523135523924630000e+15,1.268183094983470469e+14,1.268183094983470469e+14,1.268183094983470469e+14,1.268183094983470469e+14
1.212121212121212120e-03,7.667045059327144703e+22,1.487741849741194428e+21,2.609406545287179469e+19,4.444254442498449920e+17,7.507941724838397000e+15,1.265616184629344219e+14,1.265616184629344219e+14,1.265616184629344219e+14,1.265616184629344219e+14
9.090909090909090901e-04,7.672500740935381733e+22,1.489261161644500451e+21,2.612361417924274176e+19,4.449440498876880640e+17,7.516776062822788000e+15,1.267108695134125938e+14,1.267108695134125938e+14,1.267108695134125938e+14,1.267108695134125938e+14
1.515151515151515150e-03,7.660044263887850596e+22,1.485793223998780473e+21,2.605617528224010240e+19,4.437604905177528320e+17,7.496614649935584000e+15,1.263702553572581875e+14,1.263702553572581875e+14,1.263702553572581875e+14,1.263702553572581875e+14
1.212121212121212120e-03,7.667045059327137992e+22,1.487741849741195215e+21,2.609406545287177011e+19,4.444254442498447360e+17,7.507941724838393000e+15,1.265616184629343906e+14,1.265616184629343906e+14,1.265616184629343906e+14,1.265616184629343906e+14
1.818181818181818180e-03,7.651494018382724858e+22,1.483414799075743891e+21,2.600994027798364160e+19,4.429491672093256320e+17,7.482794672950700000e+15,1.261367783639358750e+14,1.261367783639358750e+14,1.261367783639358750e+14,1.261367783639358750e+14
1.515151515151515150e-03,7.660044263887848918e+22,1.485793223998780211e+21,2.605617528224008192e+19,4.437604905177525760e+17,7.496614649935577000e+15,1.263702553572581719e+14,1.263702553572581719e+14,1.263702553572581719e+14,1.263702553572581719e+14
2.121212121212120993e-03,7.641392501476128142e+22,1.480606951306278207e+21,2.595537514244390093e+19,4.419917786696280320e+17,7.466487222746797000e+15,1.258612803658864688e+14,1.258612803658864688e+14,1.258612803658864688e+14,1.258612803658864688e+14
1.818181818181818180e-03,7.651494018382724858e+22,1.483414799075743629e+21,2.600994027798365798e+19,4.429491672093256320e+17,7.482794672950702000e+15,1.261367783639359219e+14,1.261367783639359219e+14,1.261367783639359219e+14,1.261367783639359219e+14
2.424242424242424240e-03,7.629738768909281421e+22,1.477370462269649715e+21,2.589250377903367373e+19,4.408887989037786880e+17,7.447700661122055000e+15,1.255439039995450781e+14,1.255439039995450781e+14,1.255439039995450781e+14,1.255439039995450781e+14
2.121212121212120993e-03,7.641392501476121431e+22,1.480606951306276897e+21,2.595537514244389683e+19,4.419917786696281600e+17,7.466487222746796000e+15,1.258612803658864375e+14,1.258612803658864375e+14,1.258612803658864375e+14,1.258612803658864375e+14
2.727272727272727487e-03,7.616532243011794580e+22,1.473706376536455643e+21,2.582135651193838797e+19,4.396408226438958720e+17,7.426445448366135000e+15,1.251848275527720156e+14,1.251848275527720156e+14,1.251848275527720156e+14,1.251848275527720156e+14
2.424242424242424240e-03,7.629738768909278065e+22,1.477370462269648667e+21,2.589250377903369011e+19,4.408887989037788800e+17,7.447700661122058000e+15,1.255439039995451094e+14,1.255439039995451094e+14,1.255439039995451094e+14,1.255439039995451094e+14
3.030303030303030300e-03,7.601772516736035822e+22,1.469615947077346656e+21,2.574196900937740288e+19,4.382485462991361280e+17,7.402733817761369000e+15,1.247842594605596875e+14,1.247842594605596875e+14,1.247842594605596875e+14,1.247842594605596875e+14
2.727272727272727487e-03,7.616532243011801291e+22,1.473706376536454857e+21,2.582135651193840845e+19,4.396408226438961280e+17,7.426445448366135000e+15,1.251848275527720156e+14,1.251848275527720156e+14,1.251848275527720156e+14,1.251848275527720156e+14
3.333333333333333114e-03,7.585459267020458977e+22,1.465100611147524997e+21,2.565438179784872346e+19,4.367127592599667840e+17,7.376579626350805000e+15,1.243424357780352812e+14,1.243424357780352812e+14,1.243424357780352812e+14,1.243424357780352812e+14
3.030303030303030300e-03,7.601772516736044211e+22,1.469615947077346918e+21,2.574196900937740698e+19,4.382485462991363200e+17,7.402733817761373000e+15,1.247842594605597188e+14,1.247842594605597188e+14,1.247842594605597188e+14,1.247842594605597188e+14
3.636363636363636360e-03,7.567592212327107343e+22,1.460161978487827857e+21,2.555864001405888102e+19,4.350343393553984000e+17,7.347998276333243000e+15,1.238596188460761875e+14,1.238596188460761875e+14,1.238596188460761875e+14,1.238596188460761875e+14
3.333333333333333114e-03,7.585459267020464010e+22,1.465100611147525521e+21,2.565438179784871526e+19,4.367127592599666560e+17,7.376579626350808000e+15,1.243424357780352656e+14,1.243424357780352656e+14,1.243424357780352656e+14,1.243424357780352656e+14
3.939393939393939607e-03,7.548171090117241550e+22,1.454801825087459426e+21,2.545479326311140147e+19,4.332142501565523200e+17,7.317006667792441000e+15,1.233360964856772031e+14,1.233360964856772031e+14,1.233360964856772031e+14,1.233360964856772031e+14
3.636363636363636360e-03,7.567592212327105665e+22,1.460161978487828906e+21,2.555864001405888102e+19,4.350343393553981440e+17,7.347998276333243000e+15,1.238596188460760781e+14,1.238596188460760781e+14,1.238596188460760781e+14,1.238596188460760781e+14
4.242424242424241987e-03,7.527195644129145625e+22,1.449022089682920145e+21,2.534289552798451302e+19,4.312535391618414080e+17,7.283623166330317000e+15,1.227721814435355938e+14,1.227721814435355938e+14,1.227721814435355938e+14,1.227721814435355938e+14
3.939393939393939607e-03,7.548171090117238194e+22,1.454801825087458378e+21,2.545479326311137280e+19,4.332142501565517440e+17,7.317006667792437000e+15,1.233360964856772188e+14,1.233360964856772188e+14,1.233360964856772188e+14,1.233360964856772188e+14
4.545454545454545234e-03,7.504665616814772637e+22,1.442824871698964677e+21,2.522300510511150694e+19,4.291533364220368000e+17,7.247867578081707000e+15,1.221682109617745938e+14,1.221682109617745938e+14,1.221682109617745938e+14,1.221682109617745938e+14
4.242424242424241987e-03,7.527195644129147303e+22,1.449022089682919096e+21,2.534289552798450893e+19,4.312535391618412800e+17,7.283623166330317000e+15,1.227721814435355312e+14,1.227721814435355312e+14,1.227721814435355312e+14,1.227721814435355312e+14
4.848484848484848481e-03,7.480580744647155699e+22,1.436212429994037346e+21,2.509518455366386483e+19,4.269148533878192640e+17,7.209761128410003000e+15,1.215245464093012969e+14,1.215245464093012969e+14,1.215245464093012969e+14,1.215245464093012969e+14
4.545454545454545234e-03,7.504665616814770120e+22,1.442824871698963628e+21,2.522300510511150694e+19,4.291533364220369920e+17,7.247867578081703000e+15,1.221682109617745469e+14,1.221682109617745469e+14,1.221682109617745469e+14,1.221682109617745469e+14
5.151515151515151728e-03,7.454940755102821830e+22,1.429187182076301935e+21,2.495950065203533824e+19,4.245393818660601600e+17,7.169326442350023000e+15,1.208415729421643125e+14,1.208415729421643125e+14,1.208415729421643125e+14,1.208415729421643125e+14
4.848484848484848481e-03,7.480580744647156538e+22,1.436212429994036560e+21,2.509518455366387712e+19,4.269148533878193280e+17,7.209761128410004000e+15,1.215245464093012969e+14,1.215245464093012969e+14,1.215245464093012969e+14,1.215245464093012969e+14
5.454545454545454974e-03,7.427745364659207248e+22,1.421751703606842622e+21,2.481602435795977421e+19,4.220282930225920000e+17,7.126587525742014000e+15,1.201196991750918906e+14,1.201196991750918906e+14,1.201196991750918906e+14,1.201196991750918906e+14
5.151515151515151728e-03,7.454940755102823508e+22,1.429187182076301672e+21,2.495950065203535053e+19,4.245393818660599680e+17,7.169326442350026000e+15,1.208415729421643125e+14,1.208415729421643125e+14,1.208415729421643125e+14,1.208415729421643125e+14
5.757575757575757354e-03,7.398994277429559060e+22,1.413908728084474626e+21,2.466483077020524544e+19,4.193830363957517440e+17,7.081569746451341000e+15,1.193593568539859219e+14,1.193593568539859219e+14,1.193593568539859219e+14,1.193593568539859219e+14
5.454545454545454974e-03,7.427745364659204732e+22,1.421751703606841311e+21,2.481602435795977011e+19,4.220282930225916160e+17,7.126587525742008000e+15,1.201196991750917656e+14,1.201196991750917656e+14,1.201196991750917656e+14,1.201196991750917656e+14
6.060606060606060601e-03,7.368687184210433986e+22,1.405661146649610420e+21,2.450599909062905446e+19,4.166051388997564800e+17,7.034299815322611000e+15,1.185610005235127656e+14,1.185610005235127656e+14,1.185610005235127656e+14,1.185610005235127656e+14
5.757575757575757354e-03,7.398994277429559060e+22,1.413908728084474626e+21,2.466483077020523725e+19,4.193830363957515520e+17,7.081569746451341000e+15,1.193593568539859375e+14,1.193593568539859375e+14,1.193593568539859375e+14,1.193593568539859375e+14
6.363636363636363848e-03,7.336823761801801682e+22,1.397012007968073843e+21,2.433961258582559949e+19,4.136962038049484160e+17,6.984805766651906000e+15,1.177251071861139688e+14,1.177251071861139688e+14,1.177251071861139688e+14,1.177251071861139688e+14
6.060606060606060601e-03,7.368687184210429791e+22,1.405661146649610420e+21,2.450599909062905037e+19,4.166051388997566080e+17,7.034299815322608000e+15,1.185610005235127500e+14,1.185610005235127500e+14,1.185610005235127500e+14,1.185610005235127500e+14
6.666666666666666227e-03,7.303403672513546289e+22,1.387964518170786267e+21,2.416575854790644941e+19,4.106579096872335360e+17,6.933116938049946000e+15,1.168521759503565625e+14,1.168521759503565625e+14,1.168521759503565625e+14,1.168521759503565625e+14
6.363636363636363848e-03,7.336823761801797488e+22,1.397012007968073581e+21,2.433961258582559539e+19,4.136962038049484800e+17,6.984805766651903000e+15,1.177251071861139844e+14,1.177251071861139844e+14,1.177251071861139844e+14,1.177251071861139844e+14
6.969696969696969474e-03,7.268426563799871599e+22,1.378522040833248330e+21,2.398452825408678298e+19,4.074920093415202560e+17,6.879263949614935000e+15,1.159427276672567031e+14,1.159427276672567031e+14,1.159427276672567031e+14,1.159427276672567031e+14
6.666666666666666227e-03,7.303403672513545450e+22,1.387964518170785481e+21,2.416575854790646579e+19,4.106579096872335360e+17,6.933116938049946000e+15,1.168521759503566875e+14,1.168521759503566875e+14,1.168521759503566875e+14,1.168521759503566875e+14
7.272727272727272721e-03,7.231892067984934017e+22,1.368688096984368153e+21,2.379601692488476672e+19,4.042003286562901120e+17,6.823278682369512000e+15,1.149973045538538750e+14,1.149973045538538750e+14,1.149973045538538750e+14,1.149973045538538750e+14
6.969696969696969474e-03,7.268426563799874116e+22,1.378522040833247805e+21,2.398452825408679526e+19,4.074920093415200000e+17,6.879263949614933000e+15,1.159427276672567500e+14,1.159427276672567500e+14,1.159427276672567500e+14,1.159427276672567500e+14
7.575757575757575968e-03,7.193799802053674297e+22,1.358466365137336140e+21,2.360032368077975552e+19,4.007847654471959680e+17,6.765194255932562000e+15,1.140164698035706875e+14,1.140164698035706875e+14,1.140164698035706875e+14,1.140164698035706875e+14
7.272727272727272721e-03,7.231892067984934017e+22,1.368688096984368677e+21,2.379601692488476672e+19,4.042003286562899200e+17,6.823278682369507000e+15,1.149973045538538281e+14,1.149973045538538281e+14,1.149973045538538281e+14,1.149973045538538281e+14
7.878787878787879215e-03,7.154149367489444289e+22,1.347860681337792889e+21,2.339755149724225946e+19,3.972472882486623360e+17,6.705045005413551000e+15,1.130008071831832344e+14,1.130008071831832344e+14,1.130008071831832344e+14,1.130008071831832344e+14
7.575757575757575968e-03,7.193799802053677652e+22,1.358466365137336140e+21,2.360032368077976781e+19,4.007847654471962880e+17,6.765194255932558000e+15,1.140164698035706875e+14,1.140164698035706875e+14,1.140164698035706875e+14,1.140164698035706875e+14
8.181818181818182462e-03,7.112940350147046198e+22,1.336875039225646940e+21,2.318780715806071603e+19,3.935899350628229760e+17,6.642866457524268000e+15,1.119509206163553594e+14,1.119509206163553594e+14,1.119509206163553594e+14,1.119509206163553594e+14
7.878787878787879215e-03,7.154149367489442611e+22,1.347860681337792365e+21,2.339755149724226765e+19,3.972472882486622720e+17,6.705045005413549000e+15,1.130008071831832188e+14,1.130008071831832188e+14,1.130008071831832188e+14,1.130008071831832188e+14
8.484848484848483974e-03,7.070172320152296620e+22,1.325513590108212167e+21,2.297120120691847578e+19,3.898148120656220160e+17,6.578695305910489000e+15,1.108674337538082500e+14,1.108674337538082500e+14,1.108674337538082500e+14,1.108674337538082500e+14
8.181818181818182462e-03,7.112940350147042843e+22,1.336875039225647464e+21,2.318780715806070784e+19,3.935899350628228480e+17,6.642866457524267000e+15,1.119509206163553281e+14,1.119509206163553281e+14,1.119509206163553281e+14,1.119509206163553281e+14
8.787878787878787221e-03,7.025844831820222510e+22,1.313780643042863874e+21,2.274784789717825536e+19,3.859240922699743360e+17,6.512569385709259000e+15,1.097509895302654219e+14,1.097509895302654219e+14,1.097509895302654219e+14,1.097509895302654219e+14
8.484848484848483974e-03,7.070172320152299137e+22,1.325513590108212691e+21,2.297120120691846758e+19,3.898148120656220800e+17,6.578695305910490000e+15,1.108674337538081875e+14,1.108674337538081875e+14,1.108674337538081875e+14,1.108674337538081875e+14
9.090909090909090468e-03,6.979957423589504215e+22,1.301680664927809307e+21,2.251786513985563443e+19,3.819200141463530240e+17,6.444527647342286000e+15,1.086022497083818594e+14,1.086022497083818594e+14,1.086022497083818594e+14,1.086022497083818594e+14
8.787878787878787221e-03,7.025844831820222510e+22,1.313780643042863350e+21,2.274784789717826355e+19,3.859240922699744000e+17,6.512569385709258000e+15,1.097509895302653906e+14,1.097509895302653906e+14,1.097509895302653906e+14,1.097509895302653906e+14
9.393939393939393714e-03,6.932509617967610619e+22,1.289218280600171446e+21,2.228137444975349760e+19,3.778048802009605120e+17,6.374610129557252000e+15,1.074218944099066562e+14,1.074218944099066562e+14,1.074218944099066562e+14,1.074218944099066562e+14
9.090909090909090468e-03,6.979957423589500020e+22,1.301680664927809307e+21,2.251786513985563443e+19,3.819200141463532160e+17,6.444527647342285000e+15,1.086022497083818750e+14,1.086022497083818750e+14,1.086022497083818750e+14,1.086022497083818750e+14
9.696969696969696961e-03,6.883500921485609717e+22,1.276398272940526797e+21,2.203850088974418739e+19,3.735810555121729280e+17,6.302857931732610000e+15,1.062106216343641562e+14,1.062106216343641562e+14,1.062106216343641562e+14,1.062106216343641562e+14
9.393939393939393714e-03,6.932509617967606425e+22,1.289218280600171971e+21,2.228137444975349760e+19,3.778048802009605120e+17,6.374610129557251000e+15,1.074218944099066406e+14,1.074218944099066406e+14,1.074218944099066406e+14,1.074218944099066406e+14
1.000000000000000021e-02,6.832930824659546617e+22,1.263225582983473267e+21,2.178937301318533120e+19,3.692509662255278720e+17,6.229313185459780000e+15,1.049691467655387812e+14,1.049691467655387812e+14,1.049691467655387812e+14,1.049691467655387812e+14
9.696969696969696961e-03,6.883500921485610556e+22,1.276398272940525748e+21,2.203850088974419558e+19,3.735810555121730560e+17,6.302857931732610000e+15,1.062106216343641250e+14,1.062106216343641250e+14,1.062106216343641250e+14,1.062106216343641250e+14
1.030303030303030346e-02,6.780798801957334548e+22,1.249705310033535304e+21,2.153412280445879501e+19,3.648170980080373120e+17,6.154019025421944000e+15,1.036982020661216406e+14,1.036982020661216406e+14,1.036982020661216406e+14,1.036982020661216406e+14
1.000000000000000021e-02,6.832930824659544939e+22,1.263225582983473005e+21,2.178937301318532710e+19,3.692509662255278080e+17,6.229313185459778000e+15,1.049691467655387500e+14,1.049691467655387500e+14,1.049691467655387500e+14,1.049691467655387500e+14
1.060606060606060670e-02,6.727104311770750334e+22,1.235842711786663969e+21,2.127288561762771354e+19,3.602819944625214080e+17,6.077019559587246000e+15,1.023985361608664844e+14,1.023985361608664844e+14,1.023985361608664844e+14,1.023985361608664844e+14
1.030303030303030346e-02,6.780798801957330354e+22,1.249705310033535828e+21,2.153412280445879910e+19,3.648170980080373760e+17,6.154019025421946000e+15,1.036982020661215625e+14,1.036982020661215625e+14,1.036982020661215625e+14,1.036982020661215625e+14
1.090909090909090995e-02,6.671846796390178803e+22,1.221643204456395047e+21,2.100580011319742464e+19,3.556482555025296640e+17,5.998359838735257000e+15,1.010709135085964688e+14,1.010709135085964688e+14,1.010709135085964688e+14,1.010709135085964688e+14
1.060606060606060670e-02,6.727104311770747817e+22,1.235842711786664493e+21,2.127288561762772582e+19,3.602819944625216000e+17,6.077019559587249000e+15,1.023985361608664062e+14,1.023985361608664062e+14,1.023985361608664062e+14,1.023985361608664062e+14
1.121212121212121146e-02,6.615025681982150620e+22,1.207112362904884085e+21,2.073300819297821082e+19,3.509185356886670080e+17,5.918085825336111000e+15,9.971611386346025000e+13,9.971611386346025000e+13,9.971611386346025000e+13,9.971611386346025000e+13
1.090909090909090995e-02,6.671846796390171253e+22,1.221643204456395047e+21,2.100580011319745331e+19,3.556482555025298560e+17,5.998359838735260000e+15,1.010709135085964531e+14,1.010709135085964531e+14,1.010709135085964531e+14,1.010709135085964531e+14
1.151515151515151471e-02,6.556640378569515808e+22,1.192255920778690167e+21,2.045465493304531763e+19,3.460955425272188160e+17,5.836244361805423000e+15,9.833493172582623438e+13,9.833493172582623438e+13,9.833493172582623438e+13,9.833493172582623438e+13
1.121212121212121146e-02,6.615025681982149781e+22,1.207112362904883036e+21,2.073300819297823130e+19,3.509185356886668160e+17,5.918085825336111000e+15,9.971611386346025000e+13,9.971611386346025000e+13,9.971611386346025000e+13,9.971611386346025000e+13
1.181818181818181795e-02,6.496690280013629699e+22,1.177079770648907481e+21,2.017088851478737306e+19,3.411820347317862400e+17,5.752883138154924000e+15,9.692817578321659375e+13,9.692817578321659375e+13,9.692817578321659375e+13,9.692817578321659375e+13
1.151515151515151471e-02,6.556640378569518324e+22,1.192255920778690167e+21,2.045465493304533402e+19,3.460955425272188160e+17,5.836244361805428000e+15,9.833493172582621875e+13,9.833493172582621875e+13,9.833493172582621875e+13,9.833493172582621875e+13
1.212121212121212120e-02,6.435174763996739378e+22,1.161589964155786625e+21,1.988186015404057805e+19,3.361808204488145920e+17,5.668050659060267000e+15,9.549666834168571875e+13,9.549666834168571875e+13,9.549666834168571875e+13,9.549666834168571875e+13
1.181818181818181795e-02,6.496690280013632215e+22,1.177079770648907743e+21,2.017088851478739763e+19,3.411820347317863040e+17,5.752883138154927000e+15,9.692817578321653125e+13,9.692817578321653125e+13,9.692817578321653125e+13,9.692817578321653125e+13
1.242424242424242445e-02,6.372093192007280126e+22,1.145792712157781950e+21,1.958772402830516634e+19,3.310947554480240000e+17,5.581796210371309000e+15,9.404124474808875000e+13,9.404124474808875000e+13,9.404124474808875000e+13,9.404124474808875000e+13
1.212121212121212120e-02,6.435174763996739378e+22,1.161589964155786363e+21,1.988186015404059853e+19,3.361808204488149760e+17,5.668050659060271000e+15,9.549666834168570312e+13,9.549666834168570312e+13,9.549666834168570312e+13,9.549666834168570312e+13
1.272727272727272770e-02,6.307444909324546081e+22,1.129694384884776042e+21,1.928863720203741594e+19,3.259267412785046400e+17,5.494169825085304000e+15,9.256275280362928125e+13,9.256275280362928125e+13,9.256275280362928125e+13,9.256275280362928125e+13
1.242424242424242445e-02,6.372093192007278448e+22,1.145792712157782344e+21,1.958772402830516224e+19,3.310947554480239360e+17,5.581796210371312000e+15,9.404124474808870312e+13,9.404124474808870312e+13,9.404124474808870312e+13,9.404124474808870312e+13
1.303030303030303094e-02,6.241229245005227360e+22,1.113301512095537562e+21,1.898475955001531597e+19,3.206797233916055040e+17,5.405222248808563000e+15,9.106205216917943750e+13,9.106205216917943750e+13,9.106205216917943750e+13,9.106205216917943750e+13
1.272727272727272770e-02,6.307444909324543564e+22,1.129694384884776042e+21,1.928863720203740774e+19,3.259267412785044480e+17,5.494169825085303000e+15,9.256275280362925000e+13,9.256275280362925000e+13,9.256275280362925000e+13,9.256275280362925000e+13
1.333333333333333245e-02,6.173445511870115794e+22,1.096620783239501709e+21,1.867625367877242470e+19,3.153566892314536960e+17,5.315004904730695000e+15,8.954001376276882812e+13,8.954001376276882812e+13,8.954001376276882812e+13,8.954001376276882812e+13
1.303030303030303094e-02,6.241229245005222327e+22,1.113301512095537431e+21,1.898475955001531597e+19,3.206797233916057600e+17,5.405222248808562000e+15,9.106205216917943750e+13,9.106205216917943750e+13,9.106205216917943750e+13,9.106205216917943750e+13
1.363636363636363570e-02,6.104093006490882802e+22,1.079659047622554943e+21,1.836328484609615258e+19,3.099606662942510720e+17,5.223569858135067000e+15,8.799751914972309375e+13,8.799751914972309375e+13,8.799751914972309375e+13,8.799751914972309375e+13
1.333333333333333245e-02,6.173445511870113278e+22,1.096620783239500399e+21,1.867625367877242470e+19,3.153566892314539520e+17,5.315004904730697000e+15,8.954001376276882812e+13,8.954001376276882812e+13,8.954001376276882812e+13,8.954001376276882812e+13
1.393939393939393895e-02,6.033171009178194412e+22,1.062423314577077830e+21,1.804602087858757837e+19,3.044947201572772480e+17,5.130969780471799000e+15,8.643545992589625000e+13,8.643545992589625000e+13,8.643545992589625000e+13,8.643545992589625000e+13
1.363636363636363570e-02,6.104093006490882802e+22,1.079659047622554288e+21,1.836328484609615667e+19,3.099606662942511360e+17,5.223569858135069000e+15,8.799751914972315625e+13,8.799751914972315625e+13,8.799751914972315625e+13,8.799751914972315625e+13
1.424242424242424220e-02,5.960678783968793644e+22,1.044920753635982836e+21,1.772463208727840973e+19,2.989619524787763200e+17,5.037257913018761000e+15,8.485473709448176562e+13,8.485473709448176562e+13,8.485473709448176562e+13,8.485473709448176562e+13
1.393939393939393895e-02,6.033171009178190217e+22,1.062423314577077174e+21,1.804602087858758451e+19,3.044947201572773120e+17,5.130969780471797000e+15,8.643545992589631250e+13,8.643545992589631250e+13,8.643545992589631250e+13,8.643545992589631250e+13
1.454545454545454544e-02,5.886615578614312626e+22,1.027158694711087071e+21,1.739929118130182758e+19,2.933654989697587840e+17,4.942488030155854000e+15,8.325626043685490625e+13,8.325626043685490625e+13,8.325626043685490625e+13,8.325626043685490625e+13
1.424242424242424220e-02,5.960678783968792805e+22,1.044920753635982574e+21,1.772463208727841587e+19,2.989619524787763200e+17,5.037257913018762000e+15,8.485473709448175000e+13,8.485473709448175000e+13,8.485473709448175000e+13,8.485473709448175000e+13
1.484848484848484869e-02,5.810980624569068841e+22,1.009144628275283624e+21,1.707017317961023283e+19,2.877085273388476160e+17,4.846714402279716000e+15,8.164094787792253125e+13,8.164094787792253125e+13,8.164094787792253125e+13,8.164094787792253125e+13
1.454545454545454544e-02,5.886615578614313465e+22,1.027158694711087333e+21,1.739929118130183168e+19,2.933654989697586560e+17,4.942488030155855000e+15,8.325626043685490625e+13,8.325626043685490625e+13,8.325626043685490625e+13,8.325626043685490625e+13
1.515151515151515194e-02,5.733773136978382317e+22,9.908862055490051113e+20,1.673745532074154803e+19,2.819942352113501440e+17,4.749991758384411000e+15,8.000972484647262500e+13,8.000972484647262500e+13,8.000972484647262500e+13,8.000972484647262500e+13
1.484848484848484869e-02,5.810980624569071357e+22,1.009144628275283493e+21,1.707017317961022874e+19,2.877085273388476800e+17,4.846714402279718000e+15,8.164094787792243750e+13,8.164094787792243750e+13,8.164094787792243750e+13,8.164094787792243750e+13
1.545454545454545518e-02,5.654992314667061425e+22,9.723912386906601554e+20,1.640131697062374195e+19,2.762258480237384320e+17,4.652375248336966000e+15,7.836352363099321875e+13,7.836352363099321875e+13,7.836352363099321875e+13,7.836352363099321875e+13
1.515151515151515194e-02,5.733773136978383156e+22,9.908862055490051113e+20,1.673745532074155418e+19,2.819942352113501440e+17,4.749991758384411000e+15,8.000972484647262500e+13,8.000972484647262500e+13,8.000972484647262500e+13,8.000972484647262500e+13
1.575757575757575843e-02,5.574637340127622752e+22,9.536677009911922033e+20,1.606193952842050970e+19,2.704066168946937280e+17,4.553920404873184000e+15,7.670328273146945312e+13,7.670328273146945312e+13,7.670328273146945312e+13,7.670328273146945312e+13
1.545454545454545518e-02,5.654992314667063103e+22,9.723912386906601554e+20,1.640131697062373786e+19,2.762258480237386560e+17,4.652375248336967000e+15,7.836352363099325000e+13,7.836352363099325000e+13,7.836352363099325000e+13,7.836352363099325000e+13
1.606060606060605994e-02,5.492707379508854915e+22,9.347237270726521651e+20,1.571950633040669901e+19,2.645398164739939520e+17,4.454683105342667000e+15,7.502994620761714062e+13,7.502994620761714062e+13,7.502994620761714062e+13,7.502994620761714062e+13
1.575757575757575843e-02,5.574637340127624430e+22,9.536677009911920722e+20,1.606193952842050355e+19,2.704066168946937920e+17,4.553920404873186000e+15,7.670328273146942188e+13,7.670328273146942188e+13,7.670328273146942188e+13,7.670328273146942188e+13
1.636363636363636492e-02,5.409201582604045989e+22,9.155676130908323185e+20,1.537420255187550003e+19,2.586287427705146880e+17,4.354719533230420500e+15,7.334446302408534375e+13,7.334446302408534375e+13,7.334446302408534375e+13,7.334446302408534375e+13
1.606060606060605994e-02,5.492707379508852398e+22,9.347237270726516408e+20,1.571950633040668467e+19,2.645398164739938560e+17,4.454683105342663000e+15,7.502994620761707812e+13,7.502994620761707812e+13,7.502994620761707812e+13,7.502994620761707812e+13
1.666666666666666644e-02,5.324119082839419807e+22,8.962078169420254413e+20,1.502621510707031859e+19,2.526767109605618240e+17,4.254086139483359000e+15,7.164778639309896875e+13,7.164778639309896875e+13,7.164778639309896875e+13,7.164778639309896875e+13
1.636363636363636492e-02,5.409201582604044311e+22,9.155676130908320563e+20,1.537420255187549798e+19,2.586287427705146880e+17,4.354719533230420500e+15,7.334446302408534375e+13,7.334446302408534375e+13,7.334446302408534375e+13,7.334446302408534375e+13
1.696969696969696795e-02,5.237458997262098314e+22,8.766529584736976241e+20,1.467573254713628058e+19,2.466870531779292480e+17,4.152839603670175500e+15,6.994087311504231250e+13,6.994087311504231250e+13,6.994087311504231250e+13,6.994087311504231250e+13
1.666666666666666644e-02,5.324119082839419807e+22,8.962078169420251791e+20,1.502621510707031450e+19,2.526767109605618560e+17,4.254086139483359000e+15,7.164778639309893750e+13,7.164778639309893750e+13,7.164778639309893750e+13,7.164778639309893750e+13
1.727272727272727293e-02,5.149220426528557158e+22,8.569118196994399273e+20,1.432294495609061376e+19,2.406631162869775360e+17,4.051036795003205000e+15,6.822468291750558594e+13,6.822468291750558594e+13,6.822468291750558594e+13,6.822468291750558594e+13
1.696969696969696795e-02,5.237458997262095797e+22,8.766529584736972308e+20,1.467573254713627034e+19,2.466870531779289600e+17,4.152839603670172000e+15,6.994087311504225000e+13,6.994087311504225000e+13,6.994087311504225000e+13,6.994087311504225000e+13
1.757575757575757444e-02,5.059402454892755812e+22,8.369933450177515356e+20,1.396804384480403046e+19,2.346082596401005440e+17,3.948734733251524000e+15,6.650017779326666406e+13,6.650017779326666406e+13,6.650017779326666406e+13,6.650017779326666406e+13
1.727272727272727293e-02,5.149220426528554641e+22,8.569118196994395341e+20,1.432294495609061376e+19,2.406631162869775040e+17,4.051036795003205000e+15,6.822468291750558594e+13,6.822468291750558594e+13,6.822468291750558594e+13,6.822468291750558594e+13
1.787878787878787942e-02,4.968004150193464069e+22,8.169066414349487964e+20,1.361122204298941645e+19,2.285258528209513280e+17,3.845990549572864000e+15,6.476832133772889062e+13,6.476832133772889062e+13,6.476832133772889062e+13,6.476832133772889062e+13
1.757575757575757444e-02,5.059402454892754135e+22,8.369933450177504870e+20,1.396804384480402637e+19,2.346082596401004160e+17,3.948734733251524500e+15,6.650017779326660938e+13,6.650017779326660938e+13,6.650017779326660938e+13,6.650017779326660938e+13
1.818181818181818094e-02,4.875024563842855207e+22,7.966609787922496881e+20,1.325267358919519027e+19,2.224192733749448640e+17,3.742861447296358000e+15,6.303007808632112500e+13,6.303007808632112500e+13,6.303007808632112500e+13,6.303007808632112500e+13
1.787878787878787942e-02,4.968004150193464908e+22,8.169066414349484032e+20,1.361122204298941850e+19,2.285258528209512320e+17,3.845990549572866000e+15,6.476832133772889062e+13,6.476832133772889062e+13,6.476832133772889062e+13,6.476832133772889062e+13
1.848484848484848592e-02,4.780462730813624445e+22,7.762657899967441797e+20,1.289259361879644365e+19,2.162919045283385280e+17,3.639404662682226000e+15,6.128641285235420312e+13,6.128641285235420312e+13,6.128641285235420312e+13,6.128641285235420312e+13
1.818181818181818094e-02,4.875024563842854368e+22,7.966609787922487706e+20,1.325267358919518208e+19,2.224192733749447680e+17,3.742861447296354500e+15,6.303007808632107031e+13,6.303007808632107031e+13,6.303007808632107031e+13,6.303007808632107031e+13
1.878787878787878743e-02,4.684317669626724798e+22,7.557306712565238989e+20,1.253117824998088704e+19,2.101471328974821120e+17,3.535677425690245500e+15,5.953829006583510938e+13,5.953829006583510938e+13,5.953829006583510938e+13,5.953829006583510938e+13
1.848484848484848592e-02,4.780462730813625283e+22,7.762657899967441797e+20,1.289259361879644160e+19,2.162919045283385280e+17,3.639404662682223000e+15,6.128641285235420312e+13,6.128641285235420312e+13,6.128641285235420312e+13,6.128641285235420312e+13
1.909090909090909241e-02,4.586588382338670920e+22,7.350653823198965268e+20,1.216862446772362650e+19,2.039883461896702720e+17,3.431736920785772500e+15,5.778667311376125000e+13,5.778667311376125000e+13,5.778667311376125000e+13,5.778667311376125000e+13
1.878787878787878743e-02,4.684317669626723120e+22,7.557306712565235057e+20,1.253117824998088090e+19,2.101471328974819200e+17,3.535677425690242500e+15,5.953829006583506250e+13,5.953829006583506250e+13,5.953829006583506250e+13,5.953829006583506250e+13
1.939393939393939392e-02,4.487273854528898309e+22,7.142798467185857004e+20,1.180513000574744986e+19,1.978189308971747840e+17,3.327640247812700500e+15,5.603252368236807031e+13,5.603252368236807031e+13,5.603252368236807031e+13,5.603252368236807031e+13
1.909090909090909241e-02,4.586588382338672597e+22,7.350653823198961336e+20,1.216862446772362240e+19,2.039883461896702400e+17,3.431736920785771000e+15,5.778667311376124219e+13,5.778667311376124219e+13,5.778667311376124219e+13,5.778667311376124219e+13
1.969696969696969543e-02,4.386373055286871694e+22,6.933841520150706913e+20,1.144089322646159155e+19,1.916422699859643200e+17,3.223444382963791500e+15,5.427680110185421875e+13,5.427680110185421875e+13,5.427680110185421875e+13,5.427680110185421875e+13
1.939393939393939392e-02,4.487273854528895792e+22,7.142798467185853071e+20,1.180513000574744986e+19,1.978189308971747840e+17,3.327640247812699500e+15,5.603252368236804688e+13,5.603252368236804688e+13,5.603252368236804688e+13,5.603252368236804688e+13
2.000000000000000042e-02,4.283884937198711079e+22,6.723885500540237906e+20,1.107611299887649587e+19,1.854617405807109760e+17,3.119206139877388500e+15,5.252046169406894531e+13,5.252046169406894531e+13,5.252046169406894531e+13,5.252046169406894531e+13
1.969696969696969543e-02,4.386373055286867499e+22,6.933841520150706913e+20,1.144089322646158541e+19,1.916422699859642240e+17,3.223444382963790000e+15,5.427680110185417188e+13,5.427680110185417188e+13,5.427680110185417188e+13,5.427680110185417188e+13
2.030303030303030193e-02,4.179808436334020788e+22,6.513034572176685793e+20,1.071098857448681882e+19,1.792807116477047360e+17,3.014982130890817500e+15,5.076445812366132812e+13,5.076445812366132812e+13,5.076445812366132812e+13,5.076445812366132812e+13
2.000000000000000042e-02,4.283884937198711079e+22,6.723885500540240527e+20,1.107611299887649997e+19,1.854617405807108800e+17,3.119206139877389000e+15,5.252046169406892969e+13,5.252046169406892969e+13,5.252046169406892969e+13,5.252046169406892969e+13
2.060606060606060691e-02,4.074142472232930745e+22,6.301394546854762906e+20,1.034571946112152781e+19,1.731025416773127360e+17,2.910828728480586000e+15,4.900973875318891406e+13,4.900973875318891406e+13,4.900973875318891406e+13,4.900973875318891406e+13
2.030303030303030193e-02,4.179808436334017433e+22,6.513034572176684483e+20,1.071098857448681882e+19,1.792807116477047040e+17,3.014982130890817000e+15,5.076445812366129688e+13,5.076445812366129688e+13,5.076445812366129688e+13,5.076445812366129688e+13
2.090909090909090842e-02,3.966885947891819060e+22,6.089072886977501594e+20,9.980505294750619648e+18,1.669305763676254720e+17,2.806802026917988000e+15,4.725724700266701562e+13,4.725724700266701562e+13,4.725724700266701562e+13,4.725724700266701562e+13
2.060606060606060691e-02,4.074142472232929906e+22,6.301394546854764216e+20,1.034571946112153190e+19,1.731025416773127680e+17,2.910828728480586000e+15,4.900973875318891406e+13,4.900973875318891406e+13,4.900973875318891406e+13,4.900973875318891406e+13
2.121212121212121340e-02,3.858037749749939752e+22,5.876178708233821880e+20,9.615545709247832064e+18,1.607681463109836160e+17,2.702957804170935500e+15,4.550792071405148438e+13,4.550792071405148438e+13,4.550792071405148438e+13,4.550792071405148438e+13
2.090909090909090842e-02,3.966885947891814865e+22,6.089072886977498972e+20,9.980505294750615552e+18,1.669305763676252800e+17,2.806802026917988000e+15,4.725724700266699219e+13,4.725724700266699219e+13,4.725724700266699219e+13,4.725724700266699219e+13
2.151515151515151492e-02,3.747596747675166730e+22,5.662822782316378194e+20,9.251040204100788224e+18,1.546185646851338560e+17,2.599351484081138000e+15,4.376269152113043750e+13,4.376269152113043750e+13,4.376269152113043750e+13,4.376269152113043750e+13
2.121212121212121340e-02,3.858037749749938913e+22,5.876178708233820570e+20,9.615545709247836160e+18,1.607681463109836480e+17,2.702957804170936000e+15,4.550792071405148438e+13,4.550792071405148438e+13,4.550792071405148438e+13,4.550792071405148438e+13
2.181818181818181990e-02,3.635561794950054439e+22,5.449117539681749565e+20,8.887188010066001920e+18,1.484851249507345920e+17,2.496038098846489500e+15,4.202248422531767969e+13,4.202248422531767969e+13,4.202248422531767969e+13,4.202248422531767969e+13
2.151515151515151492e-02,3.747596747675163794e+22,5.662822782316371640e+20,9.251040204100784128e+18,1.546185646851337920e+17,2.599351484081137000e+15,4.376269152113041406e+13,4.376269152113041406e+13,4.376269152113041406e+13,4.376269152113041406e+13
2.212121212121212141e-02,3.521931728257423298e+22,5.235177072350533386e+20,8.524187952761012224e+18,1.423710985569952640e+17,2.393072251837652000e+15,4.028821617780755469e+13,4.028821617780755469e+13,4.028821617780755469e+13,4.028821617780755469e+13
2.181818181818181990e-02,3.635561794950054019e+22,5.449117539681746289e+20,8.887188010065999872e+18,1.484851249507345920e+17,2.496038098846491000e+15,4.202248422531769531e+13,4.202248422531769531e+13,4.202248422531769531e+13,4.202248422531769531e+13
2.242424242424242292e-02,3.406705367665863767e+22,5.021117136749040763e+20,8.162238314187938816e+18,1.362797326572441280e+17,2.290508080778413000e+15,3.856079666855756250e+13,3.856079666855756250e+13,3.856079666855756250e+13,3.856079666855756250e+13
2.212121212121212141e-02,3.521931728257424556e+22,5.235177072350532076e+20,8.524187952761014272e+18,1.423710985569953440e+17,2.393072251837651000e+15,4.028821617780758594e+13,4.028821617780758594e+13,4.028821617780758594e+13,4.028821617780758594e+13
2.272727272727272790e-02,3.289881516614930032e+22,4.807055156592137339e+20,7.801536692185135104e+18,1.302142478362662400e+17,2.188399221318993000e+15,3.684112632257351562e+13,3.684112632257351562e+13,3.684112632257351562e+13,3.684112632257351562e+13
2.242424242424242292e-02,3.406705367665860411e+22,5.021117136749038797e+20,8.162238314187936768e+18,1.362797326572440160e+17,2.290508080778410500e+15,3.856079666855755469e+13,3.856079666855755469e+13,3.856079666855755469e+13,3.856079666855755469e+13
2.303030303030302942e-02,3.171458961900463299e+22,4.593110225807240069e+20,7.442279857798208512e+18,1.241778358512753280e+17,2.086798771030899500e+15,3.513009650394636328e+13,3.513009650394636328e+13,3.513009650394636328e+13,3.513009650394636328e+13
2.272727272727272790e-02,3.289881516614930032e+22,4.807055156592137994e+20,7.801536692185141248e+18,1.302142478362662560e+17,2.188399221318992000e+15,3.684112632257350781e+13,3.684112632257350781e+13,3.684112632257350781e+13,3.684112632257350781e+13
2.333333333333333440e-02,3.051436473659009112e+22,4.379403111499582013e+20,7.084663610566814720e+18,1.181736573883714560e+17,1.985759253852126250e+15,3.342858872808890625e+13,3.342858872808890625e+13,3.342858872808890625e+13,3.342858872808890625e+13
2.303030303030302942e-02,3.171458961900459524e+22,4.593110225807236137e+20,7.442279857798206464e+18,1.241778358512752640e+17,2.086798771030898750e+15,3.513009650394635156e+13,3.513009650394635156e+13,3.513009650394635156e+13,3.513009650394635156e+13
2.363636363636363591e-02,2.929812805353081510e+22,4.166056256959102976e+20,6.728882631720056832e+18,1.122048398364559200e+17,1.885332585011426250e+15,3.173747408262321875e+13,3.173747408262321875e+13,3.173747408262321875e+13,3.173747408262321875e+13
2.333333333333333440e-02,3.051436473659007015e+22,4.379403111499582669e+20,7.084663610566811648e+18,1.181736573883714880e+17,1.985759253852126500e+15,3.342858872808889062e+13,3.342858872808889062e+13,3.342858872808889062e+13,3.342858872808889062e+13
2.393939393939394089e-02,2.806586693755332461e+22,3.953193784708408934e+20,6.375130335275181056e+18,1.062744750805043200e+17,1.785570036459308750e+15,3.005761265734643359e+13,3.005761265734643359e+13,3.005761265734643359e+13,3.005761265734643359e+13
2.363636363636363591e-02,2.929812805353077735e+22,4.166056256959101010e+20,6.728882631720055808e+18,1.122048398364558240e+17,1.885332585011423250e+15,3.173747408262319141e+13,3.173747408262319141e+13,3.173747408262319141e+13,3.173747408262319141e+13
2.424242424242424240e-02,2.681756858932978411e+22,3.740941499592163328e+20,6.023598717032535040e+18,1.003856173161777280e+17,1.686522202833986750e+15,2.838985298371200781e+13,2.838985298371200781e+13,2.838985298371200781e+13,2.838985298371200781e+13
2.393939393939394089e-02,2.806586693755332041e+22,3.953193784708408279e+20,6.375130335275180032e+18,1.062744750805042560e+17,1.785570036459308250e+15,3.005761265734642969e+13,3.005761265734642969e+13,3.005761265734642969e+13,3.005761265734642969e+13
2.454545454545454392e-02,2.555322004231754980e+22,3.529426891908367647e+20,5.674478201461998592e+18,9.454128088779273600e+16,1.588238967989692250e+15,2.673503148424050391e+13,2.673503148424050391e+13,2.673503148424050391e+13,2.673503148424050391e+13
2.424242424242424240e-02,2.681756858932978411e+22,3.740941499592163328e+20,6.023598717032535040e+18,1.003856173161777280e+17,1.686522202833986750e+15,2.838985298371201562e+13,2.838985298371201562e+13,2.838985298371201562e+13,2.838985298371201562e+13
2.484848484848484890e-02,2.427280816260000409e+22,3.318779140581010309e+20,5.327957486473333760e+18,8.874443815166374400e+16,1.490769472114373750e+15,2.509397193227809375e+13,2.509397193227809375e+13,2.509397193227809375e+13,2.509397193227809375e+13
2.454545454545454392e-02,2.555322004231754141e+22,3.529426891908365681e+20,5.674478201461991424e+18,9.454128088779272000e+16,1.588238967989691750e+15,2.673503148424048828e+13,2.673503148424048828e+13,2.673503148424048828e+13,2.673503148424048828e+13
2.515151515151515041e-02,2.297631964872283940e+22,3.109129116374164439e+20,4.984223386064498688e+18,8.299801736688080000e+16,1.394162079463861250e+15,2.346748492250188281e+13,2.346748492250188281e+13,2.346748492250188281e+13,2.346748492250188281e+13
2.484848484848484890e-02,2.427280816259999990e+22,3.318779140581008998e+20,5.327957486473334784e+18,8.874443815166379200e+16,1.490769472114372750e+15,2.509397193227808203e+13,2.509397193227808203e+13,2.509397193227808203e+13,2.509397193227808203e+13
2.545454545454545539e-02,2.166374103152982177e+22,2.900609385148440576e+20,4.643460670842286080e+18,7.730490061560956800e+16,1.298464346738554500e+15,2.185636735257514062e+13,2.185636735257514062e+13,2.185636735257514062e+13,2.185636735257514062e+13
2.515151515151515041e-02,2.297631964872282263e+22,3.109129116374160507e+20,4.984223386064501760e+18,8.299801736688076800e+16,1.394162079463859000e+15,2.346748492250187109e+13,2.346748492250187109e+13,2.346748492250187109e+13,2.346748492250187109e+13
2.575757575757575690e-02,2.033505867399816859e+22,2.693354211158436086e+20,4.305851906407561216e+18,7.166792175504430400e+16,1.203722992128728000e+15,2.026140191632576172e+13,2.026140191632576172e+13,2.026140191632576172e+13,2.026140191632576172e+13
2.545454545454545539e-02,2.166374103152982177e+22,2.900609385148437955e+20,4.643460670842288128e+18,7.730490061560955200e+16,1.298464346738554250e+15,2.185636735257513672e+13,2.185636735257513672e+13,2.185636735257513672e+13,2.185636735257513672e+13
2.606060606060606188e-02,1.899025877106472413e+22,2.487499560392388444e+20,3.971577289598638592e+18,6.608986440313153600e+16,1.109983865053648875e+15,1.868335660883749609e+13,1.868335660883749609e+13,1.868335660883749609e+13,1.868335660883749609e+13
2.575757575757575690e-02,2.033505867399815181e+22,2.693354211158433137e+20,4.305851906407557632e+18,7.166792175504424000e+16,1.203722992128727500e+15,2.026140191632574219e+13,2.026140191632574219e+13,2.026140191632574219e+13,2.026140191632574219e+13
2.636363636363636340e-02,1.762932734945534149e+22,2.283183103953670308e+20,3.640814482587269632e+18,6.057345996026854400e+16,1.017291916619853000e+15,1.712298424380852344e+13,1.712298424380852344e+13,1.712298424380852344e+13,1.712298424380852344e+13
2.606060606060606188e-02,1.899025877106471154e+22,2.487499560392387789e+20,3.971577289598638592e+18,6.608986440313152000e+16,1.109983865053648250e+15,1.868335660883749609e+13,1.868335660883749609e+13,1.868335660883749609e+13,1.868335660883749609e+13
2.666666666666666491e-02,1.625225026751616464e+22,2.080544221484554977e+20,3.313738444819347456e+18,5.512138566918323200e+16,9.256911708226800000e+14,1.558102198354472656e+13,1.558102198354472656e+13,1.558102198354472656e+13,1.558102198354472656e+13
2.636363636363636340e-02,1.762932734945533100e+22,2.283183103953668997e+20,3.640814482587267584e+18,6.057345996026850400e+16,1.017291916619853250e+15,1.712298424380852930e+13,1.712298424380852930e+13,1.712298424380852930e+13,1.712298424380852930e+13
2.696969696969696989e-02,1.485901321503759139e+22,1.879724004631543480e+20,2.990521262793744384e+18,4.973626271520365600e+16,8.352246965148617500e+14,1.405819088192173633e+13,1.405819088192173633e+13,1.405819088192173633e+13,1.405819088192173633e+13
2.666666666666666491e-02,1.625225026751614786e+22,2.080544221484554322e+20,3.313738444819344896e+18,5.512138566918316800e+16,9.256911708226791250e+14,1.558102198354472070e+13,1.558102198354472070e+13,1.558102198354472070e+13,1.558102198354472070e+13
2.727272727272727140e-02,1.344960171307406302e+22,1.680865260553184543e+20,2.671331977672496128e+18,4.442065436921094400e+16,7.459345801656708750e+14,1.255519544065794141e+13,1.255519544065794141e+13,1.255519544065794141e+13,1.255519544065794141e+13
2.696969696969696989e-02,1.485901321503758090e+22,1.879724004631543808e+20,2.990521262793741824e+18,4.973626271520361600e+16,8.352246965148612500e+14,1.405819088192173438e+13,1.405819088192173438e+13,1.405819088192173438e+13,1.405819088192173438e+13
2.757575757575757638e-02,1.202400111376852006e+22,1.484112515469773046e+20,2.356336410715091968e+18,3.917706417555556000e+16,6.578618994328230000e+14,1.107272317921539844e+13,1.107272317921539844e+13,1.107272317921539844e+13,1.107272317921539844e+13
2.727272727272727140e-02,1.344960171307405043e+22,1.680865260553183560e+20,2.671331977672493056e+18,4.442065436921090400e+16,7.459345801656698750e+14,1.255519544065793164e+13,1.255519544065793164e+13,1.255519544065793164e+13,1.255519544065793164e+13
2.787878787878787790e-02,1.058219660016673935e+22,1.289612018255561196e+20,2.045696986530006016e+18,3.400793418726743600e+16,5.710466975695541250e+14,9.611444218645570312e+12,9.611444218645570312e+12,9.611444218645570312e+12,9.611444218645570312e+12
2.757575757575757638e-02,1.202400111376851377e+22,1.484112515469772390e+20,2.356336410715090944e+18,3.917706417555555200e+16,6.578618994328230000e+14,1.107272317921539648e+13,1.107272317921539648e+13,1.107272317921539648e+13,1.107272317921539648e+13
2.818181818181818288e-02,9.124173186040921588e+21,1.097511744073143910e+20,1.739572554136048896e+18,2.891564325091522800e+16,4.855279586877386875e+14,8.172010879675252930e+12,8.172010879675252930e+12,8.172010879675252930e+12,8.172010879675252930e+12
2.787878787878787790e-02,1.058219660016673515e+22,1.289612018255560704e+20,2.045696986530004224e+18,3.400793418726740000e+16,5.710466975695540000e+14,9.611444218645560547e+12,9.611444218645560547e+12,9.611444218645560547e+12,9.611444218645560547e+12
2.848484848484848439e-02,7.649915715697678221e+21,9.079613980503303782e+19,1.438118205826262528e+18,2.390250534350114400e+16,4.013435838977752500e+14,6.755057295321642578e+12,6.755057295321642578e+12,6.755057295321642578e+12,6.755057295321642578e+12
2.818181818181818288e-02,9.124173186040915296e+21,1.097511744073143910e+20,1.739572554136048640e+18,2.891564325091522400e+16,4.855279586877385625e+14,8.172010879675254883e+12,8.172010879675254883e+12,8.172010879675254883e+12,8.172010879675254883e+12
2.878787878787878937e-02,6.159408863797040906e+21,7.211124189993266381e+19,1.141485093827216256e+18,1.897076796380340800e+16,3.185303683449056875e+14,5.361199038310832031e+12,5.361199038310832031e+12,5.361199038310832031e+12,5.361199038310832031e+12
2.848484848484848439e-02,7.649915715697670881e+21,9.079613980503295590e+19,1.438118205826261248e+18,2.390250534350112000e+16,4.013435838977746875e+14,6.755057295321637695e+12,6.755057295321637695e+12,6.755057295321637695e+12,6.755057295321637695e+12
2.909090909090909088e-02,4.652637135154549621e+21,5.371179831786233037e+19,8.498202447458499840e+17,1.412261058062063800e+16,2.371239791609583438e+14,3.991032763562574219e+12,3.991032763562574219e+12,3.991032763562574219e+12,3.991032763562574219e+12
2.878787878787878937e-02,6.159408863797041955e+21,7.211124189993262285e+19,1.141485093827217408e+18,1.897076796380341200e+16,3.185303683449055625e+14,5.361199038310827148e+12,5.361199038310827148e+12,5.361199038310827148e+12,5.361199038310827148e+12
2.939393939393939240e-02,3.129584864558555070e+21,3.561330080974739046e+19,5.632663717967154560e+17,9.360143140390748000e+15,1.571589343497350938e+14,2.645135865990946777e+12,2.645135865990946777e+12,2.645135865990946777e+12,2.645135865990946777e+12
2.909090909090909088e-02,4.652637135154553815e+21,5.371179831786232218e+19,8.498202447458499840e+17,1.412261058062063800e+16,2.371239791609580938e+14,3.991032763562571777e+12,3.991032763562571777e+12,3.991032763562571777e+12,3.991032763562571777e+12
2.969696969696969738e-02,1.590236216572299969e+21,1.783141563630382694e+19,2.819616848017393920e+17,4.685404636695180000e+15,7.866858262317582812e+13,1.324066153855423584e+12,1.324066153855423584e+12,1.324066153855423584e+12,1.324066153855423584e+12
2.939393939393939240e-02,3.129584864558551925e+21,3.561330080974738227e+19,5.632663717967150080e+17,9.360143140390742000e+15,1.571589343497348750e+14,2.645135865990944336e+12,2.645135865990944336e+12,2.645135865990944336e+12,2.645135865990944336e+12
2.999999999999999889e-02,3.457518533734728909e+19,3.819839570288382720e+17,6.039697954807152000e+15,1.003617441871998906e+14,1.685084204773688721e+12,2.836153788760572815e+10,2.836153788760572815e+10,2.836153788760572815e+10,2.836153788760572815e+10
2.969696969696969738e-02,1.590236216572298658e+21,1.783141563630381670e+19,2.819616848017391680e+17,4.685404636695179000e+15,7.866858262317573438e+13,1.324066153855422607e+12,1.324066153855422607e+12,1.324066153855422607e+12,1.324066153855422607e+12
