x,t=1.00e+00s,t=2.00e+00s,t=3.00e+00s,t=4.00e+00s,t=5.00e+00s,t=6.00e+00s,t=7.00e+00s,t=8.00e+00s,t=9.00e+00s
3.030303030303030300e-04,2.778802638348870492e+24,2.778803417612198024e+24,2.778804198448369959e+24,2.778804979497197537e+24,2.778805758778522592e+24,2.778806530895726233e+24,2.778807281559777611e+24,2.778807976806564437e+24,2.778808543725238901e+24
0.000000000000000000e+00,2.778802634002242256e+24,2.778803413252991976e+24,2.778804194080356007e+24,2.778804975127960593e+24,2.778805754419134545e+24,2.778806526576302320e+24,2.778807277360065173e+24,2.778807972916155680e+24,2.778808540551185592e+24
6.060606060606060601e-04,2.778802684101249057e+24,2.778803463709172016e+24,2.778804244635775561e+24,2.778805025696423426e+24,2.778805804872074032e+24,2.778806576562431475e+24,2.778807325949356073e+24,2.778808017898801480e+24,2.778808577185207927e+24
3.030303030303030300e-04,2.778802638348870492e+24,2.778803417612198024e+24,2.778804198448371570e+24,2.778804979497196463e+24,2.778805758778525276e+24,2.778806530895727844e+24,2.778807281559779221e+24,2.778807976806566047e+24,2.778808543725238901e+24
9.090909090909090901e-04,2.778802756215287556e+24,2.778803536232204680e+24,2.778804317284458568e+24,2.778805098358191587e+24,2.778805877359147619e+24,2.778806648354888055e+24,2.778807395671536411e+24,2.778808082288612953e+24,2.778808629257259354e+24
6.060606060606060601e-04,2.778802684101251205e+24,2.778803463709175774e+24,2.778804244635775024e+24,2.778805025696423426e+24,2.778805804872075642e+24,2.778806576562433623e+24,2.778807325949360905e+24,2.778808017898803091e+24,2.778808577185208464e+24
1.212121212121212120e-03,2.778802856662548848e+24,2.778803637077913310e+24,2.778804418278535232e+24,2.778805199359947653e+24,2.778805978100394592e+24,2.778806748081592348e+24,2.778807492390864338e+24,2.778808171288503280e+24,2.778808700477297188e+24
9.090909090909090901e-04,2.778802756215287019e+24,2.778803536232206828e+24,2.778804317284456957e+24,2.778805098358191587e+24,2.778805877359147619e+24,2.778806648354886444e+24,2.778807395671537485e+24,2.778808082288614027e+24,2.778808629257258817e+24
1.515151515151515150e-03,2.778802985741292107e+24,2.778803766531862764e+24,2.778804547890888986e+24,2.778805328965771446e+24,2.778806107341320647e+24,2.778806875934706022e+24,2.778807616157770823e+24,2.778808284612684801e+24,2.778808789839397140e+24
1.212121212121212120e-03,2.778802856662548848e+24,2.778803637077914384e+24,2.778804418278537380e+24,2.778805199359948727e+24,2.778805978100395665e+24,2.778806748081592348e+24,2.778807492390865412e+24,2.778808171288503817e+24,2.778808700477296651e+24
1.818181818181818180e-03,2.778803143556935694e+24,2.778803924692725622e+24,2.778804706209770133e+24,2.778805487253545218e+24,2.778806265135307399e+24,2.778807031896990691e+24,2.778807766768664753e+24,2.778808421619028766e+24,2.778808895769715151e+24
1.515151515151515150e-03,2.778802985741293181e+24,2.778803766531863838e+24,2.778804547890888986e+24,2.778805328965773593e+24,2.778806107341319574e+24,2.778806875934705486e+24,2.778807616157769749e+24,2.778808284612686411e+24,2.778808789839396066e+24
2.121212121212120993e-03,2.778803330162226102e+24,2.778804111610069027e+24,2.778804893276177357e+24,2.778805674252267516e+24,2.778806451479515872e+24,2.778807215872732469e+24,2.778807943883853943e+24,2.778808581397186255e+24,2.778809016152905740e+24
1.818181818181818180e-03,2.778803143556937841e+24,2.778803924692728306e+24,2.778804706209770670e+24,2.778805487253546829e+24,2.778806265135308472e+24,2.778807031896991764e+24,2.778807766768664753e+24,2.778808421619029303e+24,2.778808895769716225e+24
2.424242424242424240e-03,2.778803545588621820e+24,2.778804327314511800e+24,2.778805109113579970e+24,2.778805889971449007e+24,2.778806666342542340e+24,2.778807427710203048e+24,2.778808147036983865e+24,2.778808762749581336e+24,2.778809148257275218e+24
2.121212121212120993e-03,2.778803330162223418e+24,2.778804111610066879e+24,2.778804893276174673e+24,2.778805674252266979e+24,2.778806451479513724e+24,2.778807215872730322e+24,2.778807943883852333e+24,2.778808581397184107e+24,2.778809016152905203e+24
2.727272727272727487e-03,2.778803789856700035e+24,2.778804571827239943e+24,2.778805353736913184e+24,2.778806134409475857e+24,2.778806909670530598e+24,2.778807667201171140e+24,2.778808375618476253e+24,2.778808964140411015e+24,2.778809288617240243e+24
2.424242424242424240e-03,2.778803545588621283e+24,2.778804327314511800e+24,2.778805109113579970e+24,2.778805889971451154e+24,2.778806666342539656e+24,2.778807427710203048e+24,2.778808147036981718e+24,2.778808762749582947e+24,2.778809148257274144e+24
3.030303030303030300e-03,2.778804062980560053e+24,2.778804845163722316e+24,2.778805627155745650e+24,2.778806407555895190e+24,2.778807181386489598e+24,2.778807934071789628e+24,2.778808628846050595e+24,2.778809183622964720e+24,2.778809432878305809e+24
2.727272727272727487e-03,2.778803789856702720e+24,2.778804571827241017e+24,2.778805353736914258e+24,2.778806134409479078e+24,2.778806909670531134e+24,2.778807667201174361e+24,2.778808375618480548e+24,2.778808964140412088e+24,2.778809288617241317e+24
3.333333333333333114e-03,2.778804364970058821e+24,2.778805147335472653e+24,2.778805929375492783e+24,2.778806709391394148e+24,2.778807481386366778e+24,2.778808227967817665e+24,2.778808905724162463e+24,2.778809418744966450e+24,2.778809575600173208e+24
3.030303030303030300e-03,2.778804062980560053e+24,2.778804845163722316e+24,2.778805627155746723e+24,2.778806407555895190e+24,2.778807181386489061e+24,2.778807934071790702e+24,2.778808628846052743e+24,2.778809183622962036e+24,2.778809432878305809e+24
3.636363636363636360e-03,2.778804695832104259e+24,2.778805478350999284e+24,2.778806260397752850e+24,2.778807039886552742e+24,2.778807809532747881e+24,2.778808548434471899e+24,2.778809204991263999e+24,2.778809666428198111e+24,2.778809710009811621e+24
3.333333333333333114e-03,2.778804364970057747e+24,2.778805147335472116e+24,2.778805929375491173e+24,2.778806709391392000e+24,2.778807481386367315e+24,2.778808227967817665e+24,2.778808905724161390e+24,2.778809418744964303e+24,2.778809575600172135e+24
3.939393939393939607e-03,2.778805055571468076e+24,2.778805838216341471e+24,2.778806620220180260e+24,2.778807398999664156e+24,2.778808165646122065e+24,2.778808894890069342e+24,2.778809525052404065e+24,2.778809922816787316e+24,2.778809827693645330e+24
3.636363636363636360e-03,2.778804695832105333e+24,2.778805478350998211e+24,2.778806260397752313e+24,2.778807039886551668e+24,2.778807809532747345e+24,2.778808548434471362e+24,2.778809204991262389e+24,2.778809666428198648e+24,2.778809710009810548e+24
4.242424242424241987e-03,2.778805444191306534e+24,2.778806226935407633e+24,2.778807008836043726e+24,2.778807786673617135e+24,2.778808549493388033e+24,2.778809266592049875e+24,2.778809863893651556e+24,2.778810183086785711e+24,2.778809918215080972e+24
3.939393939393939607e-03,2.778805055571468613e+24,2.778805838216342545e+24,2.778806620220180797e+24,2.778807398999666303e+24,2.778808165646122602e+24,2.778808894890068268e+24,2.778809525052404065e+24,2.778809922816788927e+24,2.778809827693646404e+24
4.545454545454545234e-03,2.778805861693549149e+24,2.778806644510145538e+24,2.778807426233483234e+24,2.778808202831731481e+24,2.778808960772856544e+24,2.778809662593503133e+24,2.778810218973841293e+24,2.778810441207782723e+24,2.778809968640339395e+24
4.242424242424241987e-03,2.778805444191308145e+24,2.778806226935406022e+24,2.778807008836046410e+24,2.778807786673617135e+24,2.778808549493389643e+24,2.778809266592052022e+24,2.778809863893653167e+24,2.778810183086786247e+24,2.778809918215083119e+24
4.848484848484848481e-03,2.778806308079141887e+24,2.778807090940597062e+24,2.778807872394381536e+24,2.778808647372176741e+24,2.778809399094844141e+24,2.778810081687565855e+24,2.778810587087733669e+24,2.778810689644800472e+24,2.778809962951370133e+24
4.545454545454545234e-03,2.778805861693550223e+24,2.778806644510143927e+24,2.778807426233483234e+24,2.778808202831727723e+24,2.778808960772856544e+24,2.778809662593503670e+24,2.778810218973841293e+24,2.778810441207780039e+24,2.778809968640339932e+24
5.151515151515151728e-03,2.778806783348246346e+24,2.778807566224846649e+24,2.778808347292849645e+24,2.778809120160760956e+24,2.778809863956594302e+24,2.778810522336491035e+24,2.778810964193347312e+24,2.778810918986001708e+24,2.778809881319993881e+24
4.848484848484848481e-03,2.778806308079143498e+24,2.778807090940596525e+24,2.778807872394380999e+24,2.778808647372177815e+24,2.778809399094842531e+24,2.778810081687565855e+24,2.778810587087732059e+24,2.778810689644801546e+24,2.778809962951369059e+24
5.454545454545454974e-03,2.778807287500354110e+24,2.778808070358823208e+24,2.778808850893131957e+24,2.778809621021355571e+24,2.778810354709933110e+24,2.778810982581168532e+24,2.778811345194143569e+24,2.778811117478017835e+24,2.778809699211226068e+24
5.151515151515151728e-03,2.778806783348247957e+24,2.778807566224846112e+24,2.778808347292849108e+24,2.778809120160758809e+24,2.778809863956592692e+24,2.778810522336491035e+24,2.778810964193345165e+24,2.778810918986003318e+24,2.778809881319993344e+24
5.757575757575757354e-03,2.778807820534369961e+24,2.778808603335954365e+24,2.778809383146790368e+24,2.778810149723451838e+24,2.778810870519506070e+24,2.778811459925782114e+24,2.778811723664440657e+24,2.778811270446512729e+24,2.778809386276693024e+24
5.454545454545454974e-03,2.778807287500356257e+24,2.778808070358822134e+24,2.778808850893134641e+24,2.778809621021352887e+24,2.778810354709931500e+24,2.778810982581170680e+24,2.778811345194143569e+24,2.778811117478018908e+24,2.778809699211228215e+24
6.060606060606060601e-03,2.778808382448646780e+24,2.778809165146680596e+24,2.778809943988955303e+24,2.778810705965897388e+24,2.778811410308963775e+24,2.778811951190793261e+24,2.778812091503447074e+24,2.778811359574102098e+24,2.778808904990146110e+24
5.757575757575757354e-03,2.778807820534369961e+24,2.778808603335955975e+24,2.778809383146791979e+24,2.778810149723451838e+24,2.778810870519507680e+24,2.778811459925782651e+24,2.778811723664441731e+24,2.778811270446515413e+24,2.778809386276692488e+24
6.363636363636363848e-03,2.778808973240982321e+24,2.778809755777673544e+24,2.778810533333293087e+24,2.778811289355580307e+24,2.778811972691518730e+24,2.778812452325688110e+24,2.778812438499607490e+24,2.778811362001120471e+24,2.778808208966504390e+24
6.060606060606060601e-03,2.778808382448646780e+24,2.778809165146681669e+24,2.778809943988955840e+24,2.778810705965895240e+24,2.778811410308962701e+24,2.778811951190792724e+24,2.778812091503448148e+24,2.778811359574102098e+24,2.778808904990146110e+24
6.666666666666666227e-03,2.778809592908577342e+24,2.778810375210799320e+24,2.778811151065371833e+24,2.778811899379680425e+24,2.778812555880446825e+24,2.778812958170472012e+24,2.778812751782264812e+24,2.778811249206659278e+24,2.778807240892853462e+24
6.363636363636363848e-03,2.778808973240982858e+24,2.778809755777674080e+24,2.778810533333292550e+24,2.778811289355581380e+24,2.778811972691517657e+24,2.778812452325687573e+24,2.778812438499608563e+24,2.778811362001121545e+24,2.778808208966507074e+24
6.969696969696969474e-03,2.778810241447956138e+24,2.778811023421687743e+24,2.778811797033819713e+24,2.778812535369343024e+24,2.778813157573773362e+24,2.778813462152107155e+24,2.778813015131986686e+24,2.778810985617203067e+24,2.778805929984183601e+24
6.666666666666666227e-03,2.778809592908578415e+24,2.778810375210800930e+24,2.778811151065370222e+24,2.778811899379681499e+24,2.778812555880447361e+24,2.778812958170472012e+24,2.778812751782266423e+24,2.778811249206660889e+24,2.778807240892855609e+24
7.272727272727272721e-03,2.778810918854806026e+24,2.778811700377744843e+24,2.778812471038595404e+24,2.778813196452302120e+24,2.778813774805601161e+24,2.778813955898222125e+24,2.778813208113542592e+24,2.778810526877907849e+24,2.778804188857764896e+24
6.969696969696969474e-03,2.778810241447956675e+24,2.778811023421686669e+24,2.778811797033819176e+24,2.778812535369343561e+24,2.778813157573772825e+24,2.778813462152108229e+24,2.778813015131985076e+24,2.778810985617202530e+24,2.778805929984182528e+24
7.575757575757575968e-03,2.778811625123771182e+24,2.778812406035511993e+24,2.778813172815502584e+24,2.778813881491008245e+24,2.778814403754695670e+24,2.778814428745862140e+24,2.778813304986790336e+24,2.778809817706634649e+24,2.778801909697237324e+24
7.272727272727272721e-03,2.778810918854807637e+24,2.778811700377744306e+24,2.778812471038596478e+24,2.778813196452302120e+24,2.778813774805601161e+24,2.778813955898222125e+24,2.778813208113542592e+24,2.778810526877907312e+24,2.778804188857762748e+24
7.878787878787879215e-03,2.778812360248144477e+24,2.778813140337055454e+24,2.778813902015598780e+24,2.778814589001876080e+24,2.778815039497932372e+24,2.778814867117048588e+24,2.778813273339471992e+24,2.778808789232383506e+24,2.778798959550096164e+24
7.575757575757575968e-03,2.778811625123770645e+24,2.778812406035509846e+24,2.778813172815502584e+24,2.778813881491008245e+24,2.778814403754695133e+24,2.778814428745858382e+24,2.778813304986789262e+24,2.778809817706635723e+24,2.778801909697239472e+24
8.181818181818182462e-03,2.778813124219419729e+24,2.778813903205128628e+24,2.778814658178008771e+24,2.778815317049916019e+24,2.778815675692981917e+24,2.778815253725522187e+24,2.778813072372290371e+24,2.778807355697383508e+24,2.778795174569241968e+24
7.878787878787879215e-03,2.778812360248141793e+24,2.778813140337054380e+24,2.778813902015598244e+24,2.778814589001876617e+24,2.778815039497932372e+24,2.778814867117046441e+24,2.778813273339470918e+24,2.778808789232383506e+24,2.778798959550097774e+24
8.484848484848483974e-03,2.778813917026709733e+24,2.778814694536665184e+24,2.778815440693878529e+24,2.778816063111245830e+24,2.778816304170007444e+24,2.778815566569658517e+24,2.778812650749585518e+24,2.778805410374904078e+24,2.778790352970012663e+24
8.181818181818182462e-03,2.778813124219419729e+24,2.778813903205131312e+24,2.778814658178009308e+24,2.778815317049917630e+24,2.778815675692984601e+24,2.778815253725524334e+24,2.778813072372290371e+24,2.778807355697384045e+24,2.778795174569244115e+24
8.787878787878787221e-03,2.778814738655899615e+24,2.778815514193990483e+24,2.778816248758708602e+24,2.778816823893787574e+24,2.778816914406584963e+24,2.778815777654742631e+24,2.778811943907940161e+24,2.778802820521668215e+24,2.778784246426947981e+24
8.484848484848483974e-03,2.778813917026710807e+24,2.778814694536663573e+24,2.778815440693877992e+24,2.778816063111245293e+24,2.778816304170006907e+24,2.778815566569659590e+24,2.778812650749584982e+24,2.778805410374903541e+24,2.778790352970012126e+24
9.090909090909090468e-03,2.778815589088526921e+24,2.778816361993046923e+24,2.778817081309222392e+24,2.778817595103458183e+24,2.778817492852756766e+24,2.778815851373114086e+24,2.778810870689185732e+24,2.778799421143619952e+24,2.778776549578547244e+24
8.787878787878787221e-03,2.778814738655900152e+24,2.778815514193988873e+24,2.778816248758708065e+24,2.778816823893788111e+24,2.778816914406584426e+24,2.778815777654741557e+24,2.778811943907940698e+24,2.778802820521667141e+24,2.778784246426949592e+24
9.393939393939393714e-03,2.778816468300198385e+24,2.778817237687532087e+24,2.778817936939860711e+24,2.778818371139416292e+24,2.778818022063961276e+24,2.778815742452149143e+24,2.778809329132346425e+24,2.778795007305351619e+24,2.778766887241765903e+24
9.090909090909090468e-03,2.778815589088525847e+24,2.778816361993045312e+24,2.778817081309220244e+24,2.778817595103459257e+24,2.778817492852757840e+24,2.778815851373114086e+24,2.778810870689185195e+24,2.778799421143619415e+24,2.778776549578548854e+24
9.696969696969696961e-03,2.778817376258484320e+24,2.778818140947600541e+24,2.778818813792271743e+24,2.778819144696945806e+24,2.778818479587775918e+24,2.778815393356907750e+24,2.778807191220043781e+24,2.778789324654921197e+24,2.778754798859308677e+24
9.393939393939393714e-03,2.778816468300197848e+24,2.778817237687531551e+24,2.778817936939859101e+24,2.778818371139416292e+24,2.778818022063962350e+24,2.778815742452149680e+24,2.778809329132345888e+24,2.778795007305351619e+24,2.778766887241766977e+24
1.000000000000000021e-02,2.778818312919988375e+24,2.778819071331184186e+24,2.778819709409138267e+24,2.778819906250239296e+24,2.778818836535543599e+24,2.778814731005506835e+24,2.778804296326836545e+24,2.778782057765547454e+24,2.778739719609914558e+24
9.696969696969696961e-03,2.778817376258483783e+24,2.778818140947597857e+24,2.778818813792271206e+24,2.778819144696944195e+24,2.778818479587776455e+24,2.778815393356907750e+24,2.778807191220043781e+24,2.778789324654920124e+24,2.778754798859309214e+24
1.030303030303030346e-02,2.778819278226343556e+24,2.778820028245479824e+24,2.778820620540801590e+24,2.778820643379017457e+24,2.778819055750950339e+24,2.778813662619231102e+24,2.778800443058434368e+24,2.778772815811258895e+24,2.778720957502777603e+24
1.000000000000000021e-02,2.778818312919987301e+24,2.778819071331181502e+24,2.778819709409138267e+24,2.778819906250235538e+24,2.778818836535543062e+24,2.778814731005506835e+24,2.778804296326836008e+24,2.778782057765545844e+24,2.778739719609914558e+24
1.060606060606060670e-02,2.778820272098774794e+24,2.778821010895127158e+24,2.778821542889581609e+24,2.778821339892282764e+24,2.778819089463563837e+24,2.778812070484737731e+24,2.778795379099242305e+24,2.778761114992871668e+24,2.778697665649530133e+24
1.030303030303030346e-02,2.778819278226343556e+24,2.778820028245477677e+24,2.778820620540802127e+24,2.778820643379015309e+24,2.778819055750947117e+24,2.778813662619230565e+24,2.778800443058433294e+24,2.778772815811258358e+24,2.778720957502777603e+24
1.090909090909090995e-02,2.778821294430588659e+24,2.778822018212541736e+24,2.778822470771716708e+24,2.778821974688668693e+24,2.778818876284951064e+24,2.778809805350178558e+24,2.778788788598754293e+24,2.778746357010552089e+24,2.778668808758456064e+24
1.060606060606060670e-02,2.778820272098774794e+24,2.778821010895127695e+24,2.778821542889582146e+24,2.778821339892282764e+24,2.778819089463562763e+24,2.778812070484737731e+24,2.778795379099241768e+24,2.778761114992869521e+24,2.778697665649530133e+24
1.121212121212121146e-02,2.778822345076962075e+24,2.778823048764217021e+24,2.778823396670547578e+24,2.778822520275047515e+24,2.778818337366390321e+24,2.778806678108318558e+24,2.778780276521876125e+24,2.778727802736754276e+24,2.778633122722907402e+24
1.090909090909090995e-02,2.778821294430589733e+24,2.778822018212544958e+24,2.778822470771716708e+24,2.778821974688671377e+24,2.778818876284952675e+24,2.778809805350181242e+24,2.778788788598754293e+24,2.778746357010550479e+24,2.778668808758460359e+24
1.151515151515151471e-02,2.778823423840894556e+24,2.778824100624726151e+24,2.778824310646150340e+24,2.778822940842141212e+24,2.778817371488704094e+24,2.778802449334808342e+24,2.778769349260856277e+24,2.778704540074845812e+24,2.778589065976637785e+24
1.121212121212121146e-02,2.778822345076961001e+24,2.778823048764217021e+24,2.778823396670545431e+24,2.778822520275047515e+24,2.778818337366391394e+24,2.778806678108316948e+24,2.778780276521875588e+24,2.778727802736752128e+24,2.778633122722908475e+24
1.181818181818181795e-02,2.778824530454011311e+24,2.778825171207284414e+24,2.778825199555491276e+24,2.778823189766237244e+24,2.778815848793462238e+24,2.778796816145046819e+24,2.778755390652683521e+24,2.778675444790357848e+24,2.778534761059963365e+24
1.151515151515151471e-02,2.778823423840894019e+24,2.778824100624725615e+24,2.778824310646149803e+24,2.778822940842140675e+24,2.778817371488704631e+24,2.778802449334805658e+24,2.778769349260855204e+24,2.778704540074845812e+24,2.778589065976637249e+24
1.212121212121212120e-02,2.778825664550231341e+24,2.778826257035909816e+24,2.778826046022803985e+24,2.778823206368274949e+24,2.778813602787862231e+24,2.778789395704351119e+24,2.778737632361403157e+24,2.778639132869213381e+24,2.778467924579641067e+24
1.181818181818181795e-02,2.778824530454010237e+24,2.778825171207284414e+24,2.778825199555492350e+24,2.778823189766237244e+24,2.778815848793461165e+24,2.778796816145044671e+24,2.778755390652681910e+24,2.778675444790357848e+24,2.778534761059961755e+24
1.242424242424242445e-02,2.778826825629667697e+24,2.778827353439034073e+24,2.778826827080579053e+24,2.778822911712569204e+24,2.778810420158966197e+24,2.778779704568381687e+24,2.778715117363817968e+24,2.778593902686271244e+24,2.778385783449376845e+24
1.212121212121212120e-02,2.778825664550231341e+24,2.778826257035910353e+24,2.778826046022803985e+24,2.778823206368272265e+24,2.778813602787860620e+24,2.778789395704350583e+24,2.778737632361402084e+24,2.778639132869212844e+24,2.778467924579639456e+24
1.272727272727272770e-02,2.778828013009159659e+24,2.778828454137591631e+24,2.778827512376781890e+24,2.778822203165244693e+24,2.778806027812115602e+24,2.778767132837803446e+24,2.778686655013763322e+24,2.778537664952784407e+24,2.778284974965136824e+24
1.242424242424242445e-02,2.778826825629668234e+24,2.778827353439036221e+24,2.778826827080579590e+24,2.778822911712569204e+24,2.778810420158965123e+24,2.778779704568381151e+24,2.778715117363817968e+24,2.778593902686273391e+24,2.778385783449375771e+24
1.303030303030303094e-02,2.778829225754345683e+24,2.778829550691175035e+24,2.778828061810894137e+24,2.778820947352095331e+24,2.778800076397190125e+24,2.778750911876274904e+24,2.778650765847800819e+24,2.778467858048765848e+24,2.778161427898127838e+24
1.272727272727272770e-02,2.778828013009158585e+24,2.778828454137591631e+24,2.778827512376781890e+24,2.778822203165245230e+24,2.778806027812115602e+24,2.778767132837803446e+24,2.778686655013762248e+24,2.778537664952784407e+24,2.778284974965136288e+24
1.333333333333333245e-02,2.778830462586569980e+24,2.778830631753597919e+24,2.778828422418474855e+24,2.778818971053667517e+24,2.778792119398237255e+24,2.778730074055474187e+24,2.778605613926075028e+24,2.778381345930748881e+24,2.778010221378257275e+24
1.303030303030303094e-02,2.778829225754347293e+24,2.778829550691175035e+24,2.778828061810895211e+24,2.778820947352096405e+24,2.778800076397190662e+24,2.778750911876277052e+24,2.778650765847800819e+24,2.778467858048766385e+24,2.778161427898127301e+24
1.363636363636363570e-02,2.778831721755005776e+24,2.778831682072316870e+24,2.778828524267809968e+24,2.778816049444841893e+24,2.778781586628050673e+24,2.778703402645780552e+24,2.778548924068651248e+24,2.778274295333099980e+24,2.777825417893145727e+24
1.333333333333333245e-02,2.778830462586569443e+24,2.778830631753597382e+24,2.778828422418474318e+24,2.778818971053666444e+24,2.778792119398234570e+24,2.778730074055472576e+24,2.778605613926073418e+24,2.778381345930748881e+24,2.778010221378254590e+24
1.393939393939393895e-02,2.778833000861186566e+24,2.778832681143861854e+24,2.778828275058634408e+24,2.778811890920334314e+24,2.778767750679488683e+24,2.778669369555602763e+24,2.778477880841155857e+24,2.778142028448401776e+24,2.777599866245131364e+24
1.363636363636363570e-02,2.778831721755005776e+24,2.778831682072316333e+24,2.778828524267808894e+24,2.778816049444838672e+24,2.778781586628050673e+24,2.778703402645778405e+24,2.778548924068651784e+24,2.778274295333099980e+24,2.777825417893145190e+24
1.424242424242424220e-02,2.778834296617990806e+24,2.778833601407411091e+24,2.778827553017229176e+24,2.778806117536824610e+24,2.778749684527326585e+24,2.778626058123713920e+24,2.778389005555720331e+24,2.777978846677819497e+24,2.777324969797067488e+24
1.393939393939393895e-02,2.778833000861186566e+24,2.778832681143861854e+24,2.778828275058635482e+24,2.778811890920332166e+24,2.778767750679488683e+24,2.778669369555600078e+24,2.778477880841154247e+24,2.778142028448400165e+24,2.777599866245131364e+24
1.454545454545454544e-02,2.778835604518628244e+24,2.778834405818407796e+24,2.778826197557273187e+24,2.778798239835342361e+24,2.778726208033714770e+24,2.778571067574095658e+24,2.778278006875831484e+24,2.777777820385608875e+24,2.776990414805880204e+24
1.424242424242424220e-02,2.778834296617990806e+24,2.778833601407411091e+24,2.778827553017230787e+24,2.778806117536826221e+24,2.778749684527324975e+24,2.778626058123711772e+24,2.778389005555720868e+24,2.777978846677820571e+24,2.777324969797065877e+24
1.484848484848484869e-02,2.778836918381834024e+24,2.778835044590366851e+24,2.778823997013291585e+24,2.778787624469934643e+24,2.778695820569890880e+24,2.778501395036528542e+24,2.778139599839181782e+24,2.777530538876162393e+24,2.776583853104201457e+24
1.454545454545454544e-02,2.778835604518627707e+24,2.778834405818408332e+24,2.778826197557274797e+24,2.778798239835343972e+24,2.778726208033716380e+24,2.778571067574096732e+24,2.778278006875833095e+24,2.777777820385609412e+24,2.776990414805878593e+24
1.515151515151515194e-02,2.778838229726851087e+24,2.778835450821007353e+24,2.778820672542562656e+24,2.778773452642987949e+24,2.778656616306252607e+24,2.778413290202786722e+24,2.777967287235292890e+24,2.777226814044241735e+24,2.776090532863283114e+24
1.484848484848484869e-02,2.778836918381831877e+24,2.778835044590367925e+24,2.778823997013292659e+24,2.778787624469935717e+24,2.778695820569889269e+24,2.778501395036528542e+24,2.778139599839182855e+24,2.777530538876165614e+24,2.776583853104200384e+24
1.545454545454545518e-02,2.778839526914292827e+24,2.778835534622633264e+24,2.778815857017305092e+24,2.778754666812292582e+24,2.778606177919831131e+24,2.778302076711524832e+24,2.777753096291502162e+24,2.776854330341250075e+24,2.775492870679866359e+24
1.515151515151515194e-02,2.778838229726849476e+24,2.778835450821008427e+24,2.778820672542561582e+24,2.778773452642987949e+24,2.778656616306251533e+24,2.778413290202786186e+24,2.777967287235292890e+24,2.777226814044242809e+24,2.776090532863281503e+24
1.575757575757575843e-02,2.778840793964908976e+24,2.778835175248188659e+24,2.778809067374547736e+24,2.778729902464004855e+24,2.778541443495695764e+24,2.778161933218251421e+24,2.777487262532393274e+24,2.776398232871779437e+24,2.774769957808424394e+24
1.545454545454545518e-02,2.778839526914292827e+24,2.778835534622635411e+24,2.778815857017304019e+24,2.778754666812292582e+24,2.778606177919829520e+24,2.778302076711522684e+24,2.777753096291500551e+24,2.776854330341250075e+24,2.775492870679865823e+24
1.606060606060605994e-02,2.778842008935114081e+24,2.778834210532833863e+24,2.778799668432709981e+24,2.778697400907400263e+24,2.778458540227937675e+24,2.777985625795572663e+24,2.777157851490943790e+24,2.775840644612464553e+24,2.773896993049438310e+24
1.575757575757575843e-02,2.778840793964908976e+24,2.778835175248192954e+24,2.778809067374548810e+24,2.778729902464007540e+24,2.778541443495696301e+24,2.778161933218249810e+24,2.777487262532393811e+24,2.776398232871780510e+24,2.774769957808426004e+24
1.636363636363636492e-02,2.778843141682520570e+24,2.778832422742080281e+24,2.778786825592950686e+24,2.778654898003907514e+24,2.778352577124078902e+24,2.777764181810674466e+24,2.776750307678637716e+24,2.775160102967918159e+24,2.772844634656629401e+24
1.606060606060605994e-02,2.778842008935113008e+24,2.778834210532832789e+24,2.778799668432708370e+24,2.778697400907400800e+24,2.778458540227936601e+24,2.777985625795571590e+24,2.777157851490942716e+24,2.775840644612464553e+24,2.773896993049438847e+24
1.666666666666666644e-02,2.778844150791697794e+24,2.778829519612809398e+24,2.778769443082938316e+24,2.778599482449041566e+24,2.778217387249587259e+24,2.777486493734493368e+24,2.776246918892318364e+24,2.774330905197113189e+24,2.771578263704356558e+24
1.636363636363636492e-02,2.778843141682521107e+24,2.778832422742084039e+24,2.778786825592951223e+24,2.778654898003908588e+24,2.778352577124078365e+24,2.777764181810674466e+24,2.776750307678638790e+24,2.775160102967918159e+24,2.772844634656628864e+24
1.696969696969696795e-02,2.778844979343712995e+24,2.778825108967615711e+24,2.778746083424480577e+24,2.778527415628859299e+24,2.778045208081136729e+24,2.777138839450675883e+24,2.775626182586412017e+24,2.773322351725172159e+24,2.770057151737593162e+24
1.666666666666666644e-02,2.778844150791697257e+24,2.778829519612810472e+24,2.778769443082937779e+24,2.778599482449042640e+24,2.778217387249588333e+24,2.777486493734493368e+24,2.776246918892320511e+24,2.774330905197115337e+24,2.771578263704354410e+24
1.727272727272727293e-02,2.778845549093435554e+24,2.778818664743663040e+24,2.778714862556978245e+24,2.778433903110494802e+24,2.777826286233421204e+24,2.776704303563797925e+24,2.774862059727741033e+24,2.772097876084899145e+24,2.768233526300782266e+24
1.696969696969696795e-02,2.778844979343710847e+24,2.778825108967614637e+24,2.778746083424482187e+24,2.778527415628857151e+24,2.778045208081137266e+24,2.777138839450676420e+24,2.775626182586412554e+24,2.773322351725171085e+24,2.770057151737592088e+24
1.757575757575757444e-02,2.778845752453677925e+24,2.778809481560934939e+24,2.778673313453581953e+24,2.778312805429144638e+24,2.777548390153893811e+24,2.776162081983342307e+24,2.773923100356149992e+24,2.770614050315911356e+24,2.766051529212524715e+24
1.727272727272727293e-02,2.778845549093435017e+24,2.778818664743664114e+24,2.778714862556983614e+24,2.778433903110496950e+24,2.777826286233423352e+24,2.776704303563799536e+24,2.774862059727743718e+24,2.772097876084900755e+24,2.768233526300783877e+24
1.787878787878787942e-02,2.778845441458088540e+24,2.778796614004800645e+24,2.778618209037739580e+24,2.778156272922399926e+24,2.777196211319440646e+24,2.775486649732985101e+24,2.772771424104617762e+24,2.768819455216227382e+24,2.763446064337869597e+24
1.757575757575757444e-02,2.778845752453677925e+24,2.778809481560933328e+24,2.778673313453583563e+24,2.778312805429146248e+24,2.777548390153892200e+24,2.776162081983342307e+24,2.773923100356152140e+24,2.770614050315912429e+24,2.766051529212522568e+24
1.818181818181818094e-02,2.778844412561123495e+24,2.778778795540077129e+24,2.778545332635080682e+24,2.777954285851358865e+24,2.776750631009350626e+24,2.774646769583461235e+24,2.771361538328278526e+24,2.766653406046597415e+24,2.760341534238797040e+24
1.787878787878787942e-02,2.778845441458091225e+24,2.778796614004800108e+24,2.778618209037741728e+24,2.778156272922400999e+24,2.777196211319439572e+24,2.775486649732984027e+24,2.772771424104619373e+24,2.768819455216227919e+24,2.763446064337871744e+24
1.848484848484848592e-02,2.778842385701197675e+24,2.778754330310613098e+24,2.778449180946697124e+24,2.777694076845348186e+24,2.776187825882401555e+24,2.773604316850613708e+24,2.769638976432458099e+24,2.764044526313718965e+24,2.756650468594488682e+24
1.818181818181818094e-02,2.778844412561122958e+24,2.778778795540076055e+24,2.778545332635077997e+24,2.777954285851358328e+24,2.776750631009349016e+24,2.774646769583460698e+24,2.771361538328277453e+24,2.766653406046597415e+24,2.760341534238798114e+24
1.878787878787878743e-02,2.778838975456711427e+24,2.778720948883482078e+24,2.778322580445264867e+24,2.777359407723039315e+24,2.775478181397343976e+24,2.772312893706411411e+24,2.767538739700583983e+24,2.760909165311855981e+24,2.752272051819979490e+24
1.848484848484848592e-02,2.778842385701200896e+24,2.778754330310615245e+24,2.778449180946699272e+24,2.777694076845349797e+24,2.776187825882401555e+24,2.773604316850615856e+24,2.769638976432458636e+24,2.764044526313720575e+24,2.756650468594488682e+24
1.909090909090909241e-02,2.778833651301772364e+24,2.778675616105393421e+24,2.778156192984893814e+24,2.776929666893934271e+24,2.774584977677047111e+24,2.770716204850326331e+24,2.764983527678742857e+24,2.757149659416422693e+24,2.747090563015049153e+24
1.878787878787878743e-02,2.778838975456711964e+24,2.778720948883483152e+24,2.778322580445264867e+24,2.777359407723039315e+24,2.775478181397343976e+24,2.772312893706411948e+24,2.767538739700581299e+24,2.760909165311855981e+24,2.752272051819979490e+24
1.939393939393939392e-02,2.778825682833150669e+24,2.778614275438053658e+24,2.777937880057408999e+24,2.776378746766680467e+24,2.773462807883376000e+24,2.768746165687539986e+24,2.761881745305019980e+24,2.752652442947966770e+24,2.740973748373376211e+24
1.909090909090909241e-02,2.778833651301773975e+24,2.778675616105393421e+24,2.778156192984894351e+24,2.776929666893936956e+24,2.774584977677050869e+24,2.770716204850327404e+24,2.764983527678740710e+24,2.757149659416424304e+24,2.747090563015050764e+24
1.969696969696969543e-02,2.778814064273094324e+24,2.778531509154633732e+24,2.777651887266840736e+24,2.775673652855997991e+24,2.772055684785844976e+24,2.766320714656448919e+24,2.758125279863943410e+24,2.747286022022835105e+24,2.733771154578897910e+24
1.939393939393939392e-02,2.778825682833150132e+24,2.778614275438053658e+24,2.777937880057408999e+24,2.776378746766682078e+24,2.773462807883378147e+24,2.768746165687541597e+24,2.761881745305021054e+24,2.752652442947967844e+24,2.740973748373377822e+24
2.000000000000000042e-02,2.778797410390063083e+24,2.778420087259660506e+24,2.777277800945635278e+24,2.774772787620377667e+24,2.770294787331521910e+24,2.763341303543117270e+24,2.753587047939161551e+24,2.740898834435819929e+24,2.725312461573918353e+24
1.969696969696969543e-02,2.778814064273094324e+24,2.778531509154633195e+24,2.777651887266838052e+24,2.775673652855997991e+24,2.772055684785844439e+24,2.766320714656449456e+24,2.758125279863941800e+24,2.747286022022833495e+24,2.733771154578897910e+24
2.030303030303030193e-02,2.778773812994126907e+24,2.778270369491932101e+24,2.776789217094297979e+24,2.773623842602652961e+24,2.768095796163293158e+24,2.759690044137278764e+24,2.748118322316896524e+24,2.733317030516470753e+24,2.715405864402346194e+24
2.000000000000000042e-02,2.778797410390064157e+24,2.778420087259662117e+24,2.777277800945635278e+24,2.774772787620380888e+24,2.770294787331523520e+24,2.763341303543118344e+24,2.753587047939162088e+24,2.740898834435823687e+24,2.725312461573920500e+24
2.060606060606060691e-02,2.778740643042463001e+24,2.778069513717827481e+24,2.776152048678205944e+24,2.772161222449238974e+24,2.765355765883673768e+24,2.755226497174214619e+24,2.741545861774526709e+24,2.724342224251374038e+24,2.703836566526744238e+24
2.030303030303030193e-02,2.778773812994127444e+24,2.778270369491931028e+24,2.776789217094296368e+24,2.773623842602653497e+24,2.768095796163291547e+24,2.759690044137277154e+24,2.748118322316895987e+24,2.733317030516471290e+24,2.715405864402346194e+24
2.090909090909090842e-02,2.778694277699748284e+24,2.777800429710301981e+24,2.775322380471527367e+24,2.770302914313660859e+24,2.761949483346582053e+24,2.749784101054368369e+24,2.733668883394446244e+24,2.713749280874379537e+24,2.690365460890741128e+24
2.060606060606060691e-02,2.778740643042464612e+24,2.778069513717828018e+24,2.776152048678206481e+24,2.772161222449241122e+24,2.765355765883675915e+24,2.755226497174218377e+24,2.741545861774527246e+24,2.724342224251375111e+24,2.703836566526747459e+24
2.121212121212121340e-02,2.778629723840139198e+24,2.777440398854781873e+24,2.774243760876847454e+24,2.767946706746043900e+24,2.757725266581433520e+24,2.743166254348525118e+24,2.724255937959177503e+24,2.701284226572186141e+24,2.674728089706988919e+24
2.090909090909090842e-02,2.778694277699746673e+24,2.777800429710304665e+24,2.775322380471526830e+24,2.770302914313660322e+24,2.761949483346583127e+24,2.749784101054367295e+24,2.733668883394445170e+24,2.713749280874379537e+24,2.690365460890742201e+24
2.151515151515151492e-02,2.778540098624772263e+24,2.776959256645698721e+24,2.772843797388662583e+24,2.764965654549286747e+24,2.752500169634768545e+24,2.735142088695178892e+24,2.713041774505986661e+24,2.686662387733733835e+24,2.656633988977651320e+24
2.121212121212121340e-02,2.778629723840140808e+24,2.777440398854782947e+24,2.774243760876847991e+24,2.767946706746043363e+24,2.757725266581437278e+24,2.743166254348525655e+24,2.724255937959180724e+24,2.701284226572187215e+24,2.674728089706991066e+24
2.181818181818181990e-02,2.778415912798638121e+24,2.776317004632973206e+24,2.771029896775184505e+24,2.761202681862235277e+24,2.746054576535401262e+24,2.725441998548497016e+24,2.699724310477204957e+24,2.669566890846963871e+24,2.635766538375663622e+24
2.151515151515151492e-02,2.778540098624771727e+24,2.776959256645697110e+24,2.772843797388662583e+24,2.764965654549285136e+24,2.752500169634768545e+24,2.735142088695178355e+24,2.713041774505986124e+24,2.686662387733734908e+24,2.656633988977650783e+24
2.212121212121212141e-02,2.778244081643492899e+24,2.775460680206600018e+24,2.768683963196606146e+24,2.756464217177065865e+24,2.738126195010114888e+24,2.713753032489934376e+24,2.683961859061777814e+24,2.649647678968321968e+24,2.611783450374571720e+24
2.181818181818181990e-02,2.778415912798642416e+24,2.776317004632975890e+24,2.771029896775184505e+24,2.761202681862237962e+24,2.746054576535403946e+24,2.725441998548500237e+24,2.699724310477204957e+24,2.669566890846964408e+24,2.635766538375664696e+24
2.242424242424242292e-02,2.778006559915529489e+24,2.774320264506432421e+24,2.765655838559628052e+24,2.750512764200091736e+24,2.728403500129822649e+24,2.699714298480539516e+24,2.665370804861080854e+24,2.626521225532288681e+24,2.584318043204936603e+24
2.212121212121212141e-02,2.778244081643495583e+24,2.775460680206602702e+24,2.768683963196606683e+24,2.756464217177066939e+24,2.738126195010118110e+24,2.713753032489937060e+24,2.683961859061779425e+24,2.649647678968322505e+24,2.611783450374571720e+24
2.272727272727272790e-02,2.777678457569359407e+24,2.772803348878064037e+24,2.761755241572101616e+24,2.743058335521510217e+24,2.716518732694680267e+24,2.682912593196416433e+24,2.643523961971484217e+24,2.599771149557517020e+24,2.552981448874418959e+24
2.242424242424242292e-02,2.778006559915530563e+24,2.774320264506433495e+24,2.765655838559628052e+24,2.750512764200090125e+24,2.728403500129824260e+24,2.699714298480538979e+24,2.665370804861083538e+24,2.626521225532288681e+24,2.584318043204934993e+24
2.303030303030302942e-02,2.777225438449277736e+24,2.770788206684583045e+24,2.756741938728590362e+24,2.733748717271090110e+24,2.702040629993611691e+24,2.662878533592897183e+24,2.617949893297954770e+24,2.568949955965407528e+24,2.517365908415106630e+24
2.272727272727272790e-02,2.777678457569361017e+24,2.772803348878066184e+24,2.761755241572103226e+24,2.743058335521511290e+24,2.716518732694680804e+24,2.682912593196415896e+24,2.643523961971487439e+24,2.599771149557518094e+24,2.552981448874419496e+24
2.333333333333333440e-02,2.776600128644321118e+24,2.768114828153449542e+24,2.750313867301632059e+24,2.722158598975256737e+24,2.684467160657304798e+24,2.639083546353552444e+24,2.588133513856381545e+24,2.533582138139134300e+24,2.477049299821536242e+24
2.303030303030302942e-02,2.777225438449278810e+24,2.770788206684584655e+24,2.756741938728587678e+24,2.733748717271089037e+24,2.702040629993609544e+24,2.662878533592895036e+24,2.617949893297954234e+24,2.568949955965404844e+24,2.517365908415106630e+24
2.363636363636363591e-02,2.775737156874267835e+24,2.764573370164030820e+24,2.742092935523089995e+24,2.707777701836563128e+24,2.663218653261472578e+24,2.610938155904574004e+24,2.553518340385826213e+24,2.493168883861877825e+24,2.431601027808395857e+24
2.333333333333333440e-02,2.776600128644322729e+24,2.768114828153451153e+24,2.750313867301635280e+24,2.722158598975258884e+24,2.684467160657303725e+24,2.639083546353553518e+24,2.588133513856379934e+24,2.533582138139134837e+24,2.477049299821537853e+24
2.393939393939394089e-02,2.774546305063084253e+24,2.759889350752330630e+24,2.731608260386215875e+24,2.689998180193803520e+24,2.637631851667592848e+24,2.577792100486016292e+24,2.513510779962930026e+24,2.447194616749855877e+24,2.380589376553230239e+24
2.363636363636363591e-02,2.775737156874266762e+24,2.764573370164027062e+24,2.742092935523090532e+24,2.707777701836563665e+24,2.663218653261470968e+24,2.610938155904572393e+24,2.553518340385825140e+24,2.493168883861876751e+24,2.431601027808393710e+24
2.424242424242424240e-02,2.772903047899143641e+24,2.753704782569527696e+24,2.718276685634617293e+24,2.668101765685971857e+24,2.606955598431946027e+24,2.538936892370571263e+24,2.467486865372609713e+24,2.395135579264986772e+24,2.323590385189775062e+24
2.393939393939394089e-02,2.774546305063086937e+24,2.759889350752330630e+24,2.731608260386215875e+24,2.689998180193804594e+24,2.637631851667594995e+24,2.577792100486017366e+24,2.513510779962931099e+24,2.447194616749856951e+24,2.380589376553231850e+24
2.454545454545454392e-02,2.770635484563260339e+24,2.745554298176628666e+24,2.701380574572626320e+24,2.641247382754991056e+24,2.570349037500467469e+24,2.493611513879038314e+24,2.414801837338828533e+24,2.336470616276330357e+24,2.260198249590293176e+24
2.424242424242424240e-02,2.772903047899145252e+24,2.753704782569529844e+24,2.718276685634615682e+24,2.668101765685973468e+24,2.606955598431949785e+24,2.538936892370571263e+24,2.467486865372610250e+24,2.395135579264986772e+24,2.323590385189775062e+24
2.484848484848484890e-02,2.767506284717393031e+24,2.734835188272747910e+24,2.680043125220789006e+24,2.608460297781240324e+24,2.526883430745263495e+24,2.441011993181357227e+24,2.354802934848891449e+24,2.270694246120287831e+24,2.190037182227272434e+24
2.454545454545454392e-02,2.770635484563258728e+24,2.745554298176629203e+24,2.701380574572627393e+24,2.641247382754991056e+24,2.570349037500468006e+24,2.493611513879038314e+24,2.414801837338826923e+24,2.336470616276328209e+24,2.260198249590292908e+24
2.515151515151515041e-02,2.763187743879914597e+24,2.720770179766913293e+24,2.653201849285937918e+24,2.568624279346070528e+24,2.475548885076837885e+24,2.380305617101242713e+24,2.286845675527881995e+24,2.197332006125556029e+24,2.112774574958191007e+24
2.484848484848484890e-02,2.767506284717393568e+24,2.734835188272748447e+24,2.680043125220791154e+24,2.608460297781243546e+24,2.526883430745265643e+24,2.441011993181357227e+24,2.354802934848892254e+24,2.270694246120289173e+24,2.190037182227275923e+24
2.545454545454545539e-02,2.757227314559139340e+24,2.702361772126577797e+24,2.619581442075905703e+24,2.520478744015765137e+24,2.415267464541568458e+24,2.310650492609761991e+24,2.210313779214728189e+24,2.115957929962296129e+24,2.028135209115908429e+24
2.515151515151515041e-02,2.763187743879914597e+24,2.720770179766913293e+24,2.653201849285940066e+24,2.568624279346069992e+24,2.475548885076837348e+24,2.380305617101241639e+24,2.286845675527880921e+24,2.197332006125556298e+24,2.112774574958190738e+24
2.575757575757575690e-02,2.748999971616403747e+24,2.678337107160816605e+24,2.577668108866412121e+24,2.462623428511242859e+24,2.344914280558222182e+24,2.231221041491928215e+24,2.124642701644734388e+24,2.026213855465087657e+24,1.935916146685033218e+24
2.545454545454545539e-02,2.757227314559141487e+24,2.702361772126580481e+24,2.619581442075907850e+24,2.520478744015765137e+24,2.415267464541568458e+24,2.310650492609762528e+24,2.210313779214728458e+24,2.115957929962297203e+24,2.028135209115908429e+24
2.606060606060606188e-02,2.737642376234429097e+24,2.647082797200368741e+24,2.525688573169572872e+24,2.393533732918553106e+24,2.263348165600502593e+24,2.141239778989048395e+24,2.029346496350615765e+24,1.927830077323270976e+24,1.836001820936023048e+24
2.575757575757575690e-02,2.748999971616404284e+24,2.678337107160817679e+24,2.577668108866411584e+24,2.462623428511239638e+24,2.344914280558221377e+24,2.231221041491928215e+24,2.124642701644732509e+24,2.026213855465087389e+24,1.935916146685032412e+24
2.636363636363636340e-02,2.721961874431741677e+24,2.606570081235142074e+24,2.461598543457020277e+24,2.311590457631006576e+24,2.169453379001332523e+24,2.040015362907419575e+24,1.924047411333068262e+24,1.820646656691054391e+24,1.728378732119395372e+24
2.606060606060606188e-02,2.737642376234431781e+24,2.647082797200371962e+24,2.525688573169575020e+24,2.393533732918553643e+24,2.263348165600503935e+24,2.141239778989049469e+24,2.029346496350617376e+24,1.927830077323271513e+24,1.836001820936023317e+24
2.666666666666666491e-02,2.700310698256874615e+24,2.554272431390122404e+24,2.383087412212050491e+24,2.215128101195941530e+24,2.062193391980363693e+24,1.926986385410724008e+24,1.808507259857916196e+24,1.704634491443830925e+24,1.613149053199850727e+24
2.636363636363636340e-02,2.721961874431745435e+24,2.606570081235144758e+24,2.461598543457020814e+24,2.311590457631007381e+24,2.169453379001330644e+24,2.040015362907419844e+24,1.924047411333069336e+24,1.820646656691055465e+24,1.728378732119395909e+24
2.696969696969696989e-02,2.670412046829737596e+24,2.487080774398315204e+24,2.287608415883015435e+24,2.102506027890015163e+24,1.940677066361410842e+24,1.801769707078115670e+24,1.682659199088047568e+24,1.579915053662539837e+24,1.490542373382630681e+24
2.666666666666666491e-02,2.700310698256874078e+24,2.554272431390120793e+24,2.383087412212048880e+24,2.215128101195940993e+24,2.062193391980361277e+24,1.926986385410724008e+24,1.808507259857914586e+24,1.704634491443831462e+24,1.613149053199850458e+24
2.727272727272727140e-02,2.629119617450120306e+24,2.401226556240457233e+24,2.172446310811267546e+24,1.972206403878363771e+24,1.804236391326237749e+24,1.664211312552264186e+24,1.546638135879367406e+24,1.446777537069002967e+24,1.360924765667255044e+24
2.696969696969696989e-02,2.670412046829737596e+24,2.487080774398315204e+24,2.287608415883015167e+24,2.102506027890014895e+24,1.940677066361411111e+24,1.801769707078115133e+24,1.682659199088047300e+24,1.579915053662540373e+24,1.490542373382630949e+24
2.757575757575757638e-02,2.572085090275848276e+24,2.292231066758615126e+24,2.034837545008843744e+24,1.822961495779478835e+24,1.652513306415225540e+24,1.514436739179741201e+24,1.400807599943832423e+24,1.305692052661329128e+24,1.224804371167474755e+24
2.727272727272727140e-02,2.629119617450119770e+24,2.401226556240455623e+24,2.172446310811266204e+24,1.972206403878363234e+24,1.804236391326235333e+24,1.664211312552262307e+24,1.546638135879367137e+24,1.446777537069001893e+24,1.360924765667255313e+24
2.787878787878787790e-02,2.493298290757371322e+24,2.154912408898435237e+24,1.872160314419671523e+24,1.653910283782840534e+24,1.485550996344620739e+24,1.352897174590153717e+24,1.245780638966538442e+24,1.157317493774711802e+24,1.082832758292520005e+24
2.757575757575757638e-02,2.572085090275848276e+24,2.292231066758615663e+24,2.034837545008843207e+24,1.822961495779479371e+24,1.652513306415225272e+24,1.514436739179740932e+24,1.400807599943832423e+24,1.305692052661329665e+24,1.224804371167475560e+24
2.818181818181818288e-02,2.384451219801398535e+24,1.983501708639410219e+24,1.682212578948749984e+24,1.464779848693928172e+24,1.303882466936660825e+24,1.180406466109425374e+24,1.082432167877717663e+24,1.002502788951011265e+24,9.358014466387471992e+23
2.787878787878787790e-02,2.493298290757371322e+24,2.154912408898434431e+24,1.872160314419670180e+24,1.653910283782839998e+24,1.485550996344619934e+24,1.352897174590152644e+24,1.245780638966538173e+24,1.157317493774711131e+24,1.082832758292518797e+24
2.848484848484848439e-02,2.234058409345948643e+24,1.771951270087282682e+24,1.463592875538668119e+24,1.256080146250625947e+24,1.108606429703723213e+24,9.981637183773549349e+23,9.119003196055311603e+23,8.422804931587756482e+23,7.846331858834290765e+23
2.818181818181818288e-02,2.384451219801399609e+24,1.983501708639411829e+24,1.682212578948750789e+24,1.464779848693929514e+24,1.303882466936661899e+24,1.180406466109425240e+24,1.082432167877717260e+24,1.002502788951010997e+24,9.358014466387467966e+23
2.878787878787878937e-02,2.026240132289333922e+24,1.514564778742541162e+24,1.216187759556394113e+24,1.029291293008174414e+24,9.014379934852412982e+23,8.077561067306648045e+23,7.355747640538823781e+23,6.778520443988177773e+23,6.303678442910538856e+23
2.848484848484848439e-02,2.234058409345947032e+24,1.771951270087282414e+24,1.463592875538667583e+24,1.256080146250626215e+24,1.108606429703722676e+24,9.981637183773541296e+23,9.119003196055302208e+23,8.422804931587753797e+23,7.846331858834288080e+23
2.909090909090909088e-02,1.739039103183851092e+24,1.207151275804096905e+24,9.417444331401802081e+23,7.870106880841431531e+23,6.847201446297680279e+23,6.111372539104070939e+23,5.550707275212011612e+23,5.105645255962923526e+23,4.741430763917039695e+23
2.878787878787878937e-02,2.026240132289334996e+24,1.514564778742541699e+24,1.216187759556395455e+24,1.029291293008174950e+24,9.014379934852417008e+23,8.077561067306654756e+23,7.355747640538823781e+23,6.778520443988183142e+23,6.303678442910544225e+23
2.939393939393939240e-02,1.342091617316746629e+24,8.490120923374767760e+23,6.444568436709769997e+23,5.330149152397092371e+23,4.613825818403065960e+23,4.105782203257496703e+23,3.721885513825082241e+23,3.418793908607267153e+23,3.171702829382695094e+23
2.909090909090909088e-02,1.739039103183850823e+24,1.207151275804097308e+24,9.417444331401808791e+23,7.870106880841431531e+23,6.847201446297686990e+23,6.111372539104074966e+23,5.550707275212010941e+23,5.105645255962922184e+23,4.741430763917039695e+23
2.969696969696969738e-02,7.934052828700680074e+23,4.462302322729076161e+23,3.314008339328484581e+23,2.721829475911691403e+23,2.348384743275698554e+23,2.085909256784153223e+23,1.888600033445732847e+23,1.733342865389897678e+23,1.607067186444609079e+23
2.939393939393939240e-02,1.342091617316746897e+24,8.490120923374765075e+23,6.444568436709764628e+23,5.330149152397086331e+23,4.613825818403064617e+23,4.105782203257494018e+23,3.721885513825080228e+23,3.418793908607262455e+23,3.171702829382689725e+23
2.999999999999999889e-02,3.490025198201191006e+22,1.696958704797662944e+22,1.249092222397934941e+22,1.023252087542408177e+22,8.818268890739342574e+21,7.827475777115935212e+21,7.084041672669898211e+21,6.499745516797642670e+21,6.024909746507429708e+21
2.969696969696969738e-02,7.934052828700674705e+23,4.462302322729074148e+23,3.314008339328483239e+23,2.721829475911688048e+23,2.348384743275697548e+23,2.085909256784154565e+23,1.888600033445732512e+23,1.733342865389898349e+23,1.607067186444608408e+23
