x,t=6.32e+01s,t=1.26e+02s,t=1.90e+02s,t=2.53e+02s
3.030303030303030300e-04,2.236016389933296679e+25,1.944900516162137306e+25,1.585978693839762965e+25,1.237511366080625188e+25
0.000000000000000000e+00,2.236035667148882495e+25,1.944940718936362401e+25,1.586028262052184810e+25,1.237559491465057650e+25
6.060606060606060601e-04,2.235812490948790260e+25,1.944475350457753210e+25,1.585454540851772796e+25,1.237002506762547488e+25
3.030303030303030300e-04,2.236016389933296679e+25,1.944900516162136877e+25,1.585978693839761247e+25,1.237511366080624329e+25
9.090909090909090901e-04,2.235491441544376703e+25,1.943806267579179503e+25,1.584629990475075595e+25,1.236202212818174100e+25
6.060606060606060601e-04,2.235812490948789830e+25,1.944475350457751921e+25,1.585454540851772152e+25,1.237002506762546844e+25
1.212121212121212120e-03,2.235044435566348216e+25,1.942875429150771035e+25,1.583483496934984127e+25,1.235089852403963668e+25
9.090909090909090901e-04,2.235491441544375844e+25,1.943806267579179503e+25,1.584629990475075595e+25,1.236202212818173886e+25
1.515151515151515150e-03,2.234469579397370411e+25,1.941679618106165985e+25,1.582011714907546714e+25,1.233662574391861342e+25
1.212121212121212120e-03,2.235044435566348216e+25,1.942875429150770176e+25,1.583483496934983483e+25,1.235089852403963024e+25
1.818181818181818180e-03,2.233765584819285690e+25,1.940217094058763857e+25,1.580213298980523438e+25,1.231919582695614510e+25
1.515151515151515150e-03,2.234469579397368693e+25,1.941679618106165985e+25,1.582011714907547144e+25,1.233662574391860698e+25
2.121212121212120993e-03,2.232931157603021491e+25,1.938486321974446757e+25,1.578087337521507288e+25,1.229860615729495690e+25
1.818181818181818180e-03,2.233765584819283972e+25,1.940217094058763428e+25,1.580213298980524512e+25,1.231919582695614939e+25
2.424242424242424240e-03,2.231964861514065673e+25,1.936485693043263289e+25,1.575633010055243151e+25,1.227485613676672221e+25
2.121212121212120993e-03,2.232931157603018915e+25,1.938486321974447187e+25,1.578087337521507932e+25,1.229860615729495690e+25
2.727272727272727487e-03,2.230865073969440448e+25,1.934213437556358195e+25,1.572849481660555493e+25,1.224794615863286943e+25
2.424242424242424240e-03,2.231964861514064814e+25,1.936485693043263719e+25,1.575633010055242507e+25,1.227485613676672006e+25
3.030303030303030300e-03,2.229629966949882885e+25,1.931667591335264357e+25,1.569735863678062743e+25,1.221787722494520042e+25
2.727272727272727487e-03,2.230865073969441307e+25,1.934213437556359913e+25,1.572849481660556137e+25,1.224794615863287373e+25
3.333333333333333114e-03,2.228257496404629599e+25,1.928845980770641278e+25,1.566291197638863008e+25,1.218465078910233869e+25
3.030303030303030300e-03,2.229629966949882885e+25,1.931667591335265431e+25,1.569735863678063387e+25,1.221787722494520256e+25
3.636363636363636360e-03,2.226745394821892989e+25,1.925746215381266790e+25,1.562514448735847700e+25,1.214826869073453342e+25
3.333333333333333114e-03,2.228257496404629599e+25,1.928845980770641708e+25,1.566291197638860860e+25,1.218465078910233869e+25
3.939393939393939607e-03,2.225091164978244576e+25,1.922365683774187377e+25,1.558404503753620074e+25,1.210873313349058680e+25
3.636363636363636360e-03,2.226745394821891271e+25,1.925746215381266790e+25,1.562514448735847056e+25,1.214826869073453342e+25
4.242424242424241987e-03,2.223292074030258279e+25,1.918701551289070566e+25,1.553960171334467729e+25,1.206604668505077758e+25
3.939393939393939607e-03,2.225091164978242429e+25,1.922365683774186732e+25,1.558404503753619430e+25,1.210873313349058036e+25
4.545454545454545234e-03,2.221345147559207972e+25,1.914750758546176768e+25,1.549180183612035888e+25,1.202021228989023687e+25
4.242424242424241987e-03,2.223292074030258279e+25,1.918701551289071425e+25,1.553960171334467085e+25,1.206604668505077329e+25
4.848484848484848481e-03,2.219247163370732867e+25,1.910510020519529604e+25,1.544063198739486233e+25,1.197123329011883385e+25
4.545454545454545234e-03,2.221345147559207972e+25,1.914750758546177842e+25,1.549180183612036102e+25,1.202021228989023687e+25
5.151515151515151728e-03,2.216994644939504953e+25,1.905975825943635538e+25,1.538607804068465061e+25,1.191911345194601687e+25
4.848484848484848481e-03,2.219247163370735444e+25,1.910510020519530463e+25,1.544063198739486663e+25,1.197123329011882740e+25
5.454545454545454974e-03,2.214583854431692554e+25,1.901144436954988749e+25,1.532812519848882591e+25,1.186385699641585720e+25
5.151515151515151728e-03,2.216994644939507100e+25,1.905975825943636611e+25,1.538607804068464846e+25,1.191911345194601687e+25
5.757575757575757354e-03,2.212010785259884493e+25,1.896011888918512156e+25,1.526675803378814742e+25,1.180546863362698185e+25
5.454545454545454974e-03,2.214583854431693413e+25,1.901144436954988105e+25,1.532812519848880873e+25,1.186385699641586150e+25
6.060606060606060601e-03,2.209271154136455270e+25,1.890573990416425928e+25,1.520196053566484247e+25,1.174395359996154981e+25
5.757575757575757354e-03,2.212010785259883634e+25,1.896011888918511511e+25,1.526675803378814098e+25,1.180546863362697970e+25
6.363636363636363848e-03,2.206360392597282605e+25,1.884826323393126829e+25,1.513371615884940940e+25,1.167931769802205705e+25
6.060606060606060601e-03,2.209271154136453552e+25,1.890573990416425713e+25,1.520196053566483818e+25,1.174395359996154552e+25
6.666666666666666227e-03,2.203273637970679332e+25,1.878764243459768615e+25,1.506200787711226223e+25,1.161156733907563350e+25
6.363636363636363848e-03,2.206360392597281746e+25,1.884826323393125755e+25,1.513371615884939652e+25,1.167931769802205275e+25
6.969696969696969474e-03,2.200005723767702578e+25,1.872382880368998942e+25,1.498681824048722495e+25,1.154070958786514627e+25
6.666666666666666227e-03,2.203273637970679332e+25,1.878764243459767971e+25,1.506200787711225794e+25,1.161156733907563135e+25
7.272727272727272721e-03,2.196551169470274589e+25,1.865677138675178515e+25,1.490812943635839608e+25,1.146675220968290024e+25
6.969696969696969474e-03,2.200005723767701719e+25,1.872382880368999371e+25,1.498681824048722280e+25,1.154070958786514842e+25
7.575757575757575968e-03,2.192904169693246796e+25,1.858641698599164382e+25,1.482592335447156970e+25,1.138970371962315397e+25
7.272727272727272721e-03,2.196551169470273301e+25,1.865677138675179588e+25,1.490812943635840467e+25,1.146675220968290238e+25
7.878787878787879215e-03,2.189058582695807686e+25,1.851271017119929987e+25,1.474018165595188813e+25,1.130957343394292999e+25
7.575757575757575968e-03,2.192904169693246367e+25,1.858641698599164811e+25,1.482592335447157185e+25,1.138970371962315397e+25
8.181818181818182462e-03,2.185007918216640768e+25,1.843559329318091715e+25,1.465088584642400660e+25,1.122637152346629742e+25
7.878787878787879215e-03,2.189058582695806827e+25,1.851271017119930417e+25,1.474018165595188813e+25,1.130957343394292570e+25
8.484848484848483974e-03,2.180745324606084878e+25,1.835500649999034153e+25,1.455801735334167374e+25,1.114010906897077339e+25
8.181818181818182462e-03,2.185007918216642057e+25,1.843559329318090641e+25,1.465088584642400231e+25,1.122637152346630601e+25
8.787878787878787221e-03,2.176263575227178940e+25,1.827088775625944091e+25,1.446155760764135627e+25,1.105079811849387769e+25
8.484848484848483974e-03,2.180745324606084878e+25,1.835500649999034367e+25,1.455801735334167159e+25,1.114010906897077769e+25
9.090909090909090468e-03,2.171555054096063733e+25,1.818317286595579692e+25,1.436148812984095090e+25,1.095845174649651559e+25
8.787878787878787221e-03,2.176263575227179369e+25,1.827088775625943662e+25,1.446155760764136056e+25,1.105079811849388843e+25
9.393939393939393714e-03,2.166611740730601707e+25,1.809179549892301930e+25,1.425779062070827480e+25,1.086308411481625604e+25
9.090909090909090468e-03,2.171555054096063733e+25,1.818317286595580336e+25,1.436148812984094231e+25,1.095845174649651989e+25
9.696969696969696961e-03,2.161425194174467449e+25,1.799668722158573562e+25,1.415044705662816227e+25,1.076471053533932480e+25
9.393939393939393714e-03,2.166611740730601277e+25,1.809179549892302359e+25,1.425779062070827695e+25,1.086308411481625604e+25
1.000000000000000021e-02,2.155986536162188856e+25,1.789777753223021571e+25,1.403943978979793787e+25,1.066334753431478263e+25
9.696969696969696961e-03,2.161425194174468738e+25,1.799668722158574207e+25,1.415044705662815368e+25,1.076471053533933554e+25
1.030303030303030346e-02,2.150286433388750757e+25,1.779499390130118500e+25,1.392475165338325679e+25,1.055901291822792905e+25
1.000000000000000021e-02,2.155986536162188856e+25,1.789777753223022215e+25,1.403943978979793572e+25,1.066334753431478693e+25
1.060606060606060670e-02,2.144315078845500998e+25,1.768826181718705218e+25,1.380636607176546577e+25,1.045172584114357277e+25
1.030303030303030346e-02,2.150286433388751187e+25,1.779499390130118286e+25,1.392475165338324605e+25,1.055901291822793335e+25
1.090909090909090995e-02,2.138062172182024515e+25,1.757750483799921660e+25,1.368426717601145524e+25,1.034150687342180616e+25
1.060606060606060670e-02,2.144315078845501428e+25,1.768826181718705218e+25,1.380636607176545933e+25,1.045172584114357921e+25
1.121212121212121146e-02,2.131516899051523627e+25,1.746264464988631253e+25,1.355843992469461555e+25,1.022837807170091750e+25
1.090909090909090995e-02,2.138062172182023656e+25,1.757750483799922519e+25,1.368426717601144665e+25,1.034150687342180401e+25
1.151515151515151471e-02,2.124667909395077273e+25,1.734360113246147529e+25,1.342887023019316279e+25,1.011236305003339026e+25
1.121212121212121146e-02,2.131516899051523198e+25,1.746264464988630823e+25,1.355843992469460911e+25,1.022837807170090891e+25
1.181818181818181795e-02,2.117503294617760028e+25,1.722029243196088789e+25,1.329554509058744843e+25,9.993487052051264274e+24
1.151515151515151471e-02,2.124667909395078562e+25,1.734360113246149032e+25,1.342887023019316279e+25,1.011236305003338811e+25
1.212121212121212120e-02,2.110010563607200861e+25,1.709263504279335589e+25,1.315845272727323696e+25,9.871777024027319809e+24
1.181818181818181795e-02,2.117503294617761746e+25,1.722029243196089218e+25,1.329554509058745272e+25,9.993487052051259979e+24
1.242424242424242445e-02,2.102176617542615536e+25,1.696054389818575537e+25,1.301758272840104218e+25,9.747261688687861489e+24
1.212121212121212120e-02,2.110010563607200431e+25,1.709263504279334515e+25,1.315845272727324126e+25,9.871777024027319809e+24
1.272727272727272770e-02,2.093987723439687981e+25,1.682393247067670134e+25,1.287292619824380043e+25,9.619971619621745738e+24
1.242424242424242445e-02,2.102176617542615536e+25,1.696054389818575537e+25,1.301758272840104433e+25,9.747261688687857194e+24
1.303030303030303094e-02,2.085429486373845111e+25,1.668271288326084603e+25,1.272447591258581954e+25,9.489939316118362698e+24
1.272727272727272770e-02,2.093987723439688411e+25,1.682393247067669490e+25,1.287292619824379828e+25,9.619971619621743591e+24
1.333333333333333245e-02,2.076486820321602743e+25,1.653679603203983900e+25,1.257222648021466804e+25,9.357199278255043003e+24
1.303030303030303094e-02,2.085429486373845970e+25,1.668271288326083529e+25,1.272447591258581954e+25,9.489939316118360550e+24
1.363636363636363570e-02,2.067143917556551496e+25,1.638609172129333202e+25,1.241617451058469387e+25,9.221788082041350326e+24
1.333333333333333245e-02,2.076486820321602743e+25,1.653679603203983470e+25,1.257222648021466804e+25,9.357199278255044077e+24
1.393939393939393895e-02,2.057384216533398681e+25,1.623050881194281728e+25,1.225631878770630455e+25,9.083744454414036835e+24
1.363636363636363570e-02,2.067143917556550637e+25,1.638609172129332558e+25,1.241617451058469387e+25,9.221788082041353547e+24
1.424242424242424220e-02,2.047190368190080520e+25,1.606995538444608314e+25,1.209266045029759506e+25,8.943109347862457518e+24
1.393939393939393895e-02,2.057384216533399110e+25,1.623050881194281084e+25,1.225631878770630455e+25,9.083744454414038982e+24
1.454545454545454544e-02,2.036544200594462986e+25,1.590433891722758251e+25,1.192520317821598690e+25,8.799926014449405582e+24
1.424242424242424220e-02,2.047190368190079661e+25,1.606995538444607025e+25,1.209266045029759721e+25,8.943109347862457518e+24
1.484848484848484869e-02,2.025426681858491484e+25,1.573356648182262557e+25,1.175395338516531461e+25,8.654240078977221444e+24
1.454545454545454544e-02,2.036544200594462557e+25,1.590433891722757607e+25,1.192520317821599120e+25,8.799926014449405582e+24
1.515151515151515194e-02,2.013817881238747210e+25,1.555754495598965190e+25,1.157892041764926579e+25,8.506099611032904521e+24
1.484848484848484869e-02,2.025426681858491913e+25,1.573356648182262557e+25,1.175395338516531246e+25,8.654240078977216075e+24
1.545454545454545518e-02,2.001696928338371132e+25,1.537618125612674217e+25,1.140011676011443169e+25,8.355555195630145105e+24
1.515151515151515194e-02,2.013817881238747639e+25,1.555754495598965405e+25,1.157892041764926794e+25,8.506099611032908816e+24
1.575757575757575843e-02,1.989041970321034010e+25,1.518938259041462615e+25,1.121755824619518983e+25,8.202660002148831193e+24
1.545454545454545518e-02,2.001696928338371132e+25,1.537618125612674431e+25,1.140011676011443384e+25,8.355555195630142957e+24
1.606060606060605994e-02,1.975830127043254302e+25,1.499705673420045521e+25,1.103126427593828284e+25,8.047469851255840172e+24
1.575757575757575843e-02,1.989041970321034440e+25,1.518938259041462185e+25,1.121755824619519198e+25,8.202660002148827972e+24
1.636363636363636492e-02,1.962037444006642221e+25,1.479911232923391193e+25,1.084125803884682451e+25,7.890043279472943253e+24
1.606060606060605994e-02,1.975830127043253443e+25,1.499705673420045307e+25,1.103126427593827854e+25,8.047469851255838024e+24
1.666666666666666644e-02,1.947638843026812894e+25,1.459545920847062216e+25,1.064756674254069077e+25,7.730441601039827558e+24
1.636363636363636492e-02,1.962037444006641362e+25,1.479911232923391838e+25,1.084125803884682666e+25,7.890043279472943253e+24
1.696969696969696795e-02,1.932608070510609843e+25,1.438600874826744690e+25,1.045022184678383085e+25,7.568728966701876519e+24
1.666666666666666644e-02,1.947638843026813324e+25,1.459545920847062001e+25,1.064756674254069721e+25,7.730441601039824337e+24
1.727272727272727293e-02,1.916917643227856919e+25,1.417067424991082461e+25,1.024925930257700497e+25,7.404972419033966815e+24
1.696969696969696795e-02,1.932608070510608125e+25,1.438600874826744261e+25,1.045022184678383300e+25,7.568728966701874372e+24
1.757575757575757444e-02,1.900538791458314212e+25,1.394937135254258062e+25,1.004471979595751619e+25,7.239241943892687298e+24
1.727272727272727293e-02,1.916917643227856704e+25,1.417067424991082246e+25,1.024925930257700497e+25,7.404972419033965741e+24
1.787878787878787942e-02,1.883441399388556304e+25,1.372201847967860428e+25,9.836648996085062013e+24,7.071610517570906271e+24
1.757575757575757444e-02,1.900538791458313997e+25,1.394937135254256988e+25,1.004471979595750760e+25,7.239241943892683003e+24
1.818181818181818094e-02,1.865593942627329905e+25,1.348853732165500487e+25,9.625097807123723911e+24,6.902154149209964720e+24
1.787878787878787942e-02,1.883441399388556519e+25,1.372201847967860214e+25,9.836648996085057718e+24,7.071610517570907344e+24
1.848484848484848592e-02,1.846963422701479471e+25,1.324885335648322791e+25,9.410122623355102628e+24,6.730951918006138338e+24
1.818181818181818094e-02,1.865593942627328187e+25,1.348853732165500487e+25,9.625097807123719616e+24,6.902154149209961499e+24
1.878787878787878743e-02,1.827515298387707713e+25,1.300289641175232655e+25,9.191785586874764673e+24,6.558086004730283667e+24
1.848484848484848592e-02,1.846963422701478397e+25,1.324885335648323864e+25,9.410122623355103702e+24,6.730951918006136191e+24
1.909090909090909241e-02,1.807213413728311251e+25,1.275060127038203936e+25,8.970154847134097718e+24,6.383641717061535192e+24
1.878787878787878743e-02,1.827515298387706209e+25,1.300289641175232441e+25,9.191785586874756083e+24,6.558086004730281519e+24
1.939393939393939392e-02,1.786019922571558444e+25,1.249190832320604612e+25,8.745304821491232070e+24,6.207707508219341624e+24
1.909090909090909241e-02,1.807213413728311680e+25,1.275060127038203936e+25,8.970154847134097718e+24,6.383641717061538414e+24
1.969696969696969543e-02,1.763895209469520273e+25,1.222676427155113849e+25,8.517316455826816145e+24,6.030374988361735720e+24
1.939393939393939392e-02,1.786019922571558444e+25,1.249190832320605042e+25,8.745304821491232070e+24,6.207707508219341624e+24
2.000000000000000042e-02,1.740797806757940294e+25,1.195512288317539559e+25,8.286277484163770773e+24,5.851738928202922966e+24
1.969696969696969543e-02,1.763895209469519199e+25,1.222676427155113205e+25,8.517316455826810777e+24,6.030374988361729277e+24
2.030303030303030193e-02,1.716684307634094232e+25,1.167694580513797009e+25,8.052282686102296716e+24,5.671897254289512258e+24
2.000000000000000042e-02,1.740797806757940939e+25,1.195512288317539344e+25,8.286277484163771847e+24,5.851738928202920818e+24
2.060606060606060691e-02,1.691509275039515559e+25,1.139220343739466100e+25,7.815434140742585711e+24,5.490951035362463583e+24
2.030303030303030193e-02,1.716684307634093588e+25,1.167694580513796579e+25,8.052282686102293495e+24,5.671897254289504742e+24
2.090909090909090842e-02,1.665225146144994547e+25,1.110087587114911422e+25,7.575841475617366850e+24,5.309004459222035153e+24
2.060606060606060691e-02,1.691509275039515344e+25,1.139220343739465671e+25,7.815434140742583564e+24,5.490951035362458215e+24
2.121212121212121340e-02,1.637782132225238518e+25,1.080295389623815343e+25,7.333622108992042053e+24,5.126164799504711349e+24
2.090909090909090842e-02,1.665225146144992829e+25,1.110087587114910778e+25,7.575841475617361481e+24,5.309004459222027637e+24
2.151515151515151492e-02,1.609128113700175185e+25,1.049844008209427519e+25,7.088901483713074303e+24,4.942542371775999019e+24
2.121212121212121340e-02,1.637782132225237444e+25,1.080295389623814699e+25,7.333622108992042053e+24,5.126164799504708127e+24
2.181818181818181990e-02,1.579208530108839688e+25,1.018734993710805402e+25,6.841813290592165880e+24,4.758250478340767738e+24
2.151515151515151492e-02,1.609128113700173037e+25,1.049844008209427090e+25,7.088901483713070008e+24,4.942542371775996871e+24
2.212121212121212141e-02,1.547966264770344997e+25,9.869713151509581684e+24,6.592499679105222766e+24,4.573405341173940845e+24
2.181818181818181990e-02,1.579208530108838614e+25,1.018734993710805187e+25,6.841813290592162659e+24,4.758250478340765053e+24
2.242424242424242292e-02,1.515341523874279942e+25,9.545574929202554379e+24,6.341111452959054051e+24,4.388126022379837332e+24
2.212121212121212141e-02,1.547966264770344567e+25,9.869713151509581684e+24,6.592499679105222766e+24,4.573405341173939234e+24
2.272727272727272790e-02,1.481271709730243140e+25,9.214997414317003412e+24,6.087808247833742314e+24,4.202534331598165909e+24
2.242424242424242292e-02,1.515341523874279083e+25,9.545574929202549010e+24,6.341111452959051904e+24,4.388126022379834647e+24
2.303030303030302942e-02,1.445691287892904303e+25,8.878061218599497900e+24,5.832758688344441805e+24,4.016754719789813951e+24
2.272727272727272790e-02,1.481271709730243140e+25,9.214997414317003412e+24,6.087808247833741241e+24,4.202534331598165372e+24
2.333333333333333440e-02,1.408531647865005184e+25,8.534867056133003916e+24,5.576140520979865467e+24,3.830914158856590907e+24
2.303030303030302942e-02,1.445691287892903015e+25,8.878061218599494679e+24,5.832758688344440731e+24,4.016754719789808582e+24
2.363636363636363591e-02,1.369720957066104121e+25,8.185537492274052336e+24,5.318140719465934092e+24,3.645142006576563888e+24
2.333333333333333440e-02,1.408531647865004325e+25,8.534867056133003916e+24,5.576140520979870836e+24,3.830914158856588222e+24
2.393939393939394089e-02,1.329184007739430570e+25,7.830218814113701004e+24,5.058955558669091749e+24,3.459569856371640553e+24
2.363636363636363591e-02,1.369720957066102833e+25,8.185537492274044819e+24,5.318140719465938387e+24,3.645142006576562278e+24
2.424242424242424240e-02,1.286842056453138396e+25,7.469083030212610162e+24,4.798790652793721987e+24,3.274331371467452895e+24
2.393939393939394089e-02,1.329184007739430355e+25,7.830218814113701004e+24,5.058955558669092823e+24,3.459569856371638405e+24
2.454545454545454392e-02,1.242612655835280126e+25,7.102330007829957818e+24,4.537860953239436432e+24,3.089562103058148253e+24
2.424242424242424240e-02,1.286842056453138396e+25,7.469083030212609088e+24,4.798790652793723598e+24,3.274331371467450748e+24
2.484848484848484890e-02,1.196409478164054542e+25,6.730189756363727740e+24,4.276390701064896983e+24,2.905399292151804060e+24
2.454545454545454392e-02,1.242612655835278623e+25,7.102330007829957818e+24,4.537860953239435895e+24,3.089562103058148790e+24
2.515151515151515041e-02,1.148142130416259604e+25,6.352924866246254258e+24,4.014613328553359803e+24,2.721981654846613083e+24
2.484848484848484890e-02,1.196409478164053468e+25,6.730189756363727740e+24,4.276390701064897520e+24,2.905399292151804597e+24
2.545454545454545539e-02,1.097715960357258140e+25,5.970833113096753412e+24,3.752771303888271679e+24,2.539449150875486141e+24
2.515151515151515041e-02,1.148142130416258316e+25,6.352924866246251037e+24,4.014613328553354434e+24,2.721981654846613620e+24
2.575757575757575690e-02,1.045031853235274577e+25,5.584250237522815541e+24,3.491115912423527984e+24,2.357942735358241897e+24
2.545454545454545539e-02,1.097715960357258569e+25,5.970833113096750191e+24,3.752771303888267921e+24,2.539449150875487215e+24
2.606060606060606188e-02,9.899860186212328133e+24,5.193552911587820874e+24,3.229906967468533254e+24,2.177604093817813671e+24
2.575757575757575690e-02,1.045031853235274791e+25,5.584250237522813393e+24,3.491115912423523689e+24,2.357942735358240018e+24
2.636363636363636340e-02,9.324697669127601239e+24,4.799161903622919115e+24,2.969412442901412414e+24,1.998575360651733009e+24
2.606060606060606188e-02,9.899860186212325986e+24,5.193552911587821947e+24,3.229906967468533254e+24,2.177604093817813939e+24
2.666666666666666491e-02,8.723692749971851896e+24,4.401545453762213153e+24,2.709908019270447035e+24,1.820998821403801116e+24
2.636363636363636340e-02,9.324697669127601239e+24,4.799161903622918578e+24,2.969412442901411340e+24,1.998575360651732741e+24
2.696969696969696989e-02,8.095653405434715962e+24,4.001222873321473130e+24,2.451676534341734173e+24,1.645016599356074317e+24
2.666666666666666491e-02,8.723692749971846527e+24,4.401545453762211006e+24,2.709908019270444888e+24,1.820998821403799237e+24
2.727272727272727140e-02,7.439331243668332310e+24,3.598768381924721153e+24,2.195007328296026461e+24,1.470770327159373904e+24
2.696969696969696989e-02,8.095653405434718110e+24,4.001222873321474204e+24,2.451676534341733636e+24,1.645016599356072975e+24
2.757575757575757638e-02,6.753418802823190045e+24,3.194815197113592551e+24,1.940195472966455896e+24,1.298400804444404512e+24
2.727272727272727140e-02,7.439331243668331236e+24,3.598768381924716858e+24,2.195007328296024045e+24,1.470770327159372562e+24
2.787878787878787790e-02,6.036546718348372372e+24,2.790059892053040775e+24,1.687540873637457700e+24,1.128047642607545838e+24
2.757575757575757638e-02,6.753418802823186824e+24,3.194815197113589866e+24,1.940195472966455896e+24,1.298400804444404512e+24
2.818181818181818288e-02,5.287280752628200861e+24,2.385267037876625531e+24,1.437347230988960126e+24,9.598488982479529428e+23
2.787878787878787790e-02,6.036546718348372372e+24,2.790059892053039701e+24,1.687540873637457163e+24,1.128047642607545569e+24
2.848484848484848439e-02,4.504118680209673217e+24,1.981274148198715119e+24,1.189920849765271186e+24,7.939406970492412420e+23
2.818181818181818288e-02,5.287280752628198713e+24,2.385267037876626873e+24,1.437347230988959857e+24,9.598488982479524059e+23
2.878787878787878937e-02,3.685487021541625296e+24,1.578996944361934155e+24,9.455692796691819727e+23,6.304568502523520960e+23
2.848484848484848439e-02,4.504118680209673754e+24,1.981274148198714045e+24,1.189920849765270649e+24,7.939406970492403025e+23
2.909090909090909088e-02,2.829737617796755769e+24,1.179434961089905484e+24,7.045997728246353048e+23,4.695284662602330297e+23
2.878787878787878937e-02,3.685487021541625833e+24,1.578996944361933081e+24,9.455692796691822412e+23,6.304568502523519618e+23
2.939393939393939240e-02,1.935144038979953008e+24,7.836775133806815976e+23,4.673175409094812122e+23,3.112835603529746707e+23
2.909090909090909088e-02,2.829737617796755232e+24,1.179434961089904813e+24,7.045997728246353048e+23,4.695284662602327612e+23
2.969696969696969738e-02,9.998978171410028828e+23,3.929100467094626605e+23,2.340237937284103285e+23,1.558466659785920081e+23
2.939393939393939240e-02,1.935144038979951665e+24,7.836775133806801212e+23,4.673175409094806754e+23,3.112835603529743351e+23
2.999999999999999889e-02,2.210449610482074937e+22,8.420893913667653861e+21,5.013539568324180967e+21,3.338451623725259293e+21
2.969696969696969738e-02,9.998978171410024801e+23,3.929100467094621908e+23,2.340237937284100936e+23,1.558466659785920081e+23
