x,t=1.00e+00s,t=2.00e+00s,t=3.00e+00s,t=4.00e+00s,t=5.00e+00s,t=6.00e+00s,t=7.00e+00s,t=8.00e+00s,t=9.00e+00s
3.030303030303030300e-04,2.375612580648214692e+25,2.375612653639792747e+25,2.375612726763391655e+25,2.375612799785587674e+25,2.375612872106390192e+25,2.375612941849912545e+25,2.375613003791710985e+25,2.375613045047204890e+25,2.375613037011460236e+25
0.000000000000000000e+00,2.375612580213631862e+25,2.375612653204014199e+25,2.375612726326822832e+25,2.375612799349621435e+25,2.375612871674594796e+25,2.375612941433460060e+25,2.375613003421712008e+25,2.375613044800404902e+25,2.375613037058266360e+25
6.060606060606060601e-04,2.375612585221160432e+25,2.375612658248024650e+25,2.375612731379657724e+25,2.375612804395305205e+25,2.375612876671439635e+25,2.375612946251037259e+25,2.375613007696919448e+25,2.375613047638126731e+25,2.375613036472077197e+25
3.030303030303030300e-04,2.375612580648213403e+25,2.375612653639794036e+25,2.375612726763391226e+25,2.375612799785588962e+25,2.375612872106390192e+25,2.375612941849912974e+25,2.375613003791708838e+25,2.375613045047204460e+25,2.375613037011460236e+25
9.090909090909090901e-04,2.375612592429845138e+25,2.375612665498229664e+25,2.375612738640601015e+25,2.375612811644836339e+25,2.375612883847762621e+25,2.375612953160309487e+25,2.375613013800517659e+25,2.375613051611314648e+25,2.375613035381548923e+25
6.060606060606060601e-04,2.375612585221160002e+25,2.375612658248024650e+25,2.375612731379659012e+25,2.375612804395306494e+25,2.375612876671438776e+25,2.375612946251038118e+25,2.375613007696918589e+25,2.375613047638127161e+25,2.375613036472077197e+25
1.212121212121212120e-03,2.375612602471923205e+25,2.375612675580198958e+25,2.375612748734442457e+25,2.375612821720598117e+25,2.375612893815547203e+25,2.375612962737369727e+25,2.375613022203475574e+25,2.375613056919700523e+25,2.375613033356300903e+25
9.090909090909090901e-04,2.375612592429845567e+25,2.375612665498228805e+25,2.375612738640600156e+25,2.375612811644835050e+25,2.375612883847763051e+25,2.375612953160309057e+25,2.375613013800516800e+25,2.375613051611314648e+25,2.375613035381548064e+25
1.515151515151515150e-03,2.375612615377297913e+25,2.375612688522614753e+25,2.375612761688298327e+25,2.375612834647568350e+25,2.375612906593024658e+25,2.375612974979086948e+25,2.375613032843306574e+25,2.375613063354968134e+25,2.375613029865336023e+25
1.212121212121212120e-03,2.375612602471923205e+25,2.375612675580198099e+25,2.375612748734442028e+25,2.375612821720596399e+25,2.375612893815548062e+25,2.375612962737371015e+25,2.375613022203475145e+25,2.375613056919699664e+25,2.375613033356300903e+25
1.818181818181818180e-03,2.375612631156543902e+25,2.375612704335421616e+25,2.375612777510714321e+25,2.375612850431570157e+25,2.375612922176970753e+25,2.375612989853670661e+25,2.375613045609491271e+25,2.375613070614679628e+25,2.375613024184865106e+25
1.515151515151515150e-03,2.375612615377296625e+25,2.375612688522613894e+25,2.375612761688296180e+25,2.375612834647568350e+25,2.375612906593024658e+25,2.375612974979087807e+25,2.375613032843306144e+25,2.375613063354968993e+25,2.375613029865335594e+25
2.121212121212120993e-03,2.375612649814955578e+25,2.375612723023602140e+25,2.375612796205369937e+25,2.375612869072826874e+25,2.375612940555576046e+25,2.375613007311408767e+25,2.375613060348459244e+25,2.375613078293731114e+25,2.375613015361013280e+25
1.818181818181818180e-03,2.375612631156545191e+25,2.375612704335420757e+25,2.375612777510713032e+25,2.375612850431571445e+25,2.375612922176970753e+25,2.375612989853673667e+25,2.375613045609492989e+25,2.375613070614681346e+25,2.375613024184863388e+25
2.424242424242424240e-03,2.375612671355666119e+25,2.375612744590195872e+25,2.375612817774013657e+25,2.375612890568681635e+25,2.375612961710401815e+25,2.375613027284261683e+25,2.375613076857178370e+25,2.375613085864377625e+25,2.375613002162311203e+25
2.121212121212120993e-03,2.375612649814955148e+25,2.375612723023601710e+25,2.375612796205369078e+25,2.375612869072825585e+25,2.375612940555573469e+25,2.375613007311409197e+25,2.375613060348461391e+25,2.375613078293731114e+25,2.375613015361013280e+25
2.727272727272727487e-03,2.375612695780725513e+25,2.375612769037257095e+25,2.375612842217290584e+25,2.375612914914172895e+25,2.375612985615938099e+25,2.375613049682430662e+25,2.375613094872173880e+25,2.375613092648505243e+25,2.375612983018499074e+25
2.424242424242424240e-03,2.375612671355666548e+25,2.375612744590198878e+25,2.375612817774013657e+25,2.375612890568680347e+25,2.375612961710401815e+25,2.375613027284261683e+25,2.375613076857178799e+25,2.375613085864377195e+25,2.375613002162312062e+25
3.030303030303030300e-03,2.375612723091516310e+25,2.375612796366202718e+25,2.375612869535005298e+25,2.375612942101890975e+25,2.375613012238134399e+25,2.375613074389026021e+25,2.375613114054559540e+25,2.375613097781475634e+25,2.375612955942463459e+25
2.727272727272727487e-03,2.375612695780725942e+25,2.375612769037258383e+25,2.375612842217291443e+25,2.375612914914175472e+25,2.375612985615940247e+25,2.375613049682432380e+25,2.375613094872176886e+25,2.375613092648506531e+25,2.375612983018500792e+25
3.333333333333333114e-03,2.375612753288991993e+25,2.375612826577987085e+25,2.375612899726130443e+25,2.375612972121506478e+25,2.375613041532184327e+25,2.375613101252858040e+25,2.375613133970480946e+25,2.375613100165738681e+25,2.375612918431319036e+25
3.030303030303030300e-03,2.375612723091516740e+25,2.375612796366202718e+25,2.375612869535005728e+25,2.375612942101892263e+25,2.375613012238134399e+25,2.375613074389026451e+25,2.375613114054560828e+25,2.375613097781475634e+25,2.375612955942463459e+25
3.636363636363636360e-03,2.375612786373808833e+25,2.375612859673187008e+25,2.375612932788729417e+25,2.375613004959004928e+25,2.375613073439504959e+25,2.375613130078950236e+25,2.375613154065919959e+25,2.375613098411759078e+25,2.375612867341702510e+25
3.333333333333333114e-03,2.375612753288991134e+25,2.375612826577987085e+25,2.375612899726130013e+25,2.375612972121505619e+25,2.375613041532183468e+25,2.375613101252855893e+25,2.375613133970480516e+25,2.375613100165737393e+25,2.375612918431318177e+25
3.939393939393939607e-03,2.375612822346402769e+25,2.375612895652036564e+25,2.375612968719763101e+25,2.375613040595635355e+25,2.375613107883728770e+25,2.375613160616262200e+25,2.375613173634377652e+25,2.375613090763096634e+25,2.375612798733000711e+25
3.636363636363636360e-03,2.375612786373808833e+25,2.375612859673186579e+25,2.375612932788728987e+25,2.375613004959004498e+25,2.375613073439505389e+25,2.375613130078950236e+25,2.375613154065920818e+25,2.375613098411759937e+25,2.375612867341701221e+25
4.242424242424241987e-03,2.375612861207037941e+25,2.375612934514410769e+25,2.375613007514812835e+25,2.375613079006491244e+25,2.375613144765452177e+25,2.375613192541772877e+25,2.375613191775561020e+25,2.375613075001490505e+25,2.375612707670778543e+25
3.939393939393939607e-03,2.375612822346402769e+25,2.375612895652034846e+25,2.375612968719763101e+25,2.375613040595634067e+25,2.375613107883728770e+25,2.375613160616262629e+25,2.375613173634378511e+25,2.375613090763097063e+25,2.375612798733000282e+25
4.545454545454545234e-03,2.375612902955841911e+25,2.375612976259823003e+25,2.375613049167710185e+25,2.375613120158629767e+25,2.375613183955369178e+25,2.375613225439949336e+25,2.375613207342584514e+25,2.375613048326911925e+25,2.375612587980613783e+25
4.242424242424241987e-03,2.375612861207037941e+25,2.375612934514411198e+25,2.375613007514812405e+25,2.375613079006490815e+25,2.375613144765451748e+25,2.375613192541772877e+25,2.375613191775561449e+25,2.375613075001490075e+25,2.375612707670778543e+25
4.848484848484848481e-03,2.375612947592837011e+25,2.375613020887355861e+25,2.375613093669990629e+25,2.375613164008566957e+25,2.375613225285332661e+25,2.375613258776270871e+25,2.375613218874642141e+25,2.375613007206041193e+25,2.375612431940295250e+25
4.545454545454545234e-03,2.375612902955843629e+25,2.375612976259823862e+25,2.375613049167708037e+25,2.375613120158628908e+25,2.375613183955370037e+25,2.375613225439948477e+25,2.375613207342584514e+25,2.375613048326911495e+25,2.375612587980613783e+25
5.151515151515151728e-03,2.375612995117934766e+25,2.375613068395574394e+25,2.375613141010215382e+25,2.375613210499011385e+25,2.375613268536662649e+25,2.375613291863084871e+25,2.375613224511108542e+25,2.375612947181067330e+25,2.375612229895240262e+25
4.848484848484848481e-03,2.375612947592836152e+25,2.375613020887355861e+25,2.375613093669989770e+25,2.375613164008566957e+25,2.375613225285333520e+25,2.375613258776271730e+25,2.375613218874642141e+25,2.375613007206039905e+25,2.375612431940296109e+25
5.454545454545454974e-03,2.375613045530954787e+25,2.375613118782403704e+25,2.375613191172990852e+25,2.375613259554495323e+25,2.375613313424947267e+25,2.375613323815613469e+25,2.375613221882064571e+25,2.375612862628529523e+25,2.375611969778462463e+25
5.151515151515151728e-03,2.375612995117934766e+25,2.375613068395575683e+25,2.375613141010213664e+25,2.375613210499011814e+25,2.375613268536663508e+25,2.375613291863084012e+25,2.375613224511108542e+25,2.375612947181067759e+25,2.375612229895241121e+25
5.757575757575757354e-03,2.375613098831616183e+25,2.375613172044938676e+25,2.375613244137715797e+25,2.375613311075657708e+25,2.375613359580183241e+25,2.375613353495243228e+25,2.375613207968826824e+25,2.375612746455424147e+25,2.375611636511867988e+25
5.454545454545454974e-03,2.375613045530955646e+25,2.375613118782403275e+25,2.375613191172989993e+25,2.375613259554495323e+25,2.375613313424946837e+25,2.375613323815611751e+25,2.375613221882065000e+25,2.375612862628529953e+25,2.375611969778462034e+25
6.060606060606060601e-03,2.375613155019516945e+25,2.375613228179179834e+25,2.375613299876862055e+25,2.375613364931669972e+25,2.375613406520945542e+25,2.375613379436538605e+25,2.375613178926320245e+25,2.375612589716389597e+25,2.375611211260152208e+25
5.757575757575757354e-03,2.375613098831615324e+25,2.375613172044938676e+25,2.375613244137715797e+25,2.375613311075656849e+25,2.375613359580184959e+25,2.375613353495244087e+25,2.375613207968825965e+25,2.375612746455424147e+25,2.375611636511868847e+25
6.363636363636363848e-03,2.375613214094124927e+25,2.375613287179694047e+25,2.375613358353676732e+25,2.375613420950258828e+25,2.375613453620674031e+25,2.375613399753189050e+25,2.375613129857009519e+25,2.375612381131914470e+25,2.375610670501752351e+25
6.060606060606060601e-03,2.375613155019517804e+25,2.375613228179179405e+25,2.375613299876861626e+25,2.375613364931668684e+25,2.375613406520945971e+25,2.375613379436538605e+25,2.375613178926320675e+25,2.375612589716389597e+25,2.375611211260153067e+25
6.666666666666666227e-03,2.375613276054730170e+25,2.375613349039115015e+25,2.375613419519144372e+25,2.375613478904525879e+25,2.375613500063775464e+25,2.375613412016982833e+25,2.375613054523254371e+25,2.375612106482261416e+25,2.375609984872984183e+25
6.363636363636363848e-03,2.375613214094125356e+25,2.375613287179692329e+25,2.375613358353677591e+25,2.375613420950256681e+25,2.375613453620674031e+25,2.375613399753187332e+25,2.375613129857009519e+25,2.375612381131913182e+25,2.375610670501752351e+25
6.969696969696969474e-03,2.375613340900398520e+25,2.375613413747483568e+25,2.375613483307860354e+25,2.375613538495559440e+25,2.375613544788430417e+25,2.375613413102060793e+25,2.375612944981605128e+25,2.375611747845685536e+25,2.375609117731259058e+25
6.666666666666666227e-03,2.375613276054730170e+25,2.375613349039113297e+25,2.375613419519145231e+25,2.375613478904525450e+25,2.375613500063775464e+25,2.375613412016982833e+25,2.375613054523254371e+25,2.375612106482260986e+25,2.375609984872984183e+25
7.272727272727272721e-03,2.375613408629896461e+25,2.375613481291358606e+25,2.375613549632572848e+25,2.375613599329499414e+25,2.375613586412083335e+25,2.375613398984584037e+25,2.375612791118017253e+25,2.375611282641629058e+25,2.375608023370761225e+25
6.969696969696969474e-03,2.375613340900398090e+25,2.375613413747483568e+25,2.375613483307860354e+25,2.375613538495559870e+25,2.375613544788430847e+25,2.375613413102060364e+25,2.375612944981603840e+25,2.375611747845684247e+25,2.375609117731258199e+25
7.575757575757575968e-03,2.375613479241589329e+25,2.375613551652579719e+25,2.375613618376832833e+25,2.375613660887254334e+25,2.375613623134438545e+25,2.375613364485160877e+25,2.375612580057650246e+25,2.375610682429960581e+25,2.375606644808680379e+25
7.272727272727272721e-03,2.375613408629896461e+25,2.375613481291358606e+25,2.375613549632571989e+25,2.375613599329498984e+25,2.375613586412082905e+25,2.375613398984584037e+25,2.375612791118017253e+25,2.375611282641629488e+25,2.375608023370760795e+25
7.878787878787879215e-03,2.375613552733292704e+25,2.375613624806609759e+25,2.375613689385188265e+25,2.375613722484568910e+25,2.375613652611166746e+25,2.375613302937865061e+25,2.375612295415779829e+25,2.375609911405343792e+25,2.375604911041538456e+25
7.575757575757575968e-03,2.375613479241589759e+25,2.375613551652579719e+25,2.375613618376831545e+25,2.375613660887252187e+25,2.375613623134437256e+25,2.375613364485160018e+25,2.375612580057650676e+25,2.375610682429959723e+25,2.375606644808682097e+25
8.181818181818182462e-03,2.375613629102076559e+25,2.375613700720282128e+25,2.375613762450057361e+25,2.375613783219333364e+25,2.375613671789566677e+25,2.375613205765128067e+25,2.375611916347881313e+25,2.375608924511083681e+25,2.375602733648413375e+25
7.878787878787879215e-03,2.375613552733292704e+25,2.375613624806609329e+25,2.375613689385188265e+25,2.375613722484568910e+25,2.375613652611165028e+25,2.375613302937865490e+25,2.375612295415779829e+25,2.375609911405342933e+25,2.375604911041537597e+25
8.484848484848483974e-03,2.375613708343985229e+25,2.375613779348717856e+25,2.375613837294166910e+25,2.375613841902114056e+25,2.375613676694793850e+25,2.375613061932092713e+25,2.375611416345898442e+25,2.375607665078616811e+25,2.375600002590532329e+25
8.181818181818182462e-03,2.375613629102077418e+25,2.375613700720282128e+25,2.375613762450059079e+25,2.375613783219336370e+25,2.375613671789567106e+25,2.375613205765128926e+25,2.375611916347881743e+25,2.375608924511085829e+25,2.375602733648413805e+25
8.787878787878787221e-03,2.375613790453660743e+25,2.375613860631184386e+25,2.375613913547044630e+25,2.375613896964509619e+25,2.375613662151889416e+25,2.375612857246659335e+25,2.375610761714245117e+25,2.375606061876345228e+25,2.375596581023428455e+25
8.484848484848483974e-03,2.375613708343984800e+25,2.375613779348718286e+25,2.375613837294165621e+25,2.375613841902115345e+25,2.375613676694792991e+25,2.375613061932092284e+25,2.375611416345897154e+25,2.375607665078614663e+25,2.375600002590532759e+25
9.090909090909090468e-03,2.375613875423807239e+25,2.375613944485412909e+25,2.375613990713599333e+25,2.375613946338376476e+25,2.375613621424549358e+25,2.375612573462284722e+25,2.375609909642028219e+25,2.375604025424175277e+25,2.375592298897745797e+25
8.787878787878787221e-03,2.375613790453660313e+25,2.375613860631184386e+25,2.375613913547045489e+25,2.375613896964509619e+25,2.375613662151890275e+25,2.375612857246659335e+25,2.375610761714244687e+25,2.375606061876344369e+25,2.375596581023428455e+25
9.393939393939393714e-03,2.375613963244468553e+25,2.375614030799924112e+25,2.375614068132046566e+25,2.375613987296660791e+25,2.375613545745874835e+25,2.375612187128714156e+25,2.375608805766881603e+25,2.375601443396346957e+25,2.375586945076598211e+25
9.090909090909090468e-03,2.375613875423808098e+25,2.375613944485413768e+25,2.375613990713598044e+25,2.375613946338377764e+25,2.375613621424549787e+25,2.375612573462283004e+25,2.375609909642029078e+25,2.375604025424176565e+25,2.375592298897745367e+25
9.696969696969696961e-03,2.375614053902018044e+25,2.375614119423569076e+25,2.375614144917675036e+25,2.375614016243676932e+25,2.375613423709242311e+25,2.375611668121120896e+25,2.375607381099480464e+25,2.375598174894083435e+25,2.375580257639400663e+25
9.393939393939393714e-03,2.375613963244468553e+25,2.375614030799924112e+25,2.375614068132045277e+25,2.375613987296660361e+25,2.375613545745876123e+25,2.375612187128714156e+25,2.375608805766881603e+25,2.375601443396346957e+25,2.375586945076597782e+25
1.000000000000000021e-02,2.375614147377762724e+25,2.375614210151336987e+25,2.375614219887595344e+25,2.375614028438942364e+25,2.375613240477990485e+25,2.375610977759193113e+25,2.375605548145167824e+25,2.375594043319486106e+25,2.375571911972884409e+25
9.696969696969696961e-03,2.375614053902016755e+25,2.375614119423568646e+25,2.375614144917673747e+25,2.375614016243676073e+25,2.375613423709243599e+25,2.375611668121121326e+25,2.375607381099480034e+25,2.375598174894083864e+25,2.375580257639401092e+25
1.030303030303030346e-02,2.375614243646027280e+25,2.375614302705036370e+25,2.375614291460126513e+25,2.375614017633639589e+25,2.375612976760802591e+25,2.375610066404111711e+25,2.375603196018723875e+25,2.375588827521197950e+25,2.375561506167321711e+25
1.000000000000000021e-02,2.375614147377762724e+25,2.375614210151335269e+25,2.375614219887595773e+25,2.375614028438942364e+25,2.375613240477990915e+25,2.375610977759195260e+25,2.375605548145166965e+25,2.375594043319486106e+25,2.375571911972883979e+25
1.060606060606060670e-02,2.375614342671486035e+25,2.375614396707078183e+25,2.375614357520270739e+25,2.375613975592244408e+25,2.375612607484229067e+25,2.375608870391447184e+25,2.375600184298324036e+25,2.375582250808512414e+25,2.375548543137917871e+25
1.030303030303030346e-02,2.375614243646026851e+25,2.375614302705037659e+25,2.375614291460127372e+25,2.375614017633638730e+25,2.375612976760802162e+25,2.375610066404112140e+25,2.375603196018723445e+25,2.375588827521196232e+25,2.375561506167320422e+25
1.090909090909090995e-02,2.375614444405479586e+25,2.375614491644776474e+25,2.375614415239865072e+25,2.375613891463448075e+25,2.375612100074201563e+25,2.375607308120541208e+25,2.375596335303228990e+25,2.375573967341542460e+25,2.375532408775098840e+25
1.060606060606060670e-02,2.375614342671485606e+25,2.375614396707078613e+25,2.375614357520270309e+25,2.375613975592244408e+25,2.375612607484229067e+25,2.375608870391448902e+25,2.375600184298324465e+25,2.375582250808512414e+25,2.375548543137917442e+25
1.121212121212121146e-02,2.375614548780926128e+25,2.375614586821857773e+25,2.375614460837268547e+25,2.375613750953254543e+25,2.375611412233164891e+25,2.375605275073820332e+25,2.375591424404037388e+25,2.375563545297542928e+25,2.375512345290484485e+25
1.090909090909090995e-02,2.375614444405481304e+25,2.375614491644776903e+25,2.375614415239865501e+25,2.375613891463447646e+25,2.375612100074201134e+25,2.375607308120542926e+25,2.375596335303229420e+25,2.375573967341542889e+25,2.375532408775099270e+25
1.151515151515151471e-02,2.375614655705255801e+25,2.375614681292507146e+25,2.375614489256241652e+25,2.375613535238761761e+25,2.375610489067363659e+25,2.375602637480625284e+25,2.375585167881626766e+25,2.375550446084784086e+25,2.375487418764714845e+25
1.121212121212121146e-02,2.375614548780924410e+25,2.375614586821856914e+25,2.375614460837268976e+25,2.375613750953253684e+25,2.375611412233162314e+25,2.375605275073819043e+25,2.375591424404036959e+25,2.375563545297541639e+25,2.375512345290483196e+25
1.181818181818181795e-02,2.375614765050646513e+25,2.375614773771713758e+25,2.375614493737104152e+25,2.375613219542160804e+25,2.375609259377815038e+25,2.375599224266591133e+25,2.375577207737503490e+25,2.375533998721266967e+25,2.375456479715562410e+25
1.151515151515151471e-02,2.375614655705254942e+25,2.375614681292508005e+25,2.375614489256242081e+25,2.375613535238761761e+25,2.375610489067364089e+25,2.375602637480625714e+25,2.375585167881625907e+25,2.375550446084784086e+25,2.375487418764713556e+25
1.212121212121212120e-02,2.375614876640491356e+25,2.375614862513348346e+25,2.375614465244113298e+25,2.375612771259991147e+25,2.375607630876208249e+25,2.375594816837926693e+25,2.375567092720171402e+25,2.375513368312231803e+25,2.375418115286833351e+25
1.181818181818181795e-02,2.375614765050647801e+25,2.375614773771713758e+25,2.375614493737104152e+25,2.375613219542159516e+25,2.375609259377814608e+25,2.375599224266591991e+25,2.375577207737502631e+25,2.375533998721268685e+25,2.375456479715562410e+25
1.242424242424242445e-02,2.375614990230627881e+25,2.375614945144423440e+25,2.375614391701304537e+25,2.375612147510722490e+25,2.375605484020773089e+25,2.375589136136137858e+25,2.375554254664498440e+25,2.375487517343070511e+25,2.375370591406789238e+25
1.212121212121212120e-02,2.375614876640491785e+25,2.375614862513347916e+25,2.375614465244114587e+25,2.375612771259991147e+25,2.375607630876207819e+25,2.375594816837928840e+25,2.375567092720171402e+25,2.375513368312232232e+25,2.375418115286833351e+25
1.272727272727272770e-02,2.375615105483335939e+25,2.375615018439752320e+25,2.375614256973012729e+25,2.375611291922370056e+25,2.375602664082903244e+25,2.375581826257693635e+25,2.375537979038090202e+25,2.375455158247949421e+25,2.375311782975918535e+25
1.242424242424242445e-02,2.375614990230627881e+25,2.375614945144422581e+25,2.375614391701303678e+25,2.375612147510723778e+25,2.375605484020771801e+25,2.375589136136140865e+25,2.375554254664497581e+25,2.375487517343070940e+25,2.375370591406789238e+25
1.303030303030303094e-02,2.375615221931266394e+25,2.375615078015651705e+25,2.375614039504543350e+25,2.375610130428132201e+25,2.375598970948978062e+25,2.375572433758829306e+25,2.375517368344396746e+25,2.375414695413576101e+25,2.375239089814737563e+25
1.272727272727272770e-02,2.375615105483335510e+25,2.375615018439754038e+25,2.375614256973011011e+25,2.375611291922369197e+25,2.375602664082901956e+25,2.375581826257694494e+25,2.375537979038088054e+25,2.375455158247948992e+25,2.375311782975918105e+25
1.333333333333333245e-02,2.375615338927423225e+25,2.375615117913590199e+25,2.375613710510564731e+25,2.375608565768766995e+25,2.375594146027381101e+25,2.375560381551177157e+25,2.375491296738972573e+25,2.375364154426707149e+25,2.375149335730212218e+25
1.303030303030303094e-02,2.375615221931267683e+25,2.375615078015653423e+25,2.375614039504542920e+25,2.375610130428132201e+25,2.375598970948976774e+25,2.375572433758829736e+25,2.375517368344398894e+25,2.375414695413576960e+25,2.375239089814738422e+25
1.363636363636363570e-02,2.375615455575724213e+25,2.375615130034363288e+25,2.375613231562112114e+25,2.375606470310697372e+25,2.375587855461580074e+25,2.375544936030658191e+25,2.375458353865128172e+25,2.375301095967166804e+25,2.375038647642663001e+25
1.333333333333333245e-02,2.375615338927423655e+25,2.375615117913589769e+25,2.375613710510563872e+25,2.375608565768766136e+25,2.375594146027378094e+25,2.375560381551177157e+25,2.375491296738971285e+25,2.375364154426706719e+25,2.375149335730211789e+25
1.393939393939393895e-02,2.375615570634658808e+25,2.375615103369283458e+25,2.375612551374484683e+25,2.375603676673496991e+25,2.375579668637669414e+25,2.375525165760190515e+25,2.375416775499347457e+25,2.375222511280032577e+25,2.374902311253082813e+25
1.363636363636363570e-02,2.375615455575724642e+25,2.375615130034364147e+25,2.375613231562112114e+25,2.375606470310696942e+25,2.375587855461580504e+25,2.375544936030659050e+25,2.375458353865126884e+25,2.375301095967167233e+25,2.375038647642663431e+25
1.424242424242424220e-02,2.375615682383501622e+25,2.375615022955686235e+25,2.375611601534241452e+25,2.375599965511809509e+25,2.375569030708709418e+25,2.375499889635003794e+25,2.375364358105308710e+25,2.375124695626027613e+25,2.374734599224828275e+25
1.393939393939393895e-02,2.375615570634657090e+25,2.375615103369283458e+25,2.375612551374485113e+25,2.375603676673498280e+25,2.375579668637669843e+25,2.375525165760191374e+25,2.375416775499347457e+25,2.375222511280034295e+25,2.374902311253081954e+25
1.454545454545454544e-02,2.375615788436532755e+25,2.375614868458308074e+25,2.375610290818768991e+25,2.375595049606213760e+25,2.375555227526193728e+25,2.375467611984354543e+25,2.375298353818433800e+25,2.375003095504374857e+25,2.374528567307754619e+25
1.424242424242424220e-02,2.375615682383500763e+25,2.375615022955686664e+25,2.375611601534240593e+25,2.375599965511811657e+25,2.375569030708708559e+25,2.375499889635005083e+25,2.375364358105308280e+25,2.375124695626029331e+25,2.374734599224827846e+25
1.484848484848484869e-02,2.375615885484977691e+25,2.375614612242985796e+25,2.375608497650666855e+25,2.375588553173385319e+25,2.375537340955934140e+25,2.375426441490530927e+25,2.375215341710237110e+25,2.374852124765046594e+25,2.374275813253564545e+25
1.454545454545454544e-02,2.375615788436533614e+25,2.375614868458308933e+25,2.375610290818768132e+25,2.375595049606215048e+25,2.375555227526192010e+25,2.375467611984354113e+25,2.375298353818432511e+25,2.375003095504373998e+25,2.374528567307754190e+25
1.515151515151515194e-02,2.375615968938424776e+25,2.375614216761711703e+25,2.375606060082495014e+25,2.375579984994183076e+25,2.375514192043609212e+25,2.375373990118556648e+25,2.375111070403446447e+25,2.374664943978227189e+25,2.373966192770517781e+25
1.484848484848484869e-02,2.375615885484978550e+25,2.375614612242983219e+25,2.375608497650666855e+25,2.375588553173386607e+25,2.375537340955932422e+25,2.375426441490530498e+25,2.375215341710235392e+25,2.374852124765047024e+25,2.374275813253564545e+25
1.545454545454545518e-02,2.375616032426492618e+25,2.375613631004083069e+25,2.375602762515123507e+25,2.375568703560872670e+25,2.375484268863312303e+25,2.375307247429867861e+25,2.374980266216475357e+25,2.374433196611874438e+25,2.373587486159815447e+25
1.515151515151515194e-02,2.375615968938426064e+25,2.375614216761712133e+25,2.375606060082493725e+25,2.375579984994182217e+25,2.375514192043609212e+25,2.375373990118557077e+25,2.375111070403445159e+25,2.374664943978227189e+25,2.373966192770519070e+25
1.575757575757575843e-02,2.375616067106085790e+25,2.375612785683445239e+25,2.375598318100716706e+25,2.375553871940137499e+25,2.375445635105533957e+25,2.375222424681301484e+25,2.374816400002685994e+25,2.374146694693346622e+25,2.373125008689213349e+25
1.545454545454545518e-02,2.375616032426493047e+25,2.375613631004083499e+25,2.375602762515123077e+25,2.375568703560871811e+25,2.375484268863311874e+25,2.375307247429867861e+25,2.374980266216475787e+25,2.374433196611876156e+25,2.373587486159814588e+25
1.606060606060605994e-02,2.375616060698171967e+25,2.375611586709155089e+25,2.375592345451339559e+25,2.375534399409152960e+25,2.375395814510803117e+25,2.375114761967114835e+25,2.374611404713267583e+25,2.373793045714078203e+25,2.372561157223189546e+25
1.575757575757575843e-02,2.375616067106085361e+25,2.375612785683446098e+25,2.375598318100717994e+25,2.375553871940137928e+25,2.375445635105532669e+25,2.375222424681304061e+25,2.374816400002688142e+25,2.374146694693346622e+25,2.373125008689214638e+25
1.636363636363636492e-02,2.375615996148182480e+25,2.375609906338592348e+25,2.375584337843246220e+25,2.375508866115183126e+25,2.375331645098908560e+25,2.374978290327356209e+25,2.374355334455194794e+25,2.373357211602880385e+25,2.371874885185478996e+25
1.606060606060605994e-02,2.375616060698169819e+25,2.375611586709154660e+25,2.375592345451337411e+25,2.375534399409152101e+25,2.375395814510802688e+25,2.375114761967113976e+25,2.374611404713266724e+25,2.373793045714078203e+25,2.372561157223190405e+25
1.666666666666666644e-02,2.375615849762579773e+25,2.375607571189802792e+25,2.375573622545333764e+25,2.375475425994386678e+25,2.375249095744748921e+25,2.374805539203459071e+25,2.374035954447936612e+25,2.372820989680090863e+25,2.371041097632311815e+25
1.636363636363636492e-02,2.375615996148181621e+25,2.375609906338592348e+25,2.375584337843244502e+25,2.375508866115182696e+25,2.375331645098908990e+25,2.374978290327356639e+25,2.374355334455193505e+25,2.373357211602879956e+25,2.371874885185478996e+25
1.696969696969696795e-02,2.375615588616149708e+25,2.375604346009259047e+25,2.375559307170094949e+25,2.375431681914430686e+25,2.375143035970779432e+25,2.374587177858489027e+25,2.373638249826165443e+25,2.372162404662444920e+25,2.370029958130379732e+25
1.666666666666666644e-02,2.375615849762579773e+25,2.375607571189801503e+25,2.375573622545334194e+25,2.375475425994386678e+25,2.375249095744748492e+25,2.374805539203459501e+25,2.374035954447936612e+25,2.372820989680090434e+25,2.371041097632313533e+25
1.727272727272727293e-02,2.375615166943928392e+25,2.375599911703829153e+25,2.375540208998517025e+25,2.375374525420475004e+25,2.375006947820352789e+25,2.374311577389110118e+25,2.373143839726354311e+25,2.371355000085298850e+25,2.368806099344165084e+25
1.696969696969696795e-02,2.375615588616148419e+25,2.375604346009256899e+25,2.375559307170094949e+25,2.375431681914428539e+25,2.375143035970776855e+25,2.374587177858486880e+25,2.373638249826163725e+25,2.372162404662442343e+25,2.370029958130379732e+25
1.757575757575757444e-02,2.375614521119074153e+25,2.375593835628336259e+25,2.375514762005792099e+25,2.375299931497116190e+25,2.374832566303509762e+25,2.373964277744922341e+25,2.372530281588809619e+25,2.370367017033519931e+25,2.367327729841118017e+25
1.727272727272727293e-02,2.375615166943927103e+25,2.375599911703830012e+25,2.375540208998515737e+25,2.375374525420472857e+25,2.375006947820351501e+25,2.374311577389110548e+25,2.373143839726350875e+25,2.371355000085296703e+25,2.368806099344164655e+25
1.787878787878787942e-02,2.375613562661157283e+25,2.375585531425079087e+25,2.375480894735655516e+25,2.375202696331432175e+25,2.374609432126744210e+25,2.373527341759619922e+25,2.371770249182647180e+25,2.369160447937962088e+25,2.365545630735914586e+25
1.757575757575757444e-02,2.375614521119073724e+25,2.375593835628336259e+25,2.375514762005791240e+25,2.375299931497116190e+25,2.374832566303508045e+25,2.373964277744919764e+25,2.372530281588807042e+25,2.370367017033520361e+25,2.367327729841118017e+25
1.818181818181818094e-02,2.375612168500556660e+25,2.375574204780484914e+25,2.375435870141708233e+25,2.375076103084504516e+25,2.374324337197497353e+25,2.372978575633849791e+25,2.370830566630707184e+25,2.367689953541118506e+25,2.363402037548750775e+25
1.787878787878787942e-02,2.375613562661155995e+25,2.375585531425078657e+25,2.375480894735655516e+25,2.375202696331432175e+25,2.374609432126743351e+25,2.373527341759619063e+25,2.371770249182646321e+25,2.369160447937960800e+25,2.365545630735913298e+25
1.848484848484848592e-02,2.375610167419638408e+25,2.375558780217733462e+25,2.375376075915491187e+25,2.374911497051736874e+25,2.373960639712580433e+25,2.372290592668333311e+25,2.369671079822763924e+25,2.365901632134693618e+25,2.360829405196768507e+25
1.818181818181818094e-02,2.375612168500554512e+25,2.375574204780484055e+25,2.375435870141707374e+25,2.375076103084504087e+25,2.374324337197496924e+25,2.372978575633848932e+25,2.370830566630706325e+25,2.367689953541118077e+25,2.363402037548748198e+25
1.878787878787878743e-02,2.375607321165916818e+25,2.375537802379124034e+25,2.375296750506739765e+25,2.374697747208486923e+25,2.373497421499094609e+25,2.371429694448577139e+25,2.368243346252313971e+25,2.363731632026068299e+25,2.357749057533297276e+25
1.848484848484848592e-02,2.375610167419638408e+25,2.375558780217731314e+25,2.375376075915490328e+25,2.374911497051736445e+25,2.373960639712581292e+25,2.372290592668333311e+25,2.369671079822764353e+25,2.365901632134694477e+25,2.360829405196767218e+25
1.909090909090909241e-02,2.375603298138862044e+25,2.375509303031523705e+25,2.375191625833408161e+25,2.374420565887833354e+25,2.372908455713140081e+25,2.370354541305071926e+25,2.366489124741423895e+25,2.361104601136904521e+25,2.354069727467634494e+25
1.878787878787878743e-02,2.375607321165915530e+25,2.375537802379121028e+25,2.375296750506738906e+25,2.374697747208484775e+25,2.373497421499093321e+25,2.371429694448577569e+25,2.368243346252313112e+25,2.363731632026067870e+25,2.357749057533296847e+25
1.939393939393939392e-02,2.375597636724028868e+25,2.375470622072746266e+25,2.375052462363484208e+25,2.374061652117095208e+25,2.372160948102201913e+25,2.369014581961607667e+25,2.364338648036204434e+25,2.357931971942872642e+25,2.349685999608930717e+25
1.909090909090909241e-02,2.375603298138859467e+25,2.375509303031521987e+25,2.375191625833407732e+25,2.374420565887832066e+25,2.372908455713139652e+25,2.370354541305072356e+25,2.366489124741424324e+25,2.361104601136902803e+25,2.354069727467633635e+25
1.969696969696969543e-02,2.375589694192840193e+25,2.375418166891993270e+25,2.374868445574218299e+25,2.373597616862780416e+25,2.371214009960218060e+25,2.367348211173939436e+25,2.361708664235094829e+25,2.354110085922499521e+25,2.344476674742395084e+25
1.939393939393939392e-02,2.375597636724027579e+25,2.375470622072746266e+25,2.375052462363484637e+25,2.374061652117092201e+25,2.372160948102204061e+25,2.369014581961606379e+25,2.364338648036204434e+25,2.357931971942870924e+25,2.349685999608928999e+25
2.000000000000000042e-02,2.375578575473913536e+25,2.375347089237955591e+25,2.374625404463097961e+25,2.372998640050733613e+25,2.370016815906822815e+25,2.365280624292062948e+25,2.358500237894977701e+25,2.349518169606599963e+25,2.338303084399526096e+25
1.969696969696969543e-02,2.375589694192837616e+25,2.375418166891992841e+25,2.374868445574217011e+25,2.373597616862778698e+25,2.371214009960217201e+25,2.367348211173937288e+25,2.361708664235093540e+25,2.354110085922494797e+25,2.344476674742394225e+25
2.030303030303030193e-02,2.375563033851567728e+25,2.375250851879029544e+25,2.374304802466506094e+25,2.372226799755045313e+25,2.368506395094232087e+25,2.362721339618552161e+25,2.354596308955846011e+25,2.344016184519881721e+25,2.331007394416760083e+25
2.000000000000000042e-02,2.375578575473910959e+25,2.375347089237954732e+25,2.374625404463097531e+25,2.372998640050733184e+25,2.370016815906820667e+25,2.365280624292061230e+25,2.358500237894977272e+25,2.349518169606598245e+25,2.338303084399524378e+25
2.060606060606060691e-02,2.375541332505856931e+25,2.375120648292723407e+25,2.373882438473838561e+25,2.371234003505920404e+25,2.366605000948835872e+25,2.359561363893103996e+25,2.349859017903122211e+25,2.337442586074494428e+25,2.322410948710018873e+25
2.030303030303030193e-02,2.375563033851566439e+25,2.375250851879026967e+25,2.374304802466505235e+25,2.372226799755044454e+25,2.368506395094230798e+25,2.362721339618551302e+25,2.354596308955845581e+25,2.344016184519880862e+25,2.331007394416760083e+25
2.090909090909090842e-02,2.375511051423110876e+25,2.374944626746698192e+25,2.373326780232207661e+25,2.369959440531787734e+25,2.364217002874244546e+25,2.355669984077767383e+25,2.344126819460479549e+25,2.329612042050703088e+25,2.312312718447388134e+25
2.060606060606060691e-02,2.375541332505856072e+25,2.375120648292722548e+25,2.373882438473837702e+25,2.371234003505920404e+25,2.366605000948836302e+25,2.359561363893103137e+25,2.349859017903121352e+25,2.337442586074495287e+25,2.322410948710019303e+25
2.121212121212121340e-02,2.375468818082953477e+25,2.374706854609575640e+25,2.372596833965222476e+25,2.368326462435174630e+25,2.361225244537841291e+25,2.350891180881723786e+25,2.337211425200408147e+25,2.320313179826675057e+25,2.300487937167441943e+25
2.090909090909090842e-02,2.375511051423108299e+25,2.374944626746695615e+25,2.373326780232205943e+25,2.369959440531786016e+25,2.364217002874242828e+25,2.355669984077766524e+25,2.344126819460477831e+25,2.329612042050704376e+25,2.312312718447386845e+25
2.151515151515151492e-02,2.375409931777723044e+25,2.374385938526175644e+25,2.371639432199609158e+25,2.366238789144115455e+25,2.357486818826949976e+25,2.345039677339687527e+25,2.328894638365189014e+25,2.309306452994434871e+25,2.286687018782308683e+25
2.121212121212121340e-02,2.375468818082952618e+25,2.374706854609573922e+25,2.372596833965220758e+25,2.368326462435172482e+25,2.361225244537840002e+25,2.350891180881723786e+25,2.337211425200407288e+25,2.320313179826677205e+25,2.300487937167442372e+25
2.181818181818181990e-02,2.375327839479208787e+25,2.373953189935688614e+25,2.370385796489106972e+25,2.363575928272746233e+25,2.352828221078491306e+25,2.337896660567470830e+25,2.318925172394879990e+25,2.296322242205698103e+25,2.270634872226992556e+25
2.151515151515151492e-02,2.375409931777723044e+25,2.374385938526175214e+25,2.371639432199608728e+25,2.366238789144115455e+25,2.357486818826948687e+25,2.345039677339687527e+25,2.328894638365187726e+25,2.309306452994434871e+25,2.286687018782308683e+25
2.212121212121212141e-02,2.375213404489654279e+25,2.373370191755784111e+25,2.368747203125130936e+25,2.360187691165192763e+25,2.347039861982470307e+25,2.329205247959425722e+25,2.307015578450495796e+25,2.281059331522788783e+25,2.252030742921722266e+25
2.181818181818181990e-02,2.375327839479207928e+25,2.373953189935688185e+25,2.370385796489106113e+25,2.363575928272748381e+25,2.352828221078490876e+25,2.337896660567469971e+25,2.318925172394879131e+25,2.296322242205698103e+25,2.270634872226991267e+25
2.242424242424242292e-02,2.375053885816538749e+25,2.372585579062665509e+25,2.366609548701633713e+25,2.355887690581886122e+25,2.339869952328895998e+25,2.318665811941428801e+25,2.292839446567524713e+25,2.263183929323801953e+25,2.230548726068715673e+25
2.212121212121212141e-02,2.375213404489654279e+25,2.373370191755783681e+25,2.368747203125130507e+25,2.360187691165193622e+25,2.347039861982470307e+25,2.329205247959426152e+25,2.307015578450494937e+25,2.281059331522790071e+25,2.252030742921722695e+25
2.272727272727272790e-02,2.374831513663208410e+25,2.371530792151562889e+25,2.363826580010022527e+25,2.350445716928161949e+25,2.331017816661224207e+25,2.305931331149004456e+25,2.276029089466443658e+25,2.242329430577990490e+25,2.205839108664937633e+25
2.242424242424242292e-02,2.375053885816537890e+25,2.372585579062663792e+25,2.366609548701632425e+25,2.355887690581886981e+25,2.339869952328892991e+25,2.318665811941427942e+25,2.292839446567523854e+25,2.263183929323800665e+25,2.230548726068715673e+25
2.303030303030302942e-02,2.374521500952471739e+25,2.370114492141120860e+25,2.360211521818215604e+25,2.343578917090922706e+25,2.320126755450945430e+25,2.290603001364827505e+25,2.256173966306319765e+25,2.218097143165069746e+25,2.177530704220823315e+25
2.272727272727272790e-02,2.374831513663207551e+25,2.371530792151561601e+25,2.363826580010023386e+25,2.350445716928163667e+25,2.331017816661223348e+25,2.305931331149003597e+25,2.276029089466445376e+25,2.242329430577989201e+25,2.205839108664937633e+25
2.333333333333333440e-02,2.374089267256235820e+25,2.368215244928178876e+25,2.355526811020815066e+25,2.334941748811441478e+25,2.306776659353735504e+25,2.272226416815048078e+25,2.232820153737143245e+25,2.190058222331137242e+25,2.145234344481306592e+25
2.303030303030302942e-02,2.374521500952469162e+25,2.370114492141118712e+25,2.360211521818214745e+25,2.343578917090923136e+25,2.320126755450943712e+25,2.290603001364827934e+25,2.256173966306320624e+25,2.218097143165069317e+25,2.177530704220823315e+25
2.363636363636363591e-02,2.373486562702150516e+25,2.365671976746348815e+25,2.349471633326373002e+25,2.324114762262262630e+25,2.290476688062994174e+25,2.250288720464971397e+25,2.205471220317282513e+25,2.157757071158216423e+25,2.108547683668908686e+25
2.333333333333333440e-02,2.374089267256233243e+25,2.368215244928177588e+25,2.355526811020815495e+25,2.334941748811442767e+25,2.306776659353735074e+25,2.272226416815047219e+25,2.232820153737143245e+25,2.190058222331138530e+25,2.145234344481308739e+25
2.393939393939394089e-02,2.372646055315892437e+25,2.362271582686422237e+25,2.341666969471950424e+25,2.310592379112441048e+25,2.270658463198283970e+25,2.224217218114108859e+25,2.173590903210379927e+25,2.120716467220588359e+25,2.067061450505815493e+25
2.363636363636363591e-02,2.373486562702148368e+25,2.365671976746347526e+25,2.349471633326373432e+25,2.324114762262261771e+25,2.290476688062993315e+25,2.250288720464969679e+25,2.205471220317282084e+25,2.157757071158217712e+25,2.108547683668909116e+25
2.424242424242424240e-02,2.371473771776936272e+25,2.357732929122284151e+25,2.331637907116609590e+25,2.293770009576488414e+25,2.246670391042056114e+25,2.193380050460341684e+25,2.136608017037270342e+25,2.078444661987176062e+25,2.020367249166366888e+25
2.393939393939394089e-02,2.372646055315892437e+25,2.362271582686420090e+25,2.341666969471949994e+25,2.310592379112441478e+25,2.270658463198281393e+25,2.224217218114109288e+25,2.173590903210378209e+25,2.120716467220587930e+25,2.067061450505816352e+25
2.454545454545454392e-02,2.369838539055476276e+25,2.351686336598669393e+25,2.318793083633227895e+25,2.272931082723675236e+25,2.217773925618218931e+25,2.157089612033319926e+25,2.093924036195153520e+25,2.030444665212677355e+25,1.968066960288965001e+25
2.424242424242424240e-02,2.371473771776937990e+25,2.357732929122282863e+25,2.331637907116609161e+25,2.293770009576488843e+25,2.246670391042056544e+25,2.193380050460342543e+25,2.136608017037269913e+25,2.078444661987177350e+25,2.020367249166366459e+25
2.484848484848484890e-02,2.367557235358237743e+25,2.343647472482156899e+25,2.302401323791653579e+25,2.247234877845019585e+25,2.183142800205075358e+25,2.114609484484863451e+25,2.044923774677679992e+25,1.976225866712164798e+25,1.909783725751525215e+25
2.454545454545454392e-02,2.369838539055476705e+25,2.351686336598667675e+25,2.318793083633227036e+25,2.272931082723674806e+25,2.217773925618218072e+25,2.157089612033319067e+25,2.093924036195154379e+25,2.030444665212674778e+25,1.968066960288964142e+25
2.515151515151515041e-02,2.364374184773274148e+25,2.332984444732863736e+25,2.281565864827333637e+25,2.215706446303590925e+25,2.141866484199152673e+25,2.065165698390832822e+25,1.988989530998398924e+25,1.915318058175187413e+25,1.845174415560914976e+25
2.484848484848484890e-02,2.367557235358237743e+25,2.343647472482156899e+25,2.302401323791654008e+25,2.247234877845019156e+25,2.183142800205075358e+25,2.114609484484863881e+25,2.044923774677680422e+25,1.976225866712163510e+25,1.909783725751525859e+25
2.545454545454545539e-02,2.359932367153815741e+25,2.318876809840680554e+25,2.255197071674757294e+25,2.177230410220164017e+25,2.092959341741206512e+25,2.007963132044693928e+25,1.925518959202478699e+25,1.847287794844618520e+25,1.773943372776899066e+25
2.515151515151515041e-02,2.364374184773273719e+25,2.332984444732862447e+25,2.281565864827334066e+25,2.215706446303590925e+25,2.141866484199151814e+25,2.065165698390832822e+25,1.988989530998397206e+25,1.915318058175186339e+25,1.845174415560914332e+25
2.575757575757575690e-02,2.353733187828820083e+25,2.300265258702292502e+25,2.221985302296728592e+25,2.130551012245595612e+25,2.035377146363902799e+25,1.942207772788336217e+25,1.853946759622708126e+25,1.771756879798059212e+25,1.695857115551798683e+25
2.545454545454545539e-02,2.359932367153814452e+25,2.318876809840680983e+25,2.255197071674757294e+25,2.177230410220164017e+25,2.092959341741206512e+25,2.007963132044694357e+25,1.925518959202478270e+25,1.847287794844617232e+25,1.773943372776899281e+25
2.606060606060606188e-02,2.345080255329299776e+25,2.275791039316314810e+25,2.180376664137512689e+25,2.074281446709302608e+25,1.968042695080910605e+25,1.867135377804631512e+25,1.773770046639750885e+25,1.688422564128016709e+25,1.610759548999107267e+25
2.575757575757575690e-02,2.353733187828818795e+25,2.300265258702291643e+25,2.221985302296729022e+25,2.130551012245596041e+25,2.035377146363903228e+25,1.942207772788334929e+25,1.853946759622707052e+25,1.771756879798058783e+25,1.695857115551798039e+25
2.636363636363636340e-02,2.333000802068418165e+25,2.243724901483825440e+25,2.128555891653265112e+25,2.006926173876105421e+25,1.889882201641187651e+25,1.782046747343319430e+25,1.684576941332788187e+25,1.597078840601881176e+25,1.518587111095732615e+25
2.606060606060606188e-02,2.345080255329298917e+25,2.275791039316313092e+25,2.180376664137512259e+25,2.074281446709302178e+25,1.968042695080909746e+25,1.867135377804630653e+25,1.773770046639750670e+25,1.688422564128017353e+25,1.610759548999107052e+25
2.666666666666666491e-02,2.316135846529928251e+25,2.201886803330510894e+25,2.064442549307345324e+25,1.926920507860633716e+25,1.799873850040106635e+25,1.686349337293893633e+25,1.586077557961648784e+25,1.497637977702897600e+25,1.419383156161682345e+25
2.636363636363636340e-02,2.333000802068417735e+25,2.243724901483827158e+25,2.128555891653266400e+25,2.006926173876106280e+25,1.889882201641187007e+25,1.782046747343318356e+25,1.684576941332788831e+25,1.597078840601881605e+25,1.518587111095732829e+25
2.696969696969696989e-02,2.292586647313763677e+25,2.147560268117377765e+25,1.985709268873583007e+25,1.832692112099324653e+25,1.697109258352984916e+25,1.579604272367967221e+25,1.478136118735809764e+25,1.390151212626501197e+25,1.313310779027478433e+25
2.666666666666666491e-02,2.316135846529926963e+25,2.201886803330512612e+25,2.064442549307345324e+25,1.926920507860632428e+25,1.799873850040105776e+25,1.686349337293892345e+25,1.586077557961649428e+25,1.497637977702897171e+25,1.419383156161681916e+25
2.727272727272727140e-02,2.259700035305870699e+25,2.077409844126753093e+25,1.889833724732968992e+25,1.722748884033034589e+25,1.580867535085807118e+25,1.461576976810209447e+25,1.360802469313873751e+25,1.274827319385844903e+25,1.200663216943452705e+25
2.696969696969696989e-02,2.292586647313765395e+25,2.147560268117378624e+25,1.985709268873582578e+25,1.832692112099324438e+25,1.697109258352984916e+25,1.579604272367967650e+25,1.478136118735809120e+25,1.390151212626500767e+25,1.313310779027477574e+25
2.757575757575757638e-02,2.213768264720365722e+25,1.987417708274582743e+25,1.774199321000942940e+25,1.595796703653485815e+25,1.450700011798646373e+25,1.332288647588278861e+25,1.234340822676873655e+25,1.152047620778894210e+25,1.081870949410963461e+25
2.727272727272727140e-02,2.259700035305870699e+25,2.077409844126753093e+25,1.889833724732968563e+25,1.722748884033033300e+25,1.580867535085806689e+25,1.461576976810208373e+25,1.360802469313873322e+25,1.274827319385844903e+25,1.200663216943450557e+25
2.787878787878787790e-02,2.149609305122830251e+25,1.872867753218985257e+25,1.636262561613100927e+25,1.450888178396185957e+25,1.306521555157296609e+25,1.192064730268824741e+25,1.099253193967233823e+25,1.022375953314882031e+25,9.575046622327123489e+24
2.757575757575757638e-02,2.213768264720367870e+25,1.987417708274582314e+25,1.774199321000943799e+25,1.595796703653486030e+25,1.450700011798645944e+25,1.332288647588278431e+25,1.234340822676873440e+25,1.152047620778894854e+25,1.081870949410962602e+25
2.818181818181818288e-02,2.059979896489056681e+25,1.728425062420742642e+25,1.473806652434870616e+25,1.287599252958608650e+25,1.148701639041787492e+25,1.041575552145725639e+25,9.562947819250575871e+24,8.865621551094895298e+24,8.282733618669696722e+24
2.787878787878787790e-02,2.149609305122829822e+25,1.872867753218983110e+25,1.636262561613100927e+25,1.450888178396185313e+25,1.306521555157295965e+25,1.192064730268823882e+25,1.099253193967233823e+25,1.022375953314882031e+25,9.575046622327118120e+24
2.848484848484848439e-02,1.934754656248838736e+25,1.548389352301277538e+25,1.285298860724963771e+25,1.106223750830415765e+25,9.781452960721420086e+24,8.818635180581329396e+24,8.064785911017259997e+24,7.455378559234644592e+24,6.950171247329238384e+24
2.818181818181818288e-02,2.059979896489056252e+25,1.728425062420742427e+25,1.473806652434871260e+25,1.287599252958608435e+25,1.148701639041786847e+25,1.041575552145725639e+25,9.562947819250578019e+24,8.865621551094899593e+24,8.282733618669696722e+24
2.878787878787878937e-02,1.759777888634905694e+25,1.327248503771615291e+25,1.070359603133215431e+25,9.079661288483986159e+24,7.963511244063475176e+24,7.143510411394413184e+24,6.510669565301117420e+24,6.004037218039039055e+24,5.586942405502818813e+24
2.848484848484848439e-02,1.934754656248837447e+25,1.548389352301276249e+25,1.285298860724963556e+25,1.106223750830415121e+25,9.781452960721415791e+24,8.818635180581329396e+24,8.064785911017258923e+24,7.455378559234643518e+24,6.950171247329235163e+24
2.909090909090909088e-02,1.515257460570912122e+25,1.060731306230983584e+25,8.303273339064697309e+24,6.951001140345364522e+24,6.054315039247728109e+24,5.408239587421045081e+24,4.915483882649319608e+24,4.524078408693777068e+24,4.203628462719115293e+24
2.878787878787878937e-02,1.759777888634905909e+25,1.327248503771614217e+25,1.070359603133215216e+25,9.079661288483987233e+24,7.963511244063470881e+24,7.143510411394411036e+24,6.510669565301113125e+24,6.004037218039035834e+24,5.586942405502817739e+24
2.939393939393939240e-02,1.173517915139569607e+25,7.476697602287093556e+24,5.688535495856641414e+24,4.710470661889953834e+24,4.080802815552537053e+24,3.633868422715305145e+24,3.295993060578428096e+24,3.029156026100032603e+24,2.811575240931801299e+24
2.909090909090909088e-02,1.515257460570911263e+25,1.060731306230983369e+25,8.303273339064700530e+24,6.951001140345367744e+24,6.054315039247725962e+24,5.408239587421050450e+24,4.915483882649319608e+24,4.524078408693777068e+24,4.203628462719113145e+24
2.969696969696969738e-02,6.958569281422199381e+24,3.931496380384245302e+24,2.923675616919261930e+24,2.403175288265567147e+24,2.074769394262329738e+24,1.843894832517854974e+24,1.670317151075389030e+24,1.533721623863424727e+24,1.422617199429653176e+24
2.939393939393939240e-02,1.173517915139568748e+25,7.476697602287088188e+24,5.688535495856636046e+24,4.710470661889951149e+24,4.080802815552532758e+24,3.633868422715302998e+24,3.295993060578425949e+24,3.029156026100030993e+24,2.811575240931799688e+24
2.999999999999999889e-02,2.814692111186440183e+23,1.368141020793609115e+23,1.008007057218118070e+23,8.263053535113394101e+22,7.125064046320651390e+22,6.327773249402988554e+22,5.729515115261256217e+22,5.259310316999222179e+22,4.877187509739413570e+22
2.969696969696969738e-02,6.958569281422194012e+24,3.931496380384238323e+24,2.923675616919257635e+24,2.403175288265565268e+24,2.074769394262326785e+24,1.843894832517852827e+24,1.670317151075387419e+24,1.533721623863423385e+24,1.422617199429652371e+24
