x,t=1.00e+01s,t=2.00e+01s,t=3.00e+01s,t=4.00e+01s,t=5.00e+01s,t=6.00e+01s,t=7.00e+01s,t=8.00e+01s,t=9.00e+01s
3.030303030303030300e-04,2.374520747317582678e+25,2.369191772079791727e+25,2.354998494930833086e+25,2.327483738144556307e+25,2.283830904542712335e+25,2.223442826981102156e+25,2.147692771620731745e+25,2.059257398300442477e+25,1.961404761107327684e+25
0.000000000000000000e+00,2.374521398874509719e+25,2.369194952644154213e+25,2.355006966671379972e+25,2.327500162181095006e+25,2.283856962864776761e+25,2.223478876644187647e+25,2.147737993208684543e+25,2.059310194070363443e+25,1.961463180065587408e+25
6.060606060606060601e-04,2.374513848115675269e+25,2.369158103605887349e+25,2.354908837473214522e+25,2.327309955303603672e+25,2.283555226175889106e+25,2.223061497620852696e+25,2.147214473239882214e+25,2.058699036687416290e+25,1.960786970829825226e+25
3.030303030303030300e-04,2.374520747317582678e+25,2.369191772079790439e+25,2.354998494930833086e+25,2.327483738144556307e+25,2.283830904542712335e+25,2.223442826981103444e+25,2.147692771620731316e+25,2.059257398300442907e+25,1.961404761107325966e+25
9.090909090909090901e-04,2.374502944155917832e+25,2.369104944969728614e+25,2.354767396361205412e+25,2.327035987917072591e+25,2.283120863755269138e+25,2.222460941284926525e+25,2.146461473239437530e+25,2.057820245110096354e+25,1.959814869783912757e+25
6.060606060606060601e-04,2.374513848115675699e+25,2.369158103605887349e+25,2.354908837473214951e+25,2.327309955303602813e+25,2.283555226175888677e+25,2.223061497620852267e+25,2.147214473239881355e+25,2.058699036687415861e+25,1.960786970829824797e+25
1.212121212121212120e-03,2.374487678167532368e+25,2.369030630435658853e+25,2.354569907125435154e+25,2.326653842640389544e+25,2.282515488713236704e+25,2.221624497088615241e+25,2.145413268682090193e+25,2.056597456053365727e+25,1.958462705035851393e+25
9.090909090909090901e-04,2.374502944155915684e+25,2.369104944969729044e+25,2.354767396361205412e+25,2.327035987917072591e+25,2.283120863755269997e+25,2.222460941284924378e+25,2.146461473239437100e+25,2.057820245110095925e+25,1.959814869783911898e+25
1.515151515151515150e-03,2.374467902753376640e+25,2.368934550676166987e+25,2.354314988485272242e+25,2.326161224753727641e+25,2.281735953227987516e+25,2.220548359278269778e+25,2.144065636541237392e+25,2.055026251350755182e+25,1.956726037454596009e+25
1.212121212121212120e-03,2.374487678167530650e+25,2.369030630435659282e+25,2.354569907125435154e+25,2.326653842640389115e+25,2.282515488713237134e+25,2.221624497088615670e+25,2.145413268682090622e+25,2.056597456053364009e+25,1.958462705035851393e+25
1.818181818181818180e-03,2.374443465663719067e+25,2.368816107325192977e+25,2.354001362811078963e+25,2.325556156411802544e+25,2.280779759142851249e+25,2.219229782410473546e+25,2.142415844310908624e+25,2.053104100865555242e+25,1.954602645930901343e+25
1.515151515151515150e-03,2.374467902753377070e+25,2.368934550676165269e+25,2.354314988485271383e+25,2.326161224753727211e+25,2.281735953227987087e+25,2.220548359278271067e+25,2.144065636541238251e+25,2.055026251350754753e+25,1.956726037454596438e+25
2.121212121212120993e-03,2.374414187995284092e+25,2.368674608986176327e+25,2.353627583243306619e+25,2.324836452515147036e+25,2.279644230972493052e+25,2.217665940811346702e+25,2.140461221560812403e+25,2.050828695958009709e+25,1.952090683697866990e+25
1.818181818181818180e-03,2.374443465663720785e+25,2.368816107325194266e+25,2.354001362811076815e+25,2.325556156411803403e+25,2.280779759142851249e+25,2.219229782410474835e+25,2.142415844310908624e+25,2.053104100865555671e+25,1.954602645930903920e+25
2.424242424242424240e-03,2.374379858200800585e+25,2.368509245005294852e+25,2.353191968894924370e+25,2.323999601065008197e+25,2.278326331610786330e+25,2.215853677839967474e+25,2.138198848062887120e+25,2.048197586674210250e+25,1.949188277200641432e+25
2.121212121212120993e-03,2.374414187995282374e+25,2.368674608986176757e+25,2.353627583243304901e+25,2.324836452515147895e+25,2.279644230972493482e+25,2.217665940811345413e+25,2.140461221560811544e+25,2.050828695958010568e+25,1.952090683697865272e+25
2.727272727272727487e-03,2.374340228909810792e+25,2.368319073614632358e+25,2.352692579369369676e+25,2.323042720919335425e+25,2.276822601897299018e+25,2.213789427276026243e+25,2.135625458305549472e+25,2.045208071783875789e+25,1.945893404789725644e+25
2.424242424242424240e-03,2.374379858200799726e+25,2.368509245005293993e+25,2.353191968894924370e+25,2.323999601065007767e+25,2.278326331610786760e+25,2.215853677839965756e+25,2.138198848062885402e+25,2.048197586674209391e+25,1.949188277200639284e+25
3.030303030303030300e-03,2.374295014300441115e+25,2.368103013462045721e+25,2.352127199397492370e+25,2.321962540389622234e+25,2.275129134321795681e+25,2.211469182708034123e+25,2.132737406679499585e+25,2.041857159855789328e+25,1.942203854050544312e+25
2.727272727272727487e-03,2.374340228909810792e+25,2.368319073614634076e+25,2.352692579369373112e+25,2.323042720919335855e+25,2.276822601897300736e+25,2.213789427276025384e+25,2.135625458305549043e+25,2.045208071783875789e+25,1.945893404789725215e+25
3.333333333333333114e-03,2.374243887437081168e+25,2.367859835730395968e+25,2.351493326210074640e+25,2.320755382411850485e+25,2.273241558248564326e+25,2.208888483625227144e+25,2.129530654057872363e+25,2.038141555495531305e+25,1.938117206991560905e+25
3.030303030303030300e-03,2.374295014300440256e+25,2.368103013462043574e+25,2.352127199397492799e+25,2.321962540389621805e+25,2.275129134321795681e+25,2.211469182708034123e+25,2.132737406679498726e+25,2.041857159855789758e+25,1.942203854050543883e+25
3.636363636363636360e-03,2.374186477372063818e+25,2.367588155930084817e+25,2.350788157284341735e+25,2.319417151768433108e+25,2.271155029504844874e+25,2.206042408307967303e+25,2.126000763326502388e+25,2.034057656196375643e+25,1.933630836975351102e+25
3.333333333333333114e-03,2.374243887437079880e+25,2.367859835730395109e+25,2.351493326210072922e+25,2.320755382411848338e+25,2.273241558248561749e+25,2.208888483625227144e+25,2.129530654057871504e+25,2.038141555495530876e+25,1.938117206991560905e+25
3.939393939393939607e-03,2.374122365918906085e+25,2.367286424994263336e+25,2.350008577567791038e+25,2.317943322685451072e+25,2.268864221698053264e+25,2.202925569864265998e+25,2.122142899262412852e+25,2.029601554408385518e+25,1.928741911404996816e+25
3.636363636363636360e-03,2.374186477372064677e+25,2.367588155930085247e+25,2.350788157284341735e+25,2.319417151768430961e+25,2.271155029504844445e+25,2.206042408307965585e+25,2.126000763326501958e+25,2.034057656196374354e+25,1.933630836975350458e+25
4.242424242424241987e-03,2.374051084039938414e+25,2.366952919490438262e+25,2.349151145785506043e+25,2.316328926111708005e+25,2.266363318186839170e+25,2.199532113917811295e+25,2.117951830862771454e+25,2.024769042585807820e+25,1.923447397668059586e+25
3.939393939393939607e-03,2.374122365918906514e+25,2.367286424994263336e+25,2.350008577567789749e+25,2.317943322685450213e+25,2.268864221698054123e+25,2.202925569864266857e+25,2.122142899262413281e+25,2.029601554408382941e+25,1.928741911404995742e+25
4.545454545454545234e-03,2.373972107802406571e+25,2.366585730830490669e+25,2.348212079631861597e+25,2.314568536370541785e+25,2.263646004242366101e+25,2.195855717296516838e+25,2.113421935282418060e+25,2.019555620203218766e+25,1.917744071200051815e+25
4.242424242424241987e-03,2.374051084039940132e+25,2.366952919490437403e+25,2.349151145785506043e+25,2.316328926111708864e+25,2.266363318186839600e+25,2.199532113917812583e+25,2.117951830862770595e+25,2.024769042585805243e+25,1.923447397668059800e+25
4.848484848484848481e-03,2.373884853859382210e+25,2.366182753386910335e+25,2.347187239729642677e+25,2.312656257041886499e+25,2.260705459201481312e+25,2.191889587435546741e+25,2.108547202992658586e+25,2.013956502259110324e+25,1.911628525112369190e+25
4.545454545454545234e-03,2.373972107802406571e+25,2.366585730830491528e+25,2.348212079631861597e+25,2.314568536370542644e+25,2.263646004242365672e+25,2.195855717296518126e+25,2.113421935282416771e+25,2.019555620203217907e+25,1.917744071200051815e+25
5.151515151515151728e-03,2.373788674410320983e+25,2.365741671431688960e+25,2.346072112277065689e+25,2.310585706011462511e+25,2.257534348539784573e+25,2.187626462380738676e+25,2.103321243986515635e+25,2.007966629031071762e+25,1.905097181099539862e+25
4.848484848484848481e-03,2.373884853859381351e+25,2.366182753386911624e+25,2.347187239729642677e+25,2.312656257041888646e+25,2.260705459201481312e+25,2.191889587435545453e+25,2.108547202992656868e+25,2.013956502259109035e+25,1.911628525112368975e+25
5.454545454545454974e-03,2.373682851592562817e+25,2.365259944815300612e+25,2.344861790320878388e+25,2.308349999665341483e+25,2.254124815858362523e+25,2.183058611366076827e+25,2.097737294962044121e+25,2.001580676968394085e+25,1.898146301473683953e+25
5.151515151515151728e-03,2.373788674410320554e+25,2.365741671431688960e+25,2.346072112277067407e+25,2.310585706011462082e+25,2.257534348539783714e+25,2.187626462380738247e+25,2.103321243986514776e+25,2.007966629031069185e+25,1.905097181099539003e+25
5.757575757575757354e-03,2.373566591250471674e+25,2.364734793300382451e+25,2.343550953602671654e+25,2.305941736232371839e+25,2.250468474815674557e+25,2.178177835987348395e+25,2.091788227472377027e+25,1.994793070671632321e+25,1.890772002243053173e+25
5.454545454545454974e-03,2.373682851592560669e+25,2.365259944815298894e+25,2.344861790320880106e+25,2.308349999665340195e+25,2.254124815858361234e+25,2.183058611366078974e+25,2.097737294962044551e+25,2.001580676968391079e+25,1.898146301473683738e+25
6.060606060606060601e-03,2.373439016023369017e+25,2.364163179459995732e+25,2.342133846930277174e+25,2.303352978292836407e+25,2.246556401060162857e+25,2.172975472023153046e+25,2.085466557063419939e+25,1.987597995943669820e+25,1.882970267188674045e+25
5.757575757575757354e-03,2.373566591250470815e+25,2.364734793300381163e+25,2.343550953602671654e+25,2.305941736232370121e+25,2.250468474815673268e+25,2.178177835987348395e+25,2.091788227472377027e+25,1.994793070671630173e+25,1.890772002243053173e+25
6.363636363636363848e-03,2.373299157687179348e+25,2.363541790044438037e+25,2.340604257028978196e+25,2.300575234483809870e+25,2.242379124236421467e+25,2.167442391973469950e+25,2.078764453439650374e+25,1.979989413916687318e+25,1.874736962913732054e+25
6.060606060606060601e-03,2.373439016023369447e+25,2.364163179459995303e+25,2.342133846930276315e+25,2.303352978292834689e+25,2.246556401060161998e+25,2.172975472023153475e+25,2.085466557063421228e+25,1.987597995943670250e+25,1.882970267188675118e+25
6.666666666666666227e-03,2.373145948677666707e+25,2.362867015713850094e+25,2.338955487829356049e+25,2.297599440442069760e+25,2.237926620151485607e+25,2.161569008399565235e+25,2.071673751710819064e+25,1.971961076271069452e+25,1.866067854851757439e+25
6.363636363636363848e-03,2.373299157687178919e+25,2.363541790044436749e+25,2.340604257028977767e+25,2.300575234483808582e+25,2.242379124236421467e+25,2.167442391973470809e+25,2.078764453439651662e+25,1.979989413916687748e+25,1.874736962913730551e+25
6.969696969696969474e-03,2.372978212715460811e+25,2.362134929026739451e+25,2.337180334150570817e+25,2.294415939035217119e+25,2.233188303199865719e+25,2.155345278159485574e+25,2.064185964780625071e+25,1.963506541569012917e+25,1.856958624225917091e+25
6.666666666666666227e-03,2.373145948677667137e+25,2.362867015713848805e+25,2.338955487829354331e+25,2.297599440442066324e+25,2.237926620151485607e+25,2.161569008399564806e+25,2.071673751710819064e+25,1.971961076271069452e+25,1.866067854851756365e+25
7.272727272727272721e-03,2.372794654444439428e+25,2.361341260566734192e+25,2.335271053740174066e+25,2.291014459941636743e+25,2.228153019157114179e+25,2.148760707642162606e+25,2.056292296944181092e+25,1.954619192729455606e+25,1.847404885954801073e+25
6.969696969696969474e-03,2.372978212715460811e+25,2.362134929026738592e+25,2.337180334150569099e+25,2.294415939035214971e+25,2.233188303199866149e+25,2.155345278159486433e+25,2.064185964780623782e+25,1.963506541569014205e+25,1.856958624225916876e+25
7.575757575757575968e-03,2.372593847985595440e+25,2.360481373082005020e+25,2.333219337634328217e+25,2.287384098650287232e+25,2.222809038462674258e+25,2.141804359110699954e+25,2.047983658765133355e+25,1.945292255672763291e+25,1.837402207501070641e+25
7.272727272727272721e-03,2.372794654444439428e+25,2.361341260566734192e+25,2.335271053740174066e+25,2.291014459941636313e+25,2.228153019157114179e+25,2.148760707642163465e+25,2.056292296944179375e+25,1.954619192729455606e+25,1.847404885954800429e+25
7.878787878787879215e-03,2.372374224298116749e+25,2.359550233503322690e+25,2.331016278805864273e+25,2.283513294962564739e+25,2.217144050123700611e+25,2.134464858272233759e+25,2.039250683306145027e+25,1.935518819164237020e+25,1.826946128659149315e+25
7.575757575757575968e-03,2.372593847985596729e+25,2.360481373082003302e+25,2.333219337634328217e+25,2.287384098650287232e+25,2.222809038462673828e+25,2.141804359110699095e+25,2.047983658765129919e+25,1.945292255672763721e+25,1.837402207501069567e+25
8.181818181818182462e-03,2.372134057227867486e+25,2.358542382698218840e+25,2.328652339072087514e+25,2.279389811090559631e+25,2.211145156382640481e+25,2.126730403198112460e+25,2.030083743788418330e+25,1.925291855884894535e+25,1.816032182276760756e+25
7.878787878787879215e-03,2.372374224298117178e+25,2.359550233503321401e+25,2.331016278805863843e+25,2.283513294962564310e+25,2.217144050123701470e+25,2.134464858272233330e+25,2.039250683306142020e+25,1.935518819164237879e+25,1.826946128659148456e+25
8.484848484848483974e-03,2.371871448110777654e+25,2.357451902809823873e+25,2.326117314239776999e+25,2.275000709459239566e+25,2.204798868302773970e+25,2.118588774723869332e+25,2.020472972757015867e+25,1.914604244756733472e+25,1.804655915903167677e+25
8.181818181818182462e-03,2.372134057227867915e+25,2.358542382698219699e+25,2.328652339072087943e+25,2.279389811090559631e+25,2.211145156382641340e+25,2.126730403198112031e+25,2.030083743788418330e+25,1.925291855884894535e+25,1.816032182276763119e+25
8.787878787878787221e-03,2.371584308784662627e+25,2.356272382019941645e+25,2.323400297471616353e+25,2.270332330334490128e+25,2.198091102437607779e+25,2.110027348463963571e+25,2.010408282829177181e+25,1.903448794547589009e+25,1.792812914354309604e+25
8.484848484848483974e-03,2.371871448110776795e+25,2.357451902809823014e+25,2.326117314239775711e+25,2.275000709459238707e+25,2.204798868302773111e+25,2.118588774723868044e+25,2.020472972757014149e+25,1.914604244756732828e+25,1.804655915903167677e+25
9.090909090909090468e-03,2.371270342847524760e+25,2.354996876566855791e+25,2.320489640866488522e+25,2.265370269414604428e+25,2.191007178762065048e+25,2.101033108581149522e+25,1.999879389102485990e+25,1.891818268777967901e+25,1.780498823181950089e+25
8.787878787878787221e-03,2.371584308784662627e+25,2.356272382019941215e+25,2.323400297471615923e+25,2.270332330334489699e+25,2.198091102437607779e+25,2.110027348463961853e+25,2.010408282829175463e+25,1.903448794547588794e+25,1.792812914354309604e+25
9.393939393939393714e-03,2.370927024983313842e+25,2.353617869839098700e+25,2.317372915255892378e+25,2.260099355539855951e+25,2.183531820055701857e+25,2.091592663454889318e+25,1.988875833298759979e+25,1.879705411948867572e+25,1.767709373030297297e+25
9.090909090909090468e-03,2.371270342847525619e+25,2.354996876566855361e+25,2.320489640866487233e+25,2.265370269414602710e+25,2.191007178762064618e+25,2.101033108581150381e+25,1.999879389102485990e+25,1.891818268777967472e+25,1.780498823181949015e+25
9.696969696969696961e-03,2.370551578157307324e+25,2.352127228357341014e+25,2.314036868230345315e+25,2.254503628693372843e+25,2.175649152940889725e+25,2.081692263397171275e+25,1.977387009717673587e+25,1.867102977105640125e+25,1.754440404859601550e+25
9.393939393939393714e-03,2.370927024983313842e+25,2.353617869839097841e+25,2.317372915255891519e+25,2.260099355539855951e+25,2.183531820055701857e+25,2.091592663454889318e+25,1.988875833298758690e+25,1.879705411948867572e+25,1.767709373030297083e+25
1.000000000000000021e-02,2.370140948462469854e+25,2.350516154447501459e+25,2.310467380423165998e+25,2.248566318486463896e+25,2.167342710791654370e+25,2.071317820567484261e+25,1.965402193071728524e+25,1.854003754748273203e+25,1.740687896011783988e+25
9.696969696969696961e-03,2.370551578157306465e+25,2.352127228357340584e+25,2.314036868230344026e+25,2.254503628693372843e+25,2.175649152940889725e+25,2.081692263397171275e+25,1.977387009717672728e+25,1.867102977105640125e+25,1.754440404859601335e+25
1.030303030303030346e-02,2.369691777375128913e+25,2.348775135399476923e+25,2.306649420095003988e+25,2.242269823343268277e+25,2.158595438741950309e+25,2.060454931241412234e+25,1.952910568270629616e+25,1.840400603093284592e+25,1.726447987088393238e+25
1.000000000000000021e-02,2.370140948462469425e+25,2.350516154447503177e+25,2.310467380423165568e+25,2.248566318486463037e+25,2.167342710791653511e+25,2.071317820567482972e+25,1.965402193071726806e+25,1.854003754748272773e+25,1.740687896011783558e+25
1.060606060606060670e-02,2.369200371152958301e+25,2.346893888897498186e+25,2.302566996080657531e+25,2.235595690622875939e+25,2.149389701035180553e+25,2.049088900589217120e+25,1.939901262219067881e+25,1.826286479686499587e+25,1.711717009606034478e+25
1.030303030303030346e-02,2.369691777375127195e+25,2.348775135399477352e+25,2.306649420095003988e+25,2.242269823343267418e+25,2.158595438741949020e+25,2.060454931241410087e+25,1.952910568270629616e+25,1.840400603093284592e+25,1.726447987088393882e+25
1.090909090909090995e-02,2.368662667080161441e+25,2.344861304500418826e+25,2.298203109180904877e+25,2.228524597942008639e+25,2.139707290969860388e+25,2.037204770121808979e+25,1.926363377686569130e+25,1.811654474359489104e+25,1.696491514388920547e+25
1.060606060606060670e-02,2.369200371152955724e+25,2.346893888897496468e+25,2.302566996080657960e+25,2.235595690622876369e+25,2.149389701035178406e+25,2.049088900589213684e+25,1.939901262219067022e+25,1.826286479686499587e+25,1.711717009606034478e+25
1.121212121212121146e-02,2.368074196233814052e+25,2.342665380943302453e+25,2.293539702106127612e+25,2.221036335988115599e+25,2.129529443709211304e+25,2.024787347961611944e+25,1.912286029302067828e+25,1.796497843515264104e+25,1.680768300652427460e+25
1.090909090909090995e-02,2.368662667080161871e+25,2.344861304500418826e+25,2.298203109180904877e+25,2.228524597942009498e+25,2.139707290969860817e+25,2.037204770121809409e+25,1.926363377686569775e+25,1.811654474359490822e+25,1.696491514388921406e+25
1.151515151515151471e-02,2.367430042410926970e+25,2.340293159025695259e+25,2.288557608106024885e+25,2.213109793141196285e+25,2.118836852235106501e+25,2.011821242094617206e+25,1.897658381718523056e+25,1.780810045721015967e+25,1.664544445725365243e+25
1.121212121212121146e-02,2.368074196233813193e+25,2.342665380943302024e+25,2.293539702106126753e+25,2.221036335988116887e+25,2.129529443709210445e+25,2.024787347961611085e+25,1.912286029302066540e+25,1.796497843515264104e+25,1.680768300652426601e+25
1.181818181818181795e-02,2.366724796818078346e+25,2.337730649847514820e+25,2.283236498450819887e+25,2.204722942252900654e+25,2.107609686738945424e+25,1.998290896757712312e+25,1.882469689984742869e+25,1.764584778577191215e+25,1.647817335352346815e+25
1.151515151515151471e-02,2.367430042410926970e+25,2.340293159025696977e+25,2.288557608106024885e+25,2.213109793141198003e+25,2.118836852235104783e+25,2.011821242094615059e+25,1.897658381718523056e+25,1.780810045721015108e+25,1.664544445725364814e+25
1.212121212121212120e-02,2.365952508083450216e+25,2.334962758150580153e+25,2.277554828964616007e+25,2.195852829963385983e+25,2.095827617753591710e+25,1.984180632111499801e+25,1.866709342152004043e+25,1.747816016823109446e+25,1.630584694510916421e+25
1.181818181818181795e-02,2.366724796818078776e+25,2.337730649847515250e+25,2.283236498450818598e+25,2.204722942252901943e+25,2.107609686738945854e+25,1.998290896757710594e+25,1.882469689984742869e+25,1.764584778577191644e+25,1.647817335352346600e+25
1.242424242424242445e-02,2.365106627104894468e+25,2.331973200523002673e+25,2.271489785851191489e+25,2.186475568970151971e+25,2.083469843341131205e+25,1.969474687343583967e+25,1.850366904132512442e+25,1.730498051629497846e+25,1.612844618671271881e+25
1.212121212121212120e-02,2.365952508083448498e+25,2.334962758150578435e+25,2.277554828964614719e+25,2.195852829963386413e+25,2.095827617753592139e+25,1.984180632111499801e+25,1.866709342152003399e+25,1.747816016823108802e+25,1.630584694510914489e+25
1.272727272727272770e-02,2.364179946196443034e+25,2.328744418225573734e+25,2.265017231096967007e+25,2.176566333698286780e+25,2.070515120660909081e+25,1.954157267340186029e+25,1.833432166814776350e+25,1.712625531017982799e+25,1.594595605419291022e+25
1.242424242424242445e-02,2.365106627104892750e+25,2.331973200523001814e+25,2.271489785851190200e+25,2.186475568970152400e+25,2.083469843341129487e+25,1.969474687343583108e+25,1.850366904132511798e+25,1.730498051629497201e+25,1.612844618671270593e+25
1.303030303030303094e-02,2.363164531939071630e+25,2.325257484404091310e+25,2.258111647785660562e+25,2.166099359858424286e+25,2.056941802250451746e+25,1.938212593055155335e+25,1.815895195427784531e+25,1.694193501336513399e+25,1.575836586356327531e+25
1.272727272727272770e-02,2.364179946196441316e+25,2.328744418225573304e+25,2.265017231096967007e+25,2.176566333698285921e+25,2.070515120660906075e+25,1.954157267340186029e+25,1.833432166814775706e+25,1.712625531017981940e+25,1.594595605419290807e+25
1.333333333333333245e-02,2.362051651078978309e+25,2.321492005460321578e+25,2.250746085714537979e+25,2.155047948416882986e+25,2.042727877358600865e+25,1.921624955694350349e+25,1.797746381131332618e+25,1.675197449708093471e+25,1.556566959181868900e+25
1.303030303030303094e-02,2.363164531939072919e+25,2.325257484404090451e+25,2.258111647785661851e+25,2.166099359858425574e+25,2.056941802250449599e+25,1.938212593055156623e+25,1.815895195427784746e+25,1.694193501336512110e+25,1.575836586356327960e+25
1.363636363636363570e-02,2.360831688747357279e+25,2.317426016367507994e+25,2.242892107763823295e+25,2.143384474541851388e+25,2.027851018674753249e+25,1.904378774820249099e+25,1.778976494793943208e+25,1.655633347358069992e+25,1.536786619857698899e+25
1.333333333333333245e-02,2.362051651078977020e+25,2.321492005460319001e+25,2.250746085714537979e+25,2.155047948416883845e+25,2.042727877358598288e+25,1.921624955694350564e+25,1.797746381131331974e+25,1.675197449708091324e+25,1.556566959181868041e+25
1.393939393939393895e-02,2.359494058199201880e+25,2.313035869734864299e+25,2.234519737539104371e+25,2.131080402129762826e+25,2.012288634800528714e+25,1.886458660466061058e+25,1.759576742902496550e+25,1.635497693712529196e+25,1.516495994744689283e+25
1.363636363636363570e-02,2.360831688747357279e+25,2.317426016367507994e+25,2.242892107763824154e+25,2.143384474541852676e+25,2.027851018674752390e+25,1.904378774820249099e+25,1.778976494793942778e+25,1.655633347358069348e+25,1.536786619857697825e+25
1.424242424242424220e-02,2.358027101183882804e+25,2.308296118450373706e+25,2.225597408881971125e+25,2.118106304557057022e+25,1.996017928809725005e+25,1.867849479330386310e+25,1.739538825529012492e+25,1.614787561147180514e+25,1.495696072595909612e+25
1.393939393939393895e-02,2.359494058199201450e+25,2.313035869734865158e+25,2.234519737539105660e+25,2.131080402129762826e+25,2.012288634800526566e+25,1.886458660466060199e+25,1.759576742902495691e+25,1.635497693712527908e+25,1.516495994744688424e+25
1.454545454545454544e-02,2.356417977966708837e+25,2.303179391763706317e+25,2.216091917927189678e+25,2.104431892343669297e+25,1.979015963239080032e+25,1.848536425102626735e+25,1.718854996259914428e+25,1.593500640252670812e+25,1.474388436282327023e+25
1.424242424242424220e-02,2.358027101183882804e+25,2.308296118450373706e+25,2.225597408881970266e+25,2.118106304557056593e+25,1.996017928809723717e+25,1.867849479330385881e+25,1.739538825529011633e+25,1.614787561147179869e+25,1.495696072595908538e+25
1.484848484848484869e-02,2.354652545916995615e+25,2.297656264712222827e+25,2.205968378475987265e+25,2.090026048455742328e+25,1.961259731845089338e+25,1.828505092945451787e+25,1.697518123971609288e+25,1.571635285468275837e+25,1.452575294120137062e+25
1.454545454545454544e-02,2.356417977966709267e+25,2.303179391763706317e+25,2.216091917927190537e+25,2.104431892343668438e+25,1.979015963239077455e+25,1.848536425102625876e+25,1.718854996259913784e+25,1.593500640252669739e+25,1.474388436282325949e+25
1.515151515151515194e-02,2.352715225463620648e+25,2.291695120844575693e+25,2.195190181554767302e+25,2.074856872015361428e+25,1.942726238451221884e+25,1.807741558133780089e+25,1.675521756313389389e+25,1.549190560921890521e+25,1.430259510661720951e+25
1.484848484848484869e-02,2.354652545916996474e+25,2.297656264712221109e+25,2.205968378475987265e+25,2.090026048455741469e+25,1.961259731845088908e+25,1.828505092945452216e+25,1.697518123971609503e+25,1.571635285468276266e+25,1.452575294120136633e+25
1.545454545454545518e-02,2.350588852092212963e+25,2.285262008260058272e+25,2.183718960137598786e+25,2.058891731224160334e+25,1.923392583193905260e+25,1.786232458819517777e+25,1.652860184734533952e+25,1.526166286299876416e+25,1.407444636805479885e+25
1.515151515151515194e-02,2.352715225463620648e+25,2.291695120844573546e+25,2.195190181554767302e+25,2.074856872015360139e+25,1.942726238451220596e+25,1.807741558133780519e+25,1.675521756313388960e+25,1.549190560921889662e+25,1.430259510661721166e+25
1.575757575757575843e-02,2.348254512917875217e+25,2.278320489059431182e+25,2.171514560129239004e+25,2.042097326344596227e+25,1.903236056454996545e+25,1.763965082857884844e+25,1.629528510867059270e+25,1.502563082556053564e+25,1.384134939073390142e+25
1.545454545454545518e-02,2.350588852092209957e+25,2.285262008260056554e+25,2.183718960137598357e+25,2.058891731224159046e+25,1.923392583193903542e+25,1.786232458819517992e+25,1.652860184734533093e+25,1.526166286299876631e+25,1.407444636805479671e+25
1.606060606060605994e-02,2.345691366212140113e+25,2.270831482396977967e+25,2.158535018833831543e+25,2.024439763616686499e+25,1.882234240741655708e+25,1.740927458594109147e+25,1.605522714049136603e+25,1.478382417254763959e+25,1.360335427899183264e+25
1.575757575757575843e-02,2.348254512917874358e+25,2.278320489059433329e+25,2.171514560129240722e+25,2.042097326344595368e+25,1.903236056454996545e+25,1.763965082857885274e+25,1.629528510867059485e+25,1.502563082556053993e+25,1.384134939073390357e+25
1.636363636363636492e-02,2.342876442091083132e+25,2.262753101436350323e+25,2.144736552272985418e+25,2.005884641018056434e+25,1.860365120741697427e+25,1.717108449468781630e+25,1.580839719746576567e+25,1.453626649328890666e+25,1.336051884764609785e+25
1.606060606060605994e-02,2.345691366212142260e+25,2.270831482396977967e+25,2.158535018833830684e+25,2.024439763616683492e+25,1.882234240741652917e+25,1.740927458594108932e+25,1.605522714049136603e+25,1.478382417254763315e+25,1.360335427899182405e+25
1.666666666666666644e-02,2.339784422381502541e+25,2.254040484647654754e+25,2.130073552865946844e+25,1.986397146800174558e+25,1.837607201742531635e+25,1.692497852255983150e+25,1.555477468601393137e+25,1.428299073019919956e+25,1.311290888016438471e+25
1.636363636363636492e-02,2.342876442091084850e+25,2.262753101436349893e+25,2.144736552272984130e+25,2.005884641018053857e+25,1.860365120741697642e+25,1.717108449468781845e+25,1.580839719746575923e+25,1.453626649328891310e+25,1.336051884764609570e+25
1.696969696969696795e-02,2.336387397471811902e+25,2.244645622043220059e+25,2.114498599144073942e+25,1.965942171752234184e+25,1.813939636554201171e+25,1.667086498700483852e+25,1.529434985807337926e+25,1.402403960753804612e+25,1.286059837192717505e+25
1.666666666666666644e-02,2.339784422381502112e+25,2.254040484647655183e+25,2.130073552865946844e+25,1.986397146800174128e+25,1.837607201742532279e+25,1.692497852255983150e+25,1.555477468601392278e+25,1.428299073019920385e+25,1.311290888016439330e+25
1.727272727272727293e-02,2.332654597721509122e+25,2.234517177138809356e+25,2.097962479341692374e+25,1.944484436154863788e+25,1.789342361021255370e+25,1.640866360268915385e+25,1.502712450482620184e+25,1.375946604693780381e+25,1.260366975683488377e+25
1.696969696969696795e-02,2.336387397471808466e+25,2.244645622043219200e+25,2.114498599144072654e+25,1.965942171752232895e+25,1.813939636554200956e+25,1.667086498700483423e+25,1.529434985807336423e+25,1.402403960753804398e+25,1.286059837192717075e+25
1.757575757575757444e-02,2.328552096745573582e+25,2.223600305649932399e+25,2.080414230885518445e+25,1.921988632387159864e+25,1.763796238143336048e+25,1.613830655674791046e+25,1.475311264680140796e+25,1.348933356699380831e+25,1.234221411548733530e+25
1.727272727272727293e-02,2.332654597721508263e+25,2.234517177138810215e+25,2.097962479341694951e+25,1.944484436154863788e+25,1.789342361021256229e+25,1.640866360268915170e+25,1.502712450482619754e+25,1.375946604693780596e+25,1.260366975683487948e+25
1.787878787878787942e-02,2.324042483605041213e+25,2.211836472194379529e+25,2.061801197994380472e+25,1.898419584140236605e+25,1.737283210750018079e+25,1.585973960778868118e+25,1.447234121645613082e+25,1.321371666410094048e+25,1.207633136314843314e+25
1.757575757575757444e-02,2.328552096745573582e+25,2.223600305649932828e+25,2.080414230885518874e+25,1.921988632387157932e+25,1.763796238143334116e+25,1.613830655674789542e+25,1.475311264680139722e+25,1.348933356699380616e+25,1.234221411548732886e+25
1.818181818181818094e-02,2.319084500619490099e+25,2.199163266578027837e+25,2.042069109799395387e+25,1.873742423166934204e+25,1.709786462590804082e+25,1.557292320404696681e+25,1.418485072904328971e+25,1.293270117162398157e+25,1.180613041570515865e+25
1.787878787878787942e-02,2.324042483605042072e+25,2.211836472194380388e+25,2.061801197994378754e+25,1.898419584140236391e+25,1.737283210750018509e+25,1.585973960778868333e+25,1.447234121645612652e+25,1.321371666410094048e+25,1.207633136314842885e+25
1.848484848484848592e-02,2.313632643168003372e+25,2.185514221597750030e+25,2.021162181600557768e+25,1.847922784457779961e+25,1.681290587605796147e+25,1.527783361544585265e+25,1.389069593728313847e+25,1.264638459440697502e+25,1.153172933183774664e+25
1.818181818181818094e-02,2.319084500619490099e+25,2.199163266578028267e+25,2.042069109799393669e+25,1.873742423166933560e+25,1.709786462590804296e+25,1.557292320404696466e+25,1.418485072904328327e+25,1.293270117162398372e+25,1.180613041570515435e+25
1.878787878787878743e-02,2.307636717458486493e+25,2.170818634710342336e+25,1.999023242087251868e+25,1.820927020675495986e+25,1.651781767035798930e+25,1.497446407363979677e+25,1.358994646507618307e+25,1.235487641555985413e+25,1.125325542963800108e+25
1.848484848484848592e-02,2.313632643168004231e+25,2.185514221597750030e+25,2.021162181600556480e+25,1.847922784457779961e+25,1.681290587605795503e+25,1.527783361544584406e+25,1.389069593728313847e+25,1.264638459440697502e+25,1.153172933183774019e+25
1.909090909090909241e-02,2.301041351817367722e+25,2.155001396398250022e+25,1.975593889565335077e+25,1.792722436601400210e+25,1.621247953912139271e+25,1.466282591342911191e+25,1.328268741522904315e+25,1.205829837241255833e+25,1.097084537594643590e+25
1.878787878787878743e-02,2.307636717458486063e+25,2.170818634710341048e+25,1.999023242087250579e+25,1.820927020675494483e+25,1.651781767035798071e+25,1.497446407363979033e+25,1.358994646507618307e+25,1.235487641555984554e+25,1.125325542963799034e+25
1.939393939393939392e-02,2.293785456577912533e+25,2.137982828620978216e+25,1.950814680448936993e+25,1.763277544243750237e+25,1.589679064335792734e+25,1.434294970822053391e+25,1.296901994591766961e+25,1.175678469849855653e+25,1.068464524672634468e+25
1.909090909090909241e-02,2.301041351817368151e+25,2.155001396398249592e+25,1.975593889565334218e+25,1.792722436601401069e+25,1.621247953912138197e+25,1.466282591342910547e+25,1.328268741522904315e+25,1.205829837241255833e+25,1.097084537594644020e+25
1.969696969696969543e-02,2.285801627120994715e+25,2.119678537386418167e+25,1.924625353487425770e+25,1.732562339127483131e+25,1.557067174812532576e+25,1.401488639149042738e+25,1.264906181038866799e+25,1.145048232842472917e+25,1.039481055685552987e+25
1.939393939393939392e-02,2.293785456577914251e+25,2.137982828620979075e+25,1.950814680448937423e+25,1.763277544243750237e+25,1.589679064335792734e+25,1.434294970822053391e+25,1.296901994591766961e+25,1.175678469849855653e+25,1.068464524672635113e+25
2.000000000000000042e-02,2.277015484041388102e+25,2.099999284221047946e+25,1.896965093402186706e+25,1.700548598122943462e+25,1.523406724755438056e+25,1.367870835548419219e+25,1.232294785420407339e+25,1.113955106250340459e+25,1.010150625779421505e+25
1.969696969696969543e-02,2.285801627120994286e+25,2.119678537386418167e+25,1.924625353487425125e+25,1.732562339127482272e+25,1.557067174812532791e+25,1.401488639149041665e+25,1.264906181038865511e+25,1.145048232842472917e+25,1.039481055685552343e+25
2.030303030303030193e-02,2.267344943769934110e+25,2.078850882176224738e+25,1.867772837798054432e+25,1.667210198974662609e+25,1.488694723098635835e+25,1.333451051767136406e+25,1.199083046417383142e+25,1.082416368806908121e+25,9.804906701681660921e+24
2.000000000000000042e-02,2.277015484041389820e+25,2.099999284221048805e+25,1.896965093402186921e+25,1.700548598122943891e+25,1.523406724755437841e+25,1.367870835548419219e+25,1.232294785420406480e+25,1.113955106250340674e+25,1.010150625779420861e+25
2.060606060606060691e-02,2.256699412269977680e+25,2.056134122995234111e+25,1.836987631383201906e+25,1.632523461455825813e+25,1.452930957786884924e+25,1.298241134477741837e+25,1.165287996299894556e+25,1.050450605447695312e+25,9.505195570523923905e+24
2.030303030303030193e-02,2.267344943769934540e+25,2.078850882176225597e+25,1.867772837798053144e+25,1.667210198974663682e+25,1.488694723098635620e+25,1.333451051767136835e+25,1.199083046417382283e+25,1.082416368806907906e+25,9.804906701681660921e+24
2.090909090909090842e-02,2.244978893638383690e+25,2.031744743200393596e+25,1.804549031669909292e+25,1.596467509795775601e+25,1.416118206715239856e+25,1.262255382354528143e+25,1.130928494357194878e+25,1.018077709888648788e+25,9.202565769262145556e+24
2.060606060606060691e-02,2.256699412269977250e+25,2.056134122995234111e+25,1.836987631383202121e+25,1.632523461455825168e+25,1.452930957786884709e+25,1.298241134477742267e+25,1.165287996299894556e+25,1.050450605447695527e+25,9.505195570523921757e+24
2.121212121212121340e-02,2.232073004568694391e+25,2.005573438161663455e+25,1.770397570426303155e+25,1.559024655702435082e+25,1.378262448492719853e+25,1.225510636675281891e+25,1.096025253685747774e+25,9.853188820071377300e+24,8.897219281654331170e+24
2.090909090909090842e-02,2.244978893638382831e+25,2.031744743200390160e+25,1.804549031669909078e+25,1.596467509795772809e+25,1.416118206715239212e+25,1.262255382354527284e+25,1.130928494357194878e+25,1.018077709888648143e+25,9.202565769262136967e+24
2.151515151515151492e-02,2.217859884667521106e+25,1.977505934700726778e+25,1.734475275192549485e+25,1.520180800924611731e+25,1.339373071194987109e+25,1.188026364244315737e+25,1.060600860730892749e+25,9.521966197669617937e+24,8.589366988063556973e+24
2.121212121212121340e-02,2.232073004568694821e+25,2.005573438161662167e+25,1.770397570426304228e+25,1.559024655702434223e+25,1.378262448492718994e+25,1.225510636675281032e+25,1.096025253685748418e+25,9.853188820071373005e+24,8.897219281654323654e+24
2.181818181818181990e-02,2.202204991545024593e+25,1.947423134493468962e+25,1.696726255148580177e+25,1.479925857866624019e+25,1.299463077055549814e+25,1.149824731382775418e+25,1.024679786987421831e+25,9.187347054494652754e+24,8.279228444422143650e+24
2.151515151515151492e-02,2.217859884667521106e+25,1.977505934700726349e+25,1.734475275192549056e+25,1.520180800924611301e+25,1.339373071194986680e+25,1.188026364244314448e+25,1.060600860730892964e+25,9.521966197669615790e+24,8.589366988063553752e+24
2.212121212121212141e-02,2.184959768415126814e+25,1.915201342488476093e+25,1.657097355505214651e+25,1.438254186275538134e+25,1.258549280825262544e+25,1.110930667691606326e+25,9.882883922810823302e+24,8.849581859772165786e+24,7.967031621833996481e+24
2.181818181818181990e-02,2.202204991545024593e+25,1.947423134493468103e+25,1.696726255148581251e+25,1.479925857866624233e+25,1.299463077055550029e+25,1.149824731382775203e+25,1.024679786987422905e+25,9.187347054494648459e+24,8.279228444422143650e+24
2.242424242424242292e-02,2.165960170628437972e+25,1.880712596792973261e+25,1.615538884364262737e+25,1.395165043465837531e+25,1.216652499309055861e+25,1.071371918262822868e+25,9.514549190771747993e+24,8.508933471447326109e+24,7.653012606484893558e+24
2.212121212121212141e-02,2.184959768415128532e+25,1.915201342488475664e+25,1.657097355505214436e+25,1.438254186275538349e+25,1.258549280825261685e+25,1.110930667691606326e+25,9.882883922810821155e+24,8.849581859772162564e+24,7.967031621833995407e+24
2.272727272727272790e-02,2.145025036107047454e+25,1.843825119027756813e+25,1.572005415629109233e+25,1.350663044924599577e+25,1.173797729370577799e+25,1.031179082997911773e+25,9.142094772947084261e+24,8.165676816024134463e+24,7.337415259753093397e+24
2.242424242424242292e-02,2.165960170628437972e+25,1.880712596792972402e+25,1.615538884364261878e+25,1.395165043465837316e+25,1.216652499309055002e+25,1.071371918262822868e+25,9.514549190771741550e+24,8.508933471447320740e+24,7.653012606484894632e+24
2.303030303030302942e-02,2.121954283040183162e+25,1.804403907061879037e+25,1.526456671013922952e+25,1.304758631449851117e+25,1.130014311484087649e+25,9.903856416903811840e+24,8.765840191453238296e+24,7.820098504751775060e+24,7.020490838647841816e+24
2.272727272727272790e-02,2.145025036107047025e+25,1.843825119027757887e+25,1.572005415629108804e+25,1.350663044924599148e+25,1.173797729370578229e+25,1.031179082997912417e+25,9.142094772947082113e+24,8.165676816024129094e+24,7.337415259753097692e+24
2.333333333333333440e-02,2.096526916416222856e+25,1.762311495353767229e+25,1.478858483459734517e+25,1.257468538214771256e+25,1.085336075713935785e+25,9.490279635447948218e+24,8.386123035658331892e+24,7.472496385361975578e+24,6.702497576951144256e+24
2.303030303030302942e-02,2.121954283040182732e+25,1.804403907061878822e+25,1.526456671013922952e+25,1.304758631449851117e+25,1.130014311484087863e+25,9.903856416903813988e+24,8.765840191453232928e+24,7.820098504751766470e+24,7.020490838647839669e+24
2.363636363636363591e-02,2.068498822991011291e+25,1.717408911902196534e+25,1.429183843275400355e+25,1.208816260321184443e+25,1.039801466821262443e+25,9.071452998393288783e+24,8.003298498721180702e+24,7.123179028984216745e+24,6.383700227696071780e+24
2.333333333333333440e-02,2.096526916416223715e+25,1.762311495353768303e+25,1.478858483459734517e+25,1.257468538214771041e+25,1.085336075713936215e+25,9.490279635447947144e+24,8.386123035658330818e+24,7.472496385361978799e+24,6.702497576951142108e+24
2.393939393939394089e-02,2.037600332104167779e+25,1.669556865109153704e+25,1.377414027029381185e+25,1.158832508509896473e+25,9.934536450422221004e+24,8.647797584951104577e+24,7.617738803303383076e+24,6.772465152320485041e+24,6.064369567881073202e+24
2.363636363636363591e-02,2.068498822991010432e+25,1.717408911902196534e+25,1.429183843275399926e+25,1.208816260321183584e+25,1.039801466821262658e+25,9.071452998393288783e+24,8.003298498721172112e+24,7.123179028984217819e+24,6.383700227696070706e+24
2.424242424242424240e-02,2.003533517331013352e+25,1.618617198745938149e+25,1.323539807563932498e+25,1.107555647738029696e+25,9.463405589600783343e+24,8.219762593954793068e+24,7.229832514190670112e+24,6.420682975645898574e+24,5.744781866592898868e+24
2.393939393939394089e-02,2.037600332104166491e+25,1.669556865109155208e+25,1.377414027029381615e+25,1.158832508509896688e+25,9.934536450422221004e+24,8.647797584951103503e+24,7.617738803303384149e+24,6.772465152320483967e+24,6.064369567881069981e+24
2.454545454545454392e-02,1.965969211272345889e+25,1.564454658771366546e+25,1.267562741416005627e+25,1.055032110323117974e+25,8.985149868139152715e+24,7.787824694038793070e+24,6.839983736429321172e+24,6.068169517711421900e+24,5.425218317987620992e+24
2.424242424242424240e-02,2.003533517331012493e+25,1.618617198745938364e+25,1.323539807563933357e+25,1.107555647738029911e+25,9.463405589600786564e+24,8.219762593954795216e+24,7.229832514190670112e+24,6.420682975645895353e+24,5.744781866592904237e+24
2.484848484848484890e-02,1.924543702809447523e+25,1.506939022064527137e+25,1.209496527326499307e+25,1.001316774303069173e+25,8.500345425593627901e+24,7.352487161620759893e+24,6.448611198543446185e+24,5.715269829156961044e+24,5.105964440857862837e+24
2.454545454545454392e-02,1.965969211272345889e+25,1.564454658771365257e+25,1.267562741416005412e+25,1.055032110323117759e+25,8.985149868139148420e+24,7.787824694038791996e+24,6.839983736429320098e+24,6.068169517711417605e+24,5.425218317987622066e+24
2.515151515151515041e-02,1.878855082855801649e+25,1.445947644302504247e+25,1.149368426304979511e+25,9.464732965882712732e+24,8.009616430326429700e+24,6.914278799123492467e+24,6.056147221444236675e+24,5.362336166592244865e+24,4.787309446791920441e+24
2.484848484848484890e-02,1.924543702809447093e+25,1.506939022064526064e+25,1.209496527326499307e+25,1.001316774303068743e+25,8.500345425593630049e+24,7.352487161620759893e+24,6.448611198543444037e+24,5.715269829156961044e+24,5.105964440857861763e+24
2.545454545454545539e-02,1.828459200985677649e+25,1.381368492347501254e+25,1.087220729778697492e+25,8.905743894115584884e+24,7.513634326800022886e+24,6.473752627792962036e+24,5.663036574765619989e+24,5.009727110063016248e+24,4.469545579204007055e+24
2.515151515151515041e-02,1.878855082855802293e+25,1.445947644302503174e+25,1.149368426304979511e+25,9.464732965882709510e+24,8.009616430326424332e+24,6.914278799123487098e+24,6.056147221444233454e+24,5.362336166592241644e+24,4.787309446791919368e+24
2.575757575757575690e-02,1.772865191273991350e+25,1.313103735732959762e+25,1.023112257562251236e+25,8.337020275462154895e+24,7.013116625128162511e+24,6.031484351695457738e+24,5.269735223553265001e+24,4.657806627186136037e+24,4.152967425781265099e+24
2.545454545454545539e-02,1.828459200985678508e+25,1.381368492347500825e+25,1.087220729778697063e+25,8.905743894115580589e+24,7.513634326800019665e+24,6.473752627792964183e+24,5.663036574765619989e+24,5.009727110063015175e+24,4.469545579204006518e+24
2.606060606060606188e-02,1.711530521199467173e+25,1.241073982296006955e+25,9.571198615861836592e+24,7.759475728039158854e+24,6.508825202470394459e+24,5.588070592008599382e+24,4.876708969482695479e+24,4.306943087800959457e+24,3.837871207149517914e+24
2.575757575757575690e-02,1.772865191273990921e+25,1.313103735732958903e+25,1.023112257562250807e+25,8.337020275462147379e+24,7.013116625128159290e+24,6.031484351695457738e+24,5.269735223553262854e+24,4.657806627186133353e+24,4.152967425781261878e+24
2.636363636363636340e-02,1.643855512496415930e+25,1.165223254852935757e+25,8.893399043437367554e+24,7.174118014980244099e+24,6.001564089974118079e+24,5.144126893551010840e+24,4.484431992073508415e+24,3.957508233539755482e+24,3.524554044802858723e+24
2.606060606060606188e-02,1.711530521199466959e+25,1.241073982296006741e+25,9.571198615861835518e+24,7.759475728039162075e+24,6.508825202470391237e+24,5.588070592008598309e+24,4.876708969482696553e+24,4.306943087800958384e+24,3.837871207149518987e+24
2.666666666666666491e-02,1.569177277337016958e+25,1.085524819234623637e+25,8.198896726514772757e+24,6.582048199316258326e+24,5.492176724343958855e+24,4.700285508605030605e+24,4.093385296682361201e+24,3.609876107258020047e+24,3.213313211568089570e+24
2.636363636363636340e-02,1.643855512496416144e+25,1.165223254852936187e+25,8.893399043437373996e+24,7.174118014980246246e+24,6.001564089974114858e+24,5.144126893551010840e+24,4.484431992073506804e+24,3.957508233539756556e+24,3.524554044802860333e+24
2.696969696969696989e-02,1.486763007127742306e+25,1.001987989191595736e+25,7.489086773363792629e+24,5.984458526305370484e+24,4.981542649869922002e+24,4.257192966447757007e+24,3.704055077378218558e+24,3.264421947778684923e+24,2.904445368081925475e+24
2.666666666666666491e-02,1.569177277337016528e+25,1.085524819234622993e+25,8.198896726514769536e+24,6.582048199316257253e+24,5.492176724343956707e+24,4.700285508605025236e+24,4.093385296682359590e+24,3.609876107258017362e+24,3.213313211568087959e+24
2.727272727272727140e-02,1.395802544445786538e+25,9.146660508709551549e+24,6.765597775872561340e+24,5.382628880963824427e+24,4.470573664970174401e+24,3.815507440578008736e+24,3.316931004106011532e+24,2.921521055883750174e+24,2.598245788942246275e+24
2.696969696969696989e-02,1.486763007127741877e+25,1.001987989191595091e+25,7.489086773363787260e+24,5.984458526305367263e+24,4.981542649869919855e+24,4.257192966447752175e+24,3.704055077378218558e+24,3.264421947778682776e+24,2.904445368081924938e+24
2.757575757575757638e-02,1.295400161152643586e+25,8.236654690151472692e+24,6.030300546280769708e+24,4.777921674361335045e+24,3.960209417070894693e+24,3.375895929354735671e+24,2.932504444805197020e+24,2.581547637923706541e+24,2.295007582352305239e+24
2.727272727272727140e-02,1.395802544445786538e+25,9.146660508709536517e+24,6.765597775872555972e+24,5.382628880963820132e+24,4.470573664970172791e+24,3.815507440578002831e+24,3.316931004106010459e+24,2.921521055883749637e+24,2.598245788942246275e+24
2.787878787878787790e-02,1.184565457422895250e+25,7.291565590233154849e+24,5.285313427226065646e+24,4.171775024946735695e+24,3.451412460978192484e+24,2.939031269577931864e+24,2.551266634340859646e+24,2.244873633801771520e+24,1.995020907206046896e+24
2.757575757575757638e-02,1.295400161152643157e+25,8.236654690151471618e+24,6.030300546280766487e+24,4.777921674361337729e+24,3.960209417070896841e+24,3.375895929354734061e+24,2.932504444805195946e+24,2.581547637923706541e+24,2.295007582352304434e+24
2.818181818181818288e-02,1.062203287228844404e+25,6.313858338730998957e+24,4.533003058862135458e+24,3.565694122740443607e+24,2.945162808759359103e+24,2.505589006359616918e+24,2.173706803198263197e+24,1.911867536416831615e+24,1.698572191660380401e+24
2.787878787878787790e-02,1.184565457422894176e+25,7.291565590233145185e+24,5.285313427226066720e+24,4.171775024946738379e+24,3.451412460978193557e+24,2.939031269577930253e+24,2.551266634340859109e+24,2.244873633801771252e+24,1.995020907206046091e+24
2.848484848484848439e-02,9.271026056284110477e+24,5.306902629885479880e+24,3.775979255808973758e+24,2.961240697078806093e+24,2.442452013421511095e+24,2.076244146349680433e+24,1.800310279859068413e+24,1.582893209909781470e+24,1.405943357304972637e+24
2.818181818181818288e-02,1.062203287228845048e+25,6.313858338730997883e+24,4.533003058862135995e+24,3.565694122740444681e+24,2.945162808759358029e+24,2.505589006359615844e+24,2.173706803198261318e+24,1.911867536416832152e+24,1.698572191660379327e+24
2.878787878787878937e-02,7.779241219062193763e+24,4.275137118671492067e+24,3.017082375500884850e+24,2.360020555630705191e+24,1.944276844121142149e+24,1.651667824880965936e+24,1.431556581588939001e+24,1.258308714244342498e+24,1.117411053069558962e+24
2.848484848484848439e-02,9.271026056284098666e+24,5.306902629885478806e+24,3.775979255808968389e+24,2.961240697078804482e+24,2.442452013421511095e+24,2.076244146349679359e+24,1.800310279859067070e+24,1.582893209909782007e+24,1.405943357304971563e+24
2.909090909090909088e-02,6.131866300965063938e+24,3.224258671067618790e+24,2.259361241743741355e+24,1.763669227138338142e+24,1.451632626877672253e+24,1.232523920749525671e+24,1.067917508994915753e+24,9.384651437606443827e+23,8.332459030019574061e+23
2.878787878787878937e-02,7.779241219062188395e+24,4.275137118671493677e+24,3.017082375500883240e+24,2.360020555630704922e+24,1.944276844121141881e+24,1.651667824880966204e+24,1.431556581588938732e+24,1.258308714244343035e+24,1.117411053069558694e+24
2.939393939393939240e-02,4.312518745378176417e+24,2.161439919183314477e+24,1.506039315667150797e+24,1.173835826972688378e+24,9.655063412250198934e+23,8.194656550059749975e+23,7.098552601303068631e+23,6.237054873619857597e+23,5.537117720056238409e+23
2.909090909090909088e-02,6.131866300965065012e+24,3.224258671067617179e+24,2.259361241743742965e+24,1.763669227138337873e+24,1.451632626877672521e+24,1.232523920749526207e+24,1.067917508994915887e+24,9.384651437606443827e+23,8.332459030019570034e+23
2.969696969696969738e-02,2.303077927262996597e+24,1.095579028549861523e+24,7.604663723655523258e+23,5.921653781851850555e+23,4.868695791019594508e+23,4.131322121548779288e+23,3.578205801134670773e+23,3.143635179297718372e+23,2.790650535439831788e+23
2.939393939393939240e-02,4.312518745378174806e+24,2.161439919183311793e+24,1.506039315667150260e+24,1.173835826972687572e+24,9.655063412250193565e+23,8.194656550059747291e+23,7.098552601303064605e+23,6.237054873619845517e+23,5.537117720056236396e+23
2.999999999999999889e-02,8.349960682822185255e+22,3.758609985854886222e+22,2.605243572940921897e+22,2.027996730099667200e+22,1.667148642795278408e+22,1.414542339363679135e+22,1.225096216672200347e+22,1.076271840626112620e+22,9.553983199425956151e+21
2.969696969696969738e-02,2.303077927262997134e+24,1.095579028549860315e+24,7.604663723655515204e+23,5.921653781851843844e+23,4.868695791019589139e+23,4.131322121548779288e+23,3.578205801134668089e+23,3.143635179297713003e+23,2.790650535439830446e+23
