x,t=1.00e+01s,t=2.00e+01s,t=3.00e+01s,t=4.00e+01s,t=5.00e+01s,t=6.00e+01s,t=7.00e+01s,t=8.00e+01s,t=9.00e+01s
3.030303030303030300e-04,1.116364367035071263e+25,1.113449267113188967e+25,1.105823781209074634e+25,1.091284546202866771e+25,1.068565078397944160e+25,1.037566380922576439e+25,9.991652391473462360e+24,9.548373865959206339e+24,9.062876239099920480e+24
0.000000000000000000e+00,1.116364717686515672e+25,1.113450946403283750e+25,1.105828174285241492e+25,1.091292922777930487e+25,1.068578168479247981e+25,1.037584241814618134e+25,9.991873658263466974e+24,9.548629288161319517e+24,9.063155993458872395e+24
6.060606060606060601e-04,1.116360654239616017e+25,1.113431491463174432e+25,1.105777290626410431e+25,1.091195916783640592e+25,1.068426599091654985e+25,1.037377455576935756e+25,9.989312159055134188e+24,9.545672607276299729e+24,9.059917841649223479e+24
3.030303030303030300e-04,1.116364367035070404e+25,1.113449267113188752e+25,1.105823781209074205e+25,1.091284546202866556e+25,1.068565078397943087e+25,1.037566380922575795e+25,9.991652391473458065e+24,9.548373865959204191e+24,9.062876239099916186e+24
9.090909090909090901e-04,1.116354787270443219e+25,1.113403430070354882e+25,1.105703958504265751e+25,1.091056210306440122e+25,1.068208432884477102e+25,1.037079944756650530e+25,9.985628159294562963e+24,9.541421461309072792e+24,9.055263044153280819e+24
6.060606060606060601e-04,1.116360654239615373e+25,1.113431491463172714e+25,1.105777290626409786e+25,1.091195916783640377e+25,1.068426599091654985e+25,1.037377455576934897e+25,9.989312159055125598e+24,9.545672607276295434e+24,9.059917841649218110e+24
1.212121212121212120e-03,1.116346575293903342e+25,1.113364209761026848e+25,1.105601588271873861e+25,1.090861375028264976e+25,1.067904421004059730e+25,1.036665634580184002e+25,9.980500509197012507e+24,9.535506843039614116e+24,9.048788927009291866e+24
9.090909090909090901e-04,1.116354787270442360e+25,1.113403430070354238e+25,1.105703958504265106e+25,1.091056210306439263e+25,1.068208432884477102e+25,1.037079944756650100e+25,9.985628159294554373e+24,9.541421461309079234e+24,9.055263044153277598e+24
1.515151515151515150e-03,1.116335941011331926e+25,1.113313517665103271e+25,1.105469484335535587e+25,1.090610275462904872e+25,1.067513029924510415e+25,1.036132696102745584e+25,9.973909151110168624e+24,9.527907977087992652e+24,9.040474792477149807e+24
1.212121212121212120e-03,1.116346575293901839e+25,1.113364209761026204e+25,1.105601588271873002e+25,1.090861375028263902e+25,1.067904421004059515e+25,1.036665634580183358e+25,9.980500509197008212e+24,9.535506843039611969e+24,9.048788927009284350e+24
1.818181818181818180e-03,1.116322805149203327e+25,1.113251049420912777e+25,1.105307011098794521e+25,1.090301948113967627e+25,1.067033066504860508e+25,1.035479842184896727e+25,9.965841495042097701e+24,9.518613393949104424e+24,9.030310724008441956e+24
1.515151515151515150e-03,1.116335941011331496e+25,1.113313517665102627e+25,1.105469484335534513e+25,1.090610275462904013e+25,1.067513029924509770e+25,1.036132696102744511e+25,9.973909151110160034e+24,9.527907977087981915e+24,9.040474792477137996e+24
2.121212121212120993e-03,1.116307074770701927e+25,1.113176454416639329e+25,1.105113451716484017e+25,1.089935334473985829e+25,1.066463262855163193e+25,1.034705762631036616e+25,9.956285430621841903e+24,9.507612867802495191e+24,9.018288757015794210e+24
1.818181818181818180e-03,1.116322805149204186e+25,1.113251049420913636e+25,1.105307011098793877e+25,1.090301948113967627e+25,1.067033066504859864e+25,1.035479842184896512e+25,9.965841495042095554e+24,9.518613393949104424e+24,9.030310724008440882e+24
2.424242424242424240e-03,1.116288640106797545e+25,1.113089322124566731e+25,1.104887974808201298e+25,1.089509220382777581e+25,1.065802184112078071e+25,1.033809000219752830e+25,9.945227802519675588e+24,9.494895661575586068e+24,9.004400957467518300e+24
2.121212121212120993e-03,1.116307074770700853e+25,1.113176454416639544e+25,1.105113451716483588e+25,1.089935334473985614e+25,1.066463262855161904e+25,1.034705762631036401e+25,9.956285430621833313e+24,9.507612867802485527e+24,9.018288757015785620e+24
2.727272727272727487e-03,1.116267372912008696e+25,1.112989176059654358e+25,1.104629621621103968e+25,1.089022214933995387e+25,1.065048198497969959e+25,1.032787912059162467e+25,9.932653944874276068e+24,9.480449995311202141e+24,8.988638840389547896e+24
2.424242424242424240e-03,1.116288640106796901e+25,1.113089322124565872e+25,1.104887974808201083e+25,1.089509220382777796e+25,1.065802184112077427e+25,1.033809000219752615e+25,9.945227802519660556e+24,9.494895661575582847e+24,9.004400957467518300e+24
3.030303030303030300e-03,1.116243125129381368e+25,1.112875469565513461e+25,1.104337298504177693e+25,1.088472740084158653e+25,1.064199464593226850e+25,1.031640654768602163e+25,9.918547512800138676e+24,9.464262858234091880e+24,8.970993164825403924e+24
2.727272727272727487e-03,1.116267372912009340e+25,1.112989176059654787e+25,1.104629621621104183e+25,1.089022214933995816e+25,1.065048198497969959e+25,1.032787912059162682e+25,9.932653944874280363e+24,9.480449995311202141e+24,8.988638840389558633e+24
3.333333333333333114e-03,1.116215727550816137e+25,1.112747581953203220e+25,1.104009770867619821e+25,1.087859023688948339e+25,1.063253924459126503e+25,1.030365177978699537e+25,9.902890418770336501e+24,9.446319942553622697e+24,8.951453862075839111e+24
3.030303030303030300e-03,1.116243125129381582e+25,1.112875469565513246e+25,1.104337298504177908e+25,1.088472740084158224e+25,1.064199464593225991e+25,1.031640654768603022e+25,9.918547512800145119e+24,9.464262858234090807e+24,8.970993164825408219e+24
3.636363636363636360e-03,1.116184988365375669e+25,1.112604814511921881e+25,1.103645657405545942e+25,1.087179093661158293e+25,1.062209299016082260e+25,1.028959221240291450e+25,9.885662812962073575e+24,9.426605628593170727e+24,8.930010020027692025e+24
3.333333333333333114e-03,1.116215727550815064e+25,1.112747581953203434e+25,1.104009770867619606e+25,1.087859023688946836e+25,1.063253924459125000e+25,1.030365177978699966e+25,9.902890418770327911e+24,9.446319942553620550e+24,8.951453862075838037e+24
3.939393939393939607e-03,1.116150691547241750e+25,1.112446386199064632e+25,1.103243424120197021e+25,1.086430772397132941e+25,1.061063084352734124e+25,1.027420312530493512e+25,9.866843085021824097e+24,9.405102995121994293e+24,8.906649894881530428e+24
3.636363636363636360e-03,1.116184988365374380e+25,1.112604814511921452e+25,1.103645657405545513e+25,1.087179093661157649e+25,1.062209299016082045e+25,1.028959221240290591e+25,9.885662812962069280e+24,9.426605628593171801e+24,8.930010020027683435e+24
4.242424242424241987e-03,1.116112595054235072e+25,1.112271428914912173e+25,1.102801377946993739e+25,1.085611671119571875e+25,1.059812548425105549e+25,1.025745767613021176e+25,9.846407877936202044e+24,9.381793844028503545e+24,8.881360938298731877e+24
3.939393939393939607e-03,1.116150691547241106e+25,1.112446386199063988e+25,1.103243424120196162e+25,1.086430772397132512e+25,1.061063084352733909e+25,1.027420312530493297e+25,9.866843085021815507e+24,9.405102995121987851e+24,8.906649894881516470e+24
4.545454545454545234e-03,1.116070428814069344e+25,1.112078982303633798e+25,1.102317659881056167e+25,1.084719183980735816e+25,1.058454727911980855e+25,1.023932689927598843e+25,9.824332109858063696e+24,9.356658734423385265e+24,8.854129834498761234e+24
4.242424242424241987e-03,1.116112595054234857e+25,1.112271428914911744e+25,1.102801377946993095e+25,1.085611671119571660e+25,1.059812548425104690e+25,1.025745767613020746e+25,9.846407877936184864e+24,9.381793844028507840e+24,8.881360938298723287e+24
4.848484848484848481e-03,1.116023892477026194e+25,1.111867988036453137e+25,1.101790237548801410e+25,1.083750481855080066e+25,1.056986425125686220e+25,1.021977970863780776e+25,9.800589001959063465e+24,9.329677023815074232e+24,8.824942544628021077e+24
4.545454545454545234e-03,1.116070428814068485e+25,1.112078982303633798e+25,1.102317659881055308e+25,1.084719183980735387e+25,1.058454727911979352e+25,1.023932689927597984e+25,9.824332109858052959e+24,9.356658734423386339e+24,8.854129834498755865e+24
5.151515151515151728e-03,1.115972652913178510e+25,1.111637283537838453e+25,1.101216897187975236e+25,1.082702505790836408e+25,1.055404204940732368e+25,1.019878290359373404e+25,9.775150111416112973e+24,9.300826915185498184e+24,8.793784357013293718e+24
4.848484848484848481e-03,1.116023892477025121e+25,1.111867988036453352e+25,1.101790237548800766e+25,1.083750481855080496e+25,1.056986425125685361e+25,1.021977970863779917e+25,9.800589001959059170e+24,9.329677023815071011e+24,8.824942544628013561e+24
5.454545454545454974e-03,1.115916341430743057e+25,1.111385595116641555e+25,1.100595235008991716e+25,1.081571960111164336e+25,1.053704391735455974e+25,1.017630117806765334e+25,9.747985369157587320e+24,9.270085509380376655e+24,8.760639942548550672e+24
5.151515151515151728e-03,1.115972652913178295e+25,1.111637283537838453e+25,1.101216897187974807e+25,1.082702505790837052e+25,1.055404204940730865e+25,1.019878290359372116e+25,9.775150111416106531e+24,9.300826915185496036e+24,8.793784357013285128e+24
5.757575757575757354e-03,1.115854550689973394e+25,1.111111530463167453e+25,1.099922647915443571e+25,1.080355305167759544e+25,1.051883066360497101e+25,1.015229713274106811e+25,9.719063122270511459e+24,9.237428862534897598e+24,8.725493414793384215e+24
5.454545454545454974e-03,1.115916341430742628e+25,1.111385595116641770e+25,1.100595235008991287e+25,1.081571960111164980e+25,1.053704391735455974e+25,1.017630117806764690e+25,9.747985369157585173e+24,9.270085509380369138e+24,8.760639942548547451e+24
6.060606060606060601e-03,1.115786831284474349e+25,1.110813570471296782e+25,1.099196323564435665e+25,1.079048749757847357e+25,1.049936063159620686e+25,1.012673129062248034e+25,9.688350181125145380e+24,9.202832048422964127e+24,8.688328394538489450e+24
5.757575757575757354e-03,1.115854550689972965e+25,1.111111530463167024e+25,1.099922647915442498e+25,1.080355305167759115e+25,1.051883066360497745e+25,1.015229713274106167e+25,9.719063122270520049e+24,9.237428862534893303e+24,8.725493414793383141e+24
6.363636363636363848e-03,1.115712687958835851e+25,1.110490060342244454e+25,1.098413229749168579e+25,1.077648243221477695e+25,1.047858967076659433e+25,1.009956211627350558e+25,9.655811871365275467e+24,9.166269225712514752e+24,8.649128078691334812e+24
6.060606060606060601e-03,1.115786831284473705e+25,1.110813570471295494e+25,1.099196323564434591e+25,1.079048749757847142e+25,1.049936063159620257e+25,1.012673129062246746e+25,9.688350181125147528e+24,9.202832048422963053e+24,8.688328394538485155e+24
6.666666666666666227e-03,1.115631575428247414e+25,1.110139199923749269e+25,1.097570103087617827e+25,1.076149467241140365e+25,1.045647110888822360e+25,1.007074603905354299e+25,9.621412090970351126e+24,9.127713710163982683e+24,8.607875313389785481e+24
6.363636363636363848e-03,1.115712687958835207e+25,1.110490060342244239e+25,1.098413229749168794e+25,1.077648243221477910e+25,1.047858967076659218e+25,1.009956211627350987e+25,9.655811871365274393e+24,9.166269225712516900e+24,8.649128078691333738e+24
6.969696969696969474e-03,1.115542893762093987e+25,1.109759033235352199e+25,1.096663437002434793e+25,1.074547827370457895e+25,1.043295572612091533e+25,1.004023748079173644e+25,9.585113372632296626e+24,9.087138051840027407e+24,8.564552671280611346e+24
6.666666666666666227e-03,1.115631575428246985e+25,1.110139199923748840e+25,1.097570103087618471e+25,1.076149467241139935e+25,1.045647110888821931e+25,1.007074603905354943e+25,9.621412090970350052e+24,9.127713710163980536e+24,8.607875313389791923e+24
7.272727272727272721e-03,1.115445983289556301e+25,1.109347437127183697e+25,1.095689468978658378e+25,1.072838444323450477e+25,1.040799173129494733e+25,1.000798888833344423e+25,9.546876951715081422e+24,9.044514117411902094e+24,8.519142532914256194e+24
6.969696969696969474e-03,1.115542893762093343e+25,1.109759033235351554e+25,1.096663437002434793e+25,1.074547827370457251e+25,1.043295572612091318e+25,1.004023748079172785e+25,9.585113372632294479e+24,9.087138051840027407e+24,8.564552671280608125e+24
7.575757575757575968e-03,1.115340118980788625e+25,1.108902109016261401e+25,1.094644167087482659e+25,1.071016145060782101e+25,1.038152474097933608e+25,9.973950771440488657e+24,9.506662840081732268e+24,8.999813177655563135e+24,8.471627172212704771e+24
7.272727272727272721e-03,1.115445983289556087e+25,1.109347437127182623e+25,1.095689468978658164e+25,1.072838444323449618e+25,1.040799173129494303e+25,1.000798888833343779e+25,9.546876951715080349e+24,9.044514117411903168e+24,8.519142532914252972e+24
7.878787878787879215e-03,1.115224504252425087e+25,1.108420553640753653e+25,1.093523215766384241e+25,1.069075453714607187e+25,1.035349776193978153e+25,9.938071746552618570e+24,9.464429906084300207e+24,8.953006000232259115e+24,8.421988845965450427e+24
7.575757575757575968e-03,1.115340118980788625e+25,1.108902109016259898e+25,1.094644167087482444e+25,1.071016145060781027e+25,1.038152474097932964e+25,9.973950771440471478e+24,9.506662840081726900e+24,8.999813177655557767e+24,8.471627172212703698e+24
8.181818181818182462e-03,1.115098264140770602e+25,1.107900068769093650e+25,1.092322000848328708e+25,1.067010582399265145e+25,1.032385117763927131e+25,9.900298586943315004e+24,9.420135961018972038e+24,8.904062947845113173e+24,8.370209887303369115e+24
7.878787878787879215e-03,1.115224504252424013e+25,1.108420553640754082e+25,1.093523215766383597e+25,1.069075453714606113e+25,1.035349776193976864e+25,9.938071746552609980e+24,9.464429906084293765e+24,8.953006000232250525e+24,8.421988845965445058e+24
8.484848484848483974e-03,1.114960437780179271e+25,1.107337729797102521e+25,1.091035593835778142e+25,1.064815421961110957e+25,1.029252273948287802e+25,9.860576279825710687e+24,9.373737852350980103e+24,8.852954081856264511e+24,8.316272803091070312e+24
8.181818181818182462e-03,1.115098264140770602e+25,1.107900068769094724e+25,1.092322000848328494e+25,1.067010582399265360e+25,1.032385117763927775e+25,9.900298586943319299e+24,9.420135961018969891e+24,8.904062947845112100e+24,8.370209887303363746e+24
8.787878787878787221e-03,1.114809970117598604e+25,1.106730373162593644e+25,1.089658735418745534e+25,1.062483532727337298e+25,1.025944756355817533e+25,9.818848090984950132e+24,9.325191564013298510e+24,8.799649271438766745e+24,8.260160375166807407e+24
8.484848484848483974e-03,1.114960437780178627e+25,1.107337729797102951e+25,1.091035593835776853e+25,1.064815421961110313e+25,1.029252273948287802e+25,9.860576279825699949e+24,9.373737852350967218e+24,8.852954081856265585e+24,8.316272803091058501e+24
9.090909090909090468e-03,1.114645702787121874e+25,1.106074578503221871e+25,1.088185818240339580e+25,1.060008135320767138e+25,1.022455813367346354e+25,9.775055637532133164e+24,9.274452324079247380e+24,8.744118308324389486e+24,8.201855765345000634e+24
8.787878787878787221e-03,1.114809970117598604e+25,1.106730373162594073e+25,1.089658735418744890e+25,1.062483532727336868e+25,1.025944756355816244e+25,9.818848090984941542e+24,9.325191564013296362e+24,8.799649271438761376e+24,8.260160375166797743e+24
9.393939393939393714e-03,1.114466364060508101e+25,1.105366649479594785e+25,1.086610868918173088e+25,1.057382101615236735e+25,1.018778431154762242e+25,9.729138969390227611e+24,9.221474720101622306e+24,8.686331027192440708e+24,8.141342624080965879e+24
9.090909090909090468e-03,1.114645702787121015e+25,1.106074578503221656e+25,1.088185818240338721e+25,1.060008135320766279e+25,1.022455813367344636e+25,9.775055637532120279e+24,9.274452324079244159e+24,8.744118308324379822e+24,8.201855765344997412e+24
9.696969696969696961e-03,1.114270557780940045e+25,1.104602593182111825e+25,1.084927529335802199e+25,1.054597945914527807e+25,1.014905335505772644e+25,9.681036660136271889e+24,9.166212822400540179e+24,8.626257431726247280e+24,8.078605202679545553e+24
9.393939393939393714e-03,1.114466364060507457e+25,1.105366649479594570e+25,1.086610868918173088e+25,1.057382101615236091e+25,1.018778431154761383e+25,9.729138969390227611e+24,9.221474720101620158e+24,8.686331027192437486e+24,8.141342624080960510e+24
1.000000000000000021e-02,1.114056751177725887e+25,1.103778098036432321e+25,1.083129037224973082e+25,1.051647816446682160e+25,1.010828994550294527e+25,9.630685907834012980e+24,9.108620315568110442e+24,8.563867826342322013e+24,8.013628468910648187e+24
9.696969696969696961e-03,1.114270557780940045e+25,1.104602593182111825e+25,1.084927529335801985e+25,1.054597945914526948e+25,1.014905335505772214e+25,9.681036660136265447e+24,9.166212822400540179e+24,8.626257431726238690e+24,8.078605202679543405e+24
1.030303030303030346e-02,1.113823261449066425e+25,1.102888510119210980e+25,1.081208206067210155e+25,1.048523487275146968e+25,1.006541622489658085e+25,9.578022646498563063e+24,9.048650638440289687e+24,8.499132953573960364e+24,7.946398225873937224e+24
1.000000000000000021e-02,1.114056751177725672e+25,1.103778098036431891e+25,1.083129037224972223e+25,1.051647816446681516e+25,1.010828994550294312e+25,9.630685907834011906e+24,9.108620315568110442e+24,8.563867826342318792e+24,8.013628468910651408e+24
1.060606060606060670e-02,1.113568240988406958e+25,1.101928807792660133e+25,1.079157404352062879e+25,1.045216350738435115e+25,1.002035184435011528e+25,9.522981668837809549e+24,8.986257132764743657e+24,8.432024137063861506e+24,7.876901233932676608e+24
1.030303030303030346e-02,1.113823261449065780e+25,1.102888510119210765e+25,1.081208206067209940e+25,1.048523487275146538e+25,1.006541622489657011e+25,9.578022646498563063e+24,9.048650638440285392e+24,8.499132953573954995e+24,7.946398225873937224e+24
1.090909090909090995e-02,1.113289661117019947e+25,1.100893574563791962e+25,1.076968534239350678e+25,1.041717410540922757e+25,9.973014024665284374e+24,9.465496760914340410e+24,8.921393200768192864e+24,8.362513430091748906e+24,7.805125335514030012e+24
1.060606060606060670e-02,1.113568240988406743e+25,1.101928807792659918e+25,1.079157404352062664e+25,1.045216350738435330e+25,1.002035184435011313e+25,9.522981668837804181e+24,8.986257132764743657e+24,8.432024137063858285e+24,7.876901233932671239e+24
1.121212121212121146e-02,1.112985294171312187e+25,1.099776970071918071e+25,1.074633009684228346e+25,1.038017275629051023e+25,9.923317630300106089e+24,9.405500849366566840e+24,8.854012471796661880e+24,8.290573769530956266e+24,7.731059582548011903e+24
1.090909090909090995e-02,1.113289661117019947e+25,1.100893574563792176e+25,1.076968534239351107e+25,1.041717410540923616e+25,9.973014024665290817e+24,9.465496760914341484e+24,8.921393200768201454e+24,8.362513430091752127e+24,7.805125335514032160e+24
1.151515151515151471e-02,1.112652693777727943e+25,1.098572699106318995e+25,1.072141734096718670e+25,1.034106154999506410e+25,9.871175257923701638e+24,9.342926161816656099e+24,8.784068978168150001e+24,8.216179135093601051e+24,7.654694366291999783e+24
1.121212121212121146e-02,1.112985294171311973e+25,1.099776970071917427e+25,1.074633009684227916e+25,1.038017275629050594e+25,9.923317630300101794e+24,9.405500849366564692e+24,8.854012471796661880e+24,8.290573769530949824e+24,7.731059582548009755e+24
1.181818181818181795e-02,1.112289173130877541e+25,1.097273978554948933e+25,1.069485077621979033e+25,1.029973853598990957e+25,9.816497340820035559e+24,9.277704401076681372e+24,8.711517340338135344e+24,8.139304713687080473e+24,7.576021549260881013e+24
1.151515151515151471e-02,1.112652693777727513e+25,1.098572699106318995e+25,1.072141734096718026e+25,1.034106154999505337e+25,9.871175257923697343e+24,9.342926161816650730e+24,8.784068978168146780e+24,8.216179135093594609e+24,7.654694366291996562e+24
1.212121212121212120e-02,1.111891781071480715e+25,1.095873502184946076e+25,1.066652854143828242e+25,1.025609769488844819e+25,9.759192270442982764e+24,9.209766933741828659e+24,8.636312961434926969e+24,8.059927068664924310e+24,7.495034598955442296e+24
1.181818181818181795e-02,1.112289173130876468e+25,1.097273978554948718e+25,1.069485077621978818e+25,1.029973853598990742e+25,9.816497340820035559e+24,9.277704401076678151e+24,8.711517340338132122e+24,8.139304713687077252e+24,7.576021549260872423e+24
1.242424242424242445e-02,1.111457275739762457e+25,1.094363403156640802e+25,1.063634298132388168e+25,1.021002892462108038e+25,9.699166536462681487e+24,9.139044993729452061e+24,8.558412231172737733e+24,7.978024313713083516e+24,7.411728723053137556e+24
1.212121212121212120e-02,1.111891781071480929e+25,1.095873502184945861e+25,1.066652854143828457e+25,1.025609769488844819e+25,9.759192270442978469e+24,9.209766933741830807e+24,8.636312961434925895e+24,8.059927068664914646e+24,7.495034598955434780e+24
1.272727272727272770e-02,1.110982095556705564e+25,1.092735214174950464e+25,1.060418041477040884e+25,1.016141804315516517e+25,9.636324886675312202e+24,9.065469901285887914e+24,8.477772739096979108e+24,7.893576291068223781e+24,7.326101005696475502e+24
1.242424242424242445e-02,1.111457275739762672e+25,1.094363403156640158e+25,1.063634298132388168e+25,1.021002892462107394e+25,9.699166536462677192e+24,9.139044993729448840e+24,8.558412231172737733e+24,7.978024313713070631e+24,7.411728723053133261e+24
1.303030303030303094e-02,1.110462327260051462e+25,1.090979825185775811e+25,1.056992090468593621e+25,1.011014680994365100e+25,9.570570508173783910e+24,8.988973297937329991e+24,8.394353497056463242e+24,7.806564753717734016e+24,7.238150544484665146e+24
1.272727272727272770e-02,1.110982095556705349e+25,1.092735214174950464e+25,1.060418041477039810e+25,1.016141804315515658e+25,9.636324886675306834e+24,9.065469901285886840e+24,8.477772739096975887e+24,7.893576291068215191e+24,7.326101005696472281e+24
1.333333333333333245e-02,1.109893670693685012e+25,1.089087438530586160e+25,1.053343803119678832e+25,1.005609296844068426e+25,9.501805231194205994e+24,8.909487397806530481e+24,8.308115170733017803e+24,7.716973551182220752e+24,7.147878587744534040e+24
1.303030303030303094e-02,1.110462327260051892e+25,1.090979825185776026e+25,1.056992090468593406e+25,1.011014680994365315e+25,9.570570508173783910e+24,8.988973297937329991e+24,8.394353497056465390e+24,7.806564753717734016e+24,7.238150544484666219e+24
1.363636363636363570e-02,1.109271400017862646e+25,1.087047521480083661e+25,1.049459867040206629e+25,9.999130312185174326e+24,9.429929757061272339e+24,8.826945255653261806e+24,8.219020319988398105e+24,7.624788818430056970e+24,7.055288671626641363e+24
1.333333333333333245e-02,1.109893670693684368e+25,1.089087438530585945e+25,1.053343803119678187e+25,1.005609296844067781e+25,9.501805231194202773e+24,8.909487397806527260e+24,8.308115170733008139e+24,7.716973551182214309e+24,7.147878587744529745e+24
1.393939393939393895e-02,1.108590320973389264e+25,1.084848756078129271e+25,1.045326278115337011e+25,9.939128777118229471e+24,9.354843911652889405e+24,8.741281051922184282e+24,8.127033647712878690e+24,7.529999167421009264e+24,6.960386756542935993e+24
1.363636363636363570e-02,1.109271400017862431e+25,1.087047521480083661e+25,1.049459867040205984e+25,9.999130312185170031e+24,9.429929757061272339e+24,8.826945255653259658e+24,8.219020319988388442e+24,7.624788818430051601e+24,7.055288671626640289e+24
1.424242424242424220e-02,1.107844723794801493e+25,1.082478986240341513e+25,1.040928320267123454e+25,9.875954562966440181e+24,9.276446925788874109e+24,8.652430394996348477e+24,8.032122256778344037e+24,7.432595880721199957e+24,6.863181362432583238e+24
1.393939393939393895e-02,1.108590320973389049e+25,1.084848756078127983e+25,1.045326278115335937e+25,9.939128777118225176e+24,9.354843911652886184e+24,8.741281051922181061e+24,8.127033647712866878e+24,7.529999167421004969e+24,6.960386756542931698e+24
1.454545454545454544e-02,1.107028331325764091e+25,1.079925162068632156e+25,1.036250546617888220e+25,9.809470286688332531e+24,9.194637743919423142e+24,8.560330640758003793e+24,7.934255914612183498e+24,7.332573106576091421e+24,6.763683702313975045e+24
1.424242424242424220e-02,1.107844723794801922e+25,1.082478986240340869e+25,1.040928320267122595e+25,9.875954562966440181e+24,9.276446925788870888e+24,8.652430394996343108e+24,8.032122256778335447e+24,7.432595880721191367e+24,6.863181362432578943e+24
1.484848484848484869e-02,1.106134241843494002e+25,1.077173281363777818e+25,1.031276762413757093e+25,9.739535171143120332e+24,9.109315362442797507e+24,8.464921229449123013e+24,7.833407324815757217e+24,7.229928054771436919e+24,6.661907813552607893e+24
1.454545454545454544e-02,1.107028331325764091e+25,1.079925162068631512e+25,1.036250546617887576e+25,9.809470286688319646e+24,9.194637743919415626e+24,8.560330640757996277e+24,7.934255914612180277e+24,7.332573106576084978e+24,6.763683702313967528e+24
1.515151515151515194e-02,1.105154866047976760e+25,1.074208328343821346e+25,1.025990010110683295e+25,9.666005272298650868e+24,9.020379198918085497e+24,8.366144039702342794e+24,7.729552405154199086e+24,7.124661192554684178e+24,6.557870686247798912e+24
1.484848484848484869e-02,1.106134241843493357e+25,1.077173281363777388e+25,1.031276762413756449e+25,9.739535171143111742e+24,9.109315362442793212e+24,8.464921229449117645e+24,7.833407324815755070e+24,7.229928054771430476e+24,6.661907813552600377e+24
1.545454545454545518e-02,1.104081857615219297e+25,1.071014209607349820e+25,1.020372557073061361e+25,9.588733748443363068e+24,8.927729493354144021e+24,8.263943759477776990e+24,7.622670571141961852e+24,7.016776439831821206e+24,6.451592388115622433e+24
1.515151515151515194e-02,1.105154866047976760e+25,1.074208328343820487e+25,1.025990010110682436e+25,9.666005272298647647e+24,9.020379198918080128e+24,8.366144039702333131e+24,7.729552405154193717e+24,7.124661192554678810e+24,6.557870686247798912e+24
1.575757575757575843e-02,1.102906036651463824e+25,1.067573687418316279e+25,1.014405886386612992e+25,9.507571175004763930e+24,8.831267742649022742e+24,8.158268273492351913e+24,7.512745024341753842e+24,6.906281362797141003e+24,6.343096185221573482e+24
1.545454545454545518e-02,1.104081857615218653e+25,1.071014209607349176e+25,1.020372557073060288e+25,9.588733748443359847e+24,8.927729493354135431e+24,8.263943759477770547e+24,7.622670571141952189e+24,7.016776439831809394e+24,6.451592388115624580e+24
1.606060606060605994e-02,1.101617305316394936e+25,1.063868310434216224e+25,1.008070691342952616e+25,9.422365908698451904e+24,8.730897169121947398e+24,8.049069066565198406e+24,7.399763044383805332e+24,6.793187365096890827e+24,6.232408657894985557e+24
1.575757575757575843e-02,1.102906036651464254e+25,1.067573687418316064e+25,1.014405886386613636e+25,9.507571175004762857e+24,8.831267742649014152e+24,8.158268273492356208e+24,7.512745024341753842e+24,6.906281362797134560e+24,6.343096185221577777e+24
1.636363636363636492e-02,1.100204554807342546e+25,1.059878342053120524e+25,1.001346874212977374e+25,9.332964504833644095e+24,8.626523223920369927e+24,7.936301642125351131e+24,7.283716283598002977e+24,6.677509875572217295e+24,6.119559811137634264e+24
1.606060606060605994e-02,1.101617305316395151e+25,1.063868310434216009e+25,1.008070691342952831e+25,9.422365908698446535e+24,8.730897169121946324e+24,8.049069066565197333e+24,7.399763044383807479e+24,6.793187365096883311e+24,6.232408657894984483e+24
1.666666666666666644e-02,1.098655562812428624e+25,1.055582686618654575e+25,9.942135499902437885e+24,9.239212191678317887e+24,8.518054125894989517e+24,7.819925954936170785e+24,7.164601063034193105e+24,6.559268531573307640e+24,6.004583178822668652e+24
1.636363636363636492e-02,1.100204554807343405e+25,1.059878342053121598e+25,1.001346874212977374e+25,9.332964504833653758e+24,8.626523223920373148e+24,7.936301642125352205e+24,7.283716283598006198e+24,6.677509875572215147e+24,6.119559811137633190e+24
1.696969696969696795e-02,1.096956880447841703e+25,1.050958813797026281e+25,9.866490558535196675e+24,9.140953405833246308e+24,8.405401436313393817e+24,7.699906856884897925e+24,7.042418668526827324e+24,6.438487356785506585e+24,5.887515920966287498e+24
1.666666666666666644e-02,1.098655562812429483e+25,1.055582686618655219e+25,9.942135499902433591e+24,9.239212191678325403e+24,8.518054125894991664e+24,7.819925954936168637e+24,7.164601063034196326e+24,6.559268531573303345e+24,6.004583178822668652e+24
1.727272727272727293e-02,1.095093707591901182e+25,1.045982681528258255e+25,9.786309671698633872e+24,9.038032392574278178e+24,8.288480669525798717e+24,7.576214554465192972e+24,6.917175645339479339e+24,6.315194932460339136e+24,5.768398913344805706e+24
1.696969696969696795e-02,1.096956880447842562e+25,1.050958813797026281e+25,9.866490558535188085e+24,9.140953405833242013e+24,8.405401436313392744e+24,7.699906856884890409e+24,7.042418668526825177e+24,6.438487356785506585e+24,5.887515920966284277e+24
1.757575757575757444e-02,1.093049755415308294e+25,1.040628658056883112e+25,9.701361209355097843e+24,8.930293875087103796e+24,8.167211939401166624e+24,7.448825076347004984e+24,6.788884089804231136e+24,6.189424560900057340e+24,5.647276828723455210e+24
1.727272727272727293e-02,1.095093707591901397e+25,1.045982681528259544e+25,9.786309671698642462e+24,9.038032392574278178e+24,8.288480669525801938e+24,7.576214554465194046e+24,6.917175645339480412e+24,6.315194932460344505e+24,5.768398913344808927e+24
1.787878787878787942e-02,1.090807094781918674e+25,1.034869443667606505e+25,9.611406476312997444e+24,8.817583796432381562e+24,8.041520641016917746e+24,7.317720749180840854e+24,6.657561936251115354e+24,6.061214420005054818e+24,5.524198208961342847e+24
1.757575757575757444e-02,1.093049755415308508e+25,1.040628658056883327e+25,9.701361209355093548e+24,8.930293875087100575e+24,8.167211939401166624e+24,7.448825076347001763e+24,6.788884089804226841e+24,6.189424560900057340e+24,5.647276828723460578e+24
1.818181818181818094e-02,1.088345989056108100e+25,1.028675992891426496e+25,9.516200125519740996e+24,8.699750137931381978e+24,7.911338166708017891e+24,7.182890679525181472e+24,6.523233237405769239e+24,5.930607707659419808e+24,5.399215527259521621e+24
1.787878787878787942e-02,1.090807094781919748e+25,1.034869443667606720e+25,9.611406476313000665e+24,8.817583796432382636e+24,8.041520641016924188e+24,7.317720749180841928e+24,6.657561936251117501e+24,6.061214420005052670e+24,5.524198208961351436e+24
1.848484848484848592e-02,1.085644709700114931e+25,1.022017438110123834e+25,9.415490677535540735e+24,8.576643817443637949e+24,7.776602655158816263e+24,7.044331239515968680e+24,6.385928436319221277e+24,5.797652774701845975e+24,5.272385239826634073e+24
1.818181818181818094e-02,1.088345989056107241e+25,1.028675992891426711e+25,9.516200125519734554e+24,8.699750137931374461e+24,7.911338166708014670e+24,7.182890679525177177e+24,6.523233237405768165e+24,5.930607707659412292e+24,5.399215527259526989e+24
1.878787878787878743e-02,1.082679332876022966e+25,1.014861015675149359e+25,9.309021158496333705e+24,8.448119670708693511e+24,7.637259771753057166e+24,6.902046553619140163e+24,6.245684627786055679e+24,5.662403245208592416e+24,5.143767826249222231e+24
1.848484848484848592e-02,1.085644709700115146e+25,1.022017438110124263e+25,9.415490677535541809e+24,8.576643817443644391e+24,7.776602655158817337e+24,7.044331239515970827e+24,6.385928436319221277e+24,5.797652774701847049e+24,5.272385239826636221e+24
1.909090909090909241e-02,1.079423515080585620e+25,1.007171995874378188e+25,9.196529869744384019e+24,8.314037518530304119e+24,7.493263517880785624e+24,6.756048983521456015e+24,6.102545807105180471e+24,5.524918122801980525e+24,5.013427817871941638e+24
1.878787878787878743e-02,1.082679332876022321e+25,1.014861015675148714e+25,9.309021158496335852e+24,8.448119670708685995e+24,7.637259771753055019e+24,6.902046553619140163e+24,6.245684627786053531e+24,5.662403245208591342e+24,5.143767826249220083e+24
1.939393939393939392e-02,1.075848245635089179e+25,9.989136183309912221e+24,9.077751303166794175e+24,8.174263322083697871e+24,7.344577066336559785e+24,6.606359607925441089e+24,5.956563103945368753e+24,5.385261881694035917e+24,4.881433813517058980e+24
1.909090909090909241e-02,1.079423515080585835e+25,1.007171995874378618e+25,9.196529869744388314e+24,8.314037518530306267e+24,7.493263517880781329e+24,6.756048983521456015e+24,6.102545807105180471e+24,5.524918122801982672e+24,5.013427817871943785e+24
1.969696969696969543e-02,1.071921573624809078e+25,9.900470347075812646e+24,8.952417217117342782e+24,8.028670428007411149e+24,7.191173619329028671e+24,6.453008693722530544e+24,5.807794998995716338e+24,5.243504541180075174e+24,4.747858481902402174e+24
1.939393939393939392e-02,1.075848245635089179e+25,9.989136183309912221e+24,9.077751303166797397e+24,8.174263322083696797e+24,7.344577066336556564e+24,6.606359607925437867e+24,5.956563103945371974e+24,5.385261881694040212e+24,4.881433813517058980e+24
2.000000000000000042e-02,1.067608306631003045e+25,9.805312609206647180e+24,8.820257888584219765e+24,7.877140904190434676e+24,7.033037284959893661e+24,6.296036154729024117e+24,5.656307521012464198e+24,5.099721722313059540e+24,4.612778550153510404e+24
1.969696969696969543e-02,1.071921573624809293e+25,9.900470347075804056e+24,8.952417217117341708e+24,8.028670428007404707e+24,7.191173619329024376e+24,6.453008693722523028e+24,5.807794998995716338e+24,5.243504541180075174e+24,4.747858481902399489e+24
2.030303030303030193e-02,1.062869678320383489e+25,9.703231414521065321e+24,8.681003557978265881e+24,7.719566966264188698e+24,6.870163967320213028e+24,6.135491993885359741e+24,5.502174421819937390e+24,4.953994685516455338e+24,4.476274777848324811e+24
2.000000000000000042e-02,1.067608306631003260e+25,9.805312609206649328e+24,8.820257888584225134e+24,7.877140904190436824e+24,7.033037284959893661e+24,6.296036154729024117e+24,5.656307521012468493e+24,5.099721722313055245e+24,4.612778550153514699e+24
2.060606060606060691e-02,1.057662981649696980e+25,9.593773287810770554e+24,8.534386083521117058e+24,7.555852493743419262e+24,6.702562264597640824e+24,5.971436724545014613e+24,5.345477326786756862e+24,4.806410347932542644e+24,4.338431916081949673e+24
2.030303030303030193e-02,1.062869678320383275e+25,9.703231414521061026e+24,8.681003557978260512e+24,7.719566966264188698e+24,6.870163967320210880e+24,6.135491993885354372e+24,5.502174421819936316e+24,4.953994685516454264e+24,4.476274777848324811e+24
2.090909090909090842e-02,1.051941164103472718e+25,9.476462814608730544e+24,8.380140822670598518e+24,7.385914633513570589e+24,6.530254368792233028e+24,5.803941766220699958e+24,5.186305858282103843e+24,4.657061279354620622e+24,4.199338651095205044e+24
2.060606060606060691e-02,1.057662981649698269e+25,9.593773287810774849e+24,8.534386083521121353e+24,7.555852493743424631e+24,6.702562264597641898e+24,5.971436724545016761e+24,5.345477326786759009e+24,4.806410347932544255e+24,4.338431916081953431e+24
2.121212121212121340e-02,1.045652381007554129e+25,9.350802849375142218e+24,8.218008758283300420e+24,7.209685486917191893e+24,6.353276959806416684e+24,5.633089809916312890e+24,5.024757729621752486e+24,4.506045675656584263e+24,4.059087532072808783e+24
2.090909090909090842e-02,1.051941164103472932e+25,9.476462814608728397e+24,8.380140822670596370e+24,7.385914633513568441e+24,6.530254368792231954e+24,5.803941766220698884e+24,5.186305858282101695e+24,4.657061279354619548e+24,4.199338651095203433e+24
2.151515151515151492e-02,1.038739502546211183e+25,9.216274998613722794e+24,8.047738887225902908e+24,7.027113875033329089e+24,6.171682085813532821e+24,5.458975147961605276e+24,4.860938807043879942e+24,4.353467308712254411e+24,3.917774882786450885e+24
2.121212121212121340e-02,1.045652381007554773e+25,9.350802849375145440e+24,8.218008758283301493e+24,7.209685486917189745e+24,6.353276959806417757e+24,5.633089809916312890e+24,5.024757729621756780e+24,4.506045675656586411e+24,4.059087532072806098e+24
2.181818181818181990e-02,1.031139569651940970e+25,9.072340433899044926e+24,7.869090888837683881e+24,6.838167174854107013e+24,5.985538020927114286e+24,5.281703963087112591e+24,4.694963137310539471e+24,4.199435451889388221e+24,3.775500696833111376e+24
2.151515151515151492e-02,1.038739502546210753e+25,9.216274998613719573e+24,8.047738887225897539e+24,7.027113875033326942e+24,6.171682085813528526e+24,5.458975147961603129e+24,4.860938807043876721e+24,4.353467308712254947e+24,3.917774882786446590e+24
2.212121212121212141e-02,1.022783193430117499e+25,8.918441098312692795e+24,7.681838089936394793e+24,6.642833216928449403e+24,5.794930090301606960e+24,5.101394571338385965e+24,4.526952938616848908e+24,4.044064780311156736e+24,3.632368516300900613e+24
2.181818181818181990e-02,1.031139569651940540e+25,9.072340433899055663e+24,7.869090888837683881e+24,6.838167174854107013e+24,5.985538020927112139e+24,5.281703963087115813e+24,4.694963137310542155e+24,4.199435451889391443e+24,3.775500696833114061e+24
2.242424242424242292e-02,1.013593892220236611e+25,8.754001379489127711e+24,7.485770741851866607e+24,6.441122232649859134e+24,5.599961451906634487e+24,4.918177613337504415e+24,4.357038552605851879e+24,3.887475245199408757e+24,3.488485293781817802e+24
2.212121212121212141e-02,1.022783193430117284e+25,8.918441098312698164e+24,7.681838089936399088e+24,6.642833216928446182e+24,5.794930090301606960e+24,5.101394571338383817e+24,4.526952938616848908e+24,4.044064780311156736e+24,3.632368516300901150e+24
2.272727272727272790e-02,1.003487359775916577e+25,8.578430333519256489e+24,7.280699623152450080e+24,6.233068836703983989e+24,5.400753823348424553e+24,4.732196188364665812e+24,4.185358355437145081e+24,3.729791921750883281e+24,3.343961237744147283e+24
2.242424242424242292e-02,1.013593892220235323e+25,8.754001379489129859e+24,7.485770741851865534e+24,6.441122232649853765e+24,5.599961451906634487e+24,4.918177613337499047e+24,4.357038552605849194e+24,3.887475245199406609e+24,3.488485293781817265e+24
2.303030303030302942e-02,9.923706573609136858e+24,8.391124556524897585e+24,7.066459979164650530e+24,6.018734027255065241e+24,5.197448141281601033e+24,4.543605925761871063e+24,4.012058626041196562e+24,3.571144830148013336e+24,3.198909641374802370e+24
2.272727272727272790e-02,1.003487359775916147e+25,8.578430333519257563e+24,7.280699623152455449e+24,6.233068836703986136e+24,5.400753823348427774e+24,4.732196188364667959e+24,4.185358355437149913e+24,3.729791921750883281e+24,3.343961237744146209e+24
2.333333333333333440e-02,9.801413218011108514e+24,8.191471814999975601e+24,6.842915805918373817e+24,5.798207183237572903e+24,4.990205140184733617e+24,4.352574988261810464e+24,3.837293369911551046e+24,3.411668729470698618e+24,3.053446695104425398e+24
2.303030303030302942e-02,9.923706573609134711e+24,8.391124556524885773e+24,7.066459979164646235e+24,6.018734027255066315e+24,5.197448141281599959e+24,4.543605925761873210e+24,4.012058626041194951e+24,3.571144830148011725e+24,3.198909641374800223e+24
2.363636363636363591e-02,9.666863806952499589e+24,7.978855562238515892e+24,6.609964481594614362e+24,5.571608034635574030e+24,4.779205836589813494e+24,4.159284002028442786e+24,3.661224097044436322e+24,3.251502884453027154e+24,2.907691283134080335e+24
2.333333333333333440e-02,9.801413218011110661e+24,8.191471814999979896e+24,6.842915805918377038e+24,5.798207183237578272e+24,4.990205140184741133e+24,4.352574988261814222e+24,3.837293369911553194e+24,3.411668729470697544e+24,3.053446695104424324e+24
2.393939393939394089e-02,9.518812650614131167e+24,7.752660486583965301e+24,6.367541742691954614e+24,5.339088577891955712e+24,4.564651904287070703e+24,3.963925908467581895e+24,3.484019552929404584e+24,3.090790805218858212e+24,2.761764764391329059e+24
2.363636363636363591e-02,9.666863806952494221e+24,7.978855562238519113e+24,6.609964481594614362e+24,5.571608034635577251e+24,4.779205836589814031e+24,4.159284002028442786e+24,3.661224097044436322e+24,3.251502884453025543e+24,2.907691283134079799e+24
2.424242424242424240e-02,9.355886086727784093e+24,7.512279258126036268e+24,6.115626994711365146e+24,5.100834904618425693e+24,4.346765925607148936e+24,3.766705733236389422e+24,3.305855401826728431e+24,2.929679960331018914e+24,2.615790738454717730e+24
2.393939393939394089e-02,9.518812650614133315e+24,7.752660486583966375e+24,6.367541742691959983e+24,5.339088577891962154e+24,4.564651904287071776e+24,3.963925908467581358e+24,3.484019552929405121e+24,3.090790805218858212e+24,2.761764764391329059e+24
2.454545454545454392e-02,9.176569222043074623e+24,7.257120664155450983e+24,5.854248937889726867e+24,4.857068907615044493e+24,4.125791503647177213e+24,3.567840268355516601e+24,3.126913861935335949e+24,2.768321463699302659e+24,2.469894797097919175e+24
2.424242424242424240e-02,9.355886086727778724e+24,7.512279258126040563e+24,6.115626994711364073e+24,5.100834904618429988e+24,4.346765925607148936e+24,3.766705733236387274e+24,3.305855401826730042e+24,2.929679960331019451e+24,2.615790738454718267e+24
2.484848484848484890e-02,8.979191290605984681e+24,6.986619350523770181e+24,5.583491477049273106e+24,4.608049823912540892e+24,3.901993220297949102e+24,3.367557663915024042e+24,2.947383292458513312e+24,2.606869736110756706e+24,2.324204262217274957e+24
2.454545454545454392e-02,9.176569222043070328e+24,7.257120664155447762e+24,5.854248937889721498e+24,4.857068907615042346e+24,4.125791503647177213e+24,3.567840268355516064e+24,3.126913861935336486e+24,2.768321463699302659e+24,2.469894797097917028e+24
2.515151515151515041e-02,8.761909483711298892e+24,6.700247416448128171e+24,5.303499870573219642e+24,4.354075570201936318e+24,3.675656425188759507e+24,3.166096926568818854e+24,2.767457733010812022e+24,2.445482142369815231e+24,2.178847911018044240e+24
2.484848484848484890e-02,8.979191290605997566e+24,6.986619350523772328e+24,5.583491477049269885e+24,4.608049823912545187e+24,3.901993220297951250e+24,3.367557663915024579e+24,2.947383292458513849e+24,2.606869736110759390e+24,2.324204262217275494e+24
2.545454545454545539e-02,8.522691091086927458e+24,6.397528144701801112e+24,5.014487056405569259e+24,4.095483821720314273e+24,3.447086841242401913e+24,2.963707322837066565e+24,2.587336396275318390e+24,2.284318605263431503e+24,2.033955689443982028e+24
2.515151515151515041e-02,8.761909483711296744e+24,6.700247416448132466e+24,5.303499870573218568e+24,4.354075570201937391e+24,3.675656425188756285e+24,3.166096926568817780e+24,2.767457733010812022e+24,2.445482142369815231e+24,2.178847911018045045e+24
2.575757575757575690e-02,8.259293775943315776e+24,6.078052188052152230e+24,4.716740072268633555e+24,3.832652781559879333e+24,3.216609973474111418e+24,2.760647686182434530e+24,2.407223115312077027e+24,2.123541197795220108e+24,1.889658414941196136e+24
2.545454545454545539e-02,8.522691091086933901e+24,6.397528144701803259e+24,5.014487056405571406e+24,4.095483821720316957e+24,3.447086841242402987e+24,2.963707322837066028e+24,2.587336396275321074e+24,2.284318605263432577e+24,2.033955689443983102e+24
2.606060606060606188e-02,7.969243787802350277e+24,5.741496576819501864e+24,4.410626462374932374e+24,3.566001583638939196e+24,2.984570309025454908e+24,2.557185627893068965e+24,2.227325747430273933e+24,1.963313715359446542e+24,1.746087469748629143e+24
2.575757575757575690e-02,8.259293775943312555e+24,6.078052188052150083e+24,4.716740072268630334e+24,3.832652781559877185e+24,3.216609973474111418e+24,2.760647686182431846e+24,2.407223115312076222e+24,2.123541197795220108e+24,1.889658414941195599e+24
2.636363636363636340e-02,7.649811896319005287e+24,5.387646962179366271e+24,4.096600533063498346e+24,3.295990269448234486e+24,2.751330298248533394e+24,2.353596652989048911e+24,2.047855537063447593e+24,1.803801229748231784e+24,1.603374486003564272e+24
2.606060606060606188e-02,7.969243787802354572e+24,5.741496576819500790e+24,4.410626462374933448e+24,3.566001583638939733e+24,2.984570309025454908e+24,2.557185627893068965e+24,2.227325747430275276e+24,1.963313715359446542e+24,1.746087469748630216e+24
2.666666666666666491e-02,7.297986806412381574e+24,5.016423566038703224e+24,3.775209284185072586e+24,3.023119276451036647e+24,2.517269108994799202e+24,2.150163183660391180e+24,1.869026440620625535e+24,1.645169627099691605e+24,1.461651024039130020e+24
2.636363636363636340e-02,7.649811896319009582e+24,5.387646962179367345e+24,4.096600533063498346e+24,3.295990269448232876e+24,2.751330298248533394e+24,2.353596652989049716e+24,2.047855537063448399e+24,1.803801229748230710e+24,1.603374486003565078e+24
2.696969696969696989e-02,6.910445789698460679e+24,4.627911371798836563e+24,3.447097800741381323e+24,2.747928375029741438e+24,2.282781149161013998e+24,1.947173494132594490e+24,1.691054416819574308e+24,1.487585132098420564e+24,1.321048245331443761e+24
2.666666666666666491e-02,7.297986806412377279e+24,5.016423566038702150e+24,3.775209284185070976e+24,3.023119276451032889e+24,2.517269108994798128e+24,2.150163183660390374e+24,1.869026440620624998e+24,1.645169627099689994e+24,1.461651024039128410e+24
2.727272727272727140e-02,6.483522239206346518e+24,4.222395161985728366e+24,3.113013839147733214e+24,2.470994991577563941e+24,2.048274356037327610e+24,1.744920562321286419e+24,1.514156686531456383e+24,1.331213820928601258e+24,1.181696581624992794e+24
2.696969696969696989e-02,6.910445789698461752e+24,4.627911371798837637e+24,3.447097800741380786e+24,2.747928375029741438e+24,2.282781149161013729e+24,1.947173494132594222e+24,1.691054416819574308e+24,1.487585132098420296e+24,1.321048245331442956e+24
2.757575757575757638e-02,6.013169823375937157e+24,3.800400089608571964e+24,2.773811283267974613e+24,2.192931858275079838e+24,1.814168255112453298e+24,1.543700845159245324e+24,1.338550966669804879e+24,1.176221125651431023e+24,1.043725401825224161e+24
2.727272727272727140e-02,6.483522239206342223e+24,4.222395161985724608e+24,3.113013839147730530e+24,2.470994991577561794e+24,2.048274356037325462e+24,1.744920562321285613e+24,1.514156686531454503e+24,1.331213820928601258e+24,1.181696581624991452e+24
2.787878787878787790e-02,5.494922881063454199e+24,3.362738561352044133e+24,2.430452075606944822e+24,1.914383935931612098e+24,1.580891795723407768e+24,1.343812986027726982e+24,1.164454683130008653e+24,1.022771332828764031e+24,9.072626782961833785e+23
2.757575757575757638e-02,6.013169823375936083e+24,3.800400089608573575e+24,2.773811283267975687e+24,2.192931858275079838e+24,1.814168255112452225e+24,1.543700845159246130e+24,1.338550966669804074e+24,1.176221125651431560e+24,1.043725401825224832e+24
2.818181818181818288e-02,4.923852661369081636e+24,2.910564313607784081e+24,2.084006147059883507e+24,1.636024565815716262e+24,1.348880976271254313e+24,1.145556464264866228e+24,9.920841682171591320e+23,8.710270793407646652e+23,7.724346542370335217e+23
2.787878787878787790e-02,5.494922881063455272e+24,3.362738561352044670e+24,2.430452075606944822e+24,1.914383935931612635e+24,1.580891795723406425e+24,1.343812986027727250e+24,1.164454683130008384e+24,1.022771332828763091e+24,9.072626782961828417e+23
2.848484848484848439e-02,4.294518970162721342e+24,2.445434678359588967e+24,1.735648772485437435e+24,1.358550820622696146e+24,1.118576277605696915e+24,9.492301982164705713e+23,8.216538483792628804e+23,7.211488484442339709e+23,6.393655138341620264e+23
2.818181818181818288e-02,4.923852661369082709e+24,2.910564313607788376e+24,2.084006147059884849e+24,1.636024565815718141e+24,1.348880976271253508e+24,1.145556464264866362e+24,9.920841682171591320e+23,8.710270793407649337e+23,7.724346542370335217e+23
2.878787878787878937e-02,3.600916738788784165e+24,1.969382166680744321e+24,1.386654666876478873e+24,1.082678044802675479e+24,8.904199295092705586e+23,7.551311146912107893e+23,6.533754283776735623e+23,5.732944691870211863e+23,5.081770568941060741e+23
2.848484848484848439e-02,4.294518970162718657e+24,2.445434678359589504e+24,1.735648772485435288e+24,1.358550820622695878e+24,1.118576277605695573e+24,9.492301982164697659e+23,8.216538483792623436e+23,7.211488484442338367e+23,6.393655138341616238e+23
2.909090909090909088e-02,2.836416979104756230e+24,1.484996644910288054e+24,1.038388005516691408e+24,8.091336018095506582e+23,6.648530418278802632e+23,5.635526989314815898e+23,4.874570782668822151e+23,4.276186223308423614e+23,3.789883796567236511e+23
2.878787878787878937e-02,3.600916738788784165e+24,1.969382166680744053e+24,1.386654666876477262e+24,1.082678044802675747e+24,8.904199295092704244e+23,7.551311146912106550e+23,6.533754283776740992e+23,5.732944691870215889e+23,5.081770568941059399e+23
2.939393939393939240e-02,1.993701532224457324e+24,9.955195444956877889e+23,6.922873983232776549e+23,5.386498821136060347e+23,4.423126384626620506e+23,3.747835402561815231e+23,3.241026297111382023e+23,2.842723559375255770e+23,2.519155634671948346e+23
2.909090909090909088e-02,2.836416979104755157e+24,1.484996644910287785e+24,1.038388005516691005e+24,8.091336018095511951e+23,6.648530418278799948e+23,5.635526989314814556e+23,4.874570782668826178e+23,4.276186223308423614e+23,3.789883796567235840e+23
2.969696969696969738e-02,1.064690955514251785e+24,5.049517333236413576e+23,3.498446702604083412e+23,2.719566730594085807e+23,2.232286388277320845e+23,1.891058893147194754e+23,1.635107882278628780e+23,1.434026137415184915e+23,1.270713729497745798e+23
2.939393939393939240e-02,1.993701532224455981e+24,9.955195444956872520e+23,6.922873983232773865e+23,5.386498821136058333e+23,4.423126384626617821e+23,3.747835402561811875e+23,3.241026297111380681e+23,2.842723559375255435e+23,2.519155634671944320e+23
2.999999999999999889e-02,4.046482288336826899e+22,1.817688668611586661e+22,1.257609245356861476e+22,9.773052237209663439e+21,8.020837035340111806e+21,6.794243355023844049e+21,5.874367910419075432e+21,5.151779363375340847e+21,4.564965275652313842e+21
2.969696969696969738e-02,1.064690955514251382e+24,5.049517333236414918e+23,3.498446702604080728e+23,2.719566730594086478e+23,2.232286388277318160e+23,1.891058893147192406e+23,1.635107882278629115e+23,1.434026137415185250e+23,1.270713729497744120e+23
