x,t=1.00e+09s,t=2.00e+09s,t=3.00e+09s,t=4.00e+09s,t=5.00e+09s,t=6.00e+09s,t=7.00e+09s,t=8.00e+09s,t=9.00e+09s
3.030303030303030300e-04,5.031363382568318720e+17,1.283807713004544067e+11,1.283807713004544067e+11,1.283807713004544067e+11,1.283807713004544067e+11,1.283807713004544067e+11,1.283807713004544067e+11,1.283807713004544067e+11,1.283807713004544067e+11
0.000000000000000000e+00,5.031519347351731200e+17,1.283864564133086548e+11,1.283864564133086548e+11,1.283864564133086548e+11,1.283864564133086548e+11,1.283864564133086548e+11,1.283864564133086548e+11,1.283864564133086548e+11,1.283864564133086548e+11
6.060606060606060601e-04,5.029714249331808640e+17,1.283206620576035309e+11,1.283206620576035309e+11,1.283206620576035309e+11,1.283206620576035309e+11,1.283206620576035309e+11,1.283206620576035309e+11,1.283206620576035309e+11,1.283206620576035309e+11
3.030303030303030300e-04,5.031363382568313600e+17,1.283807713004542847e+11,1.283807713004542847e+11,1.283807713004542847e+11,1.283807713004542847e+11,1.283807713004542847e+11,1.283807713004542847e+11,1.283807713004542847e+11,1.283807713004542847e+11
9.090909090909090901e-04,5.027120534627781120e+17,1.282261479346926117e+11,1.282261479346926117e+11,1.282261479346926117e+11,1.282261479346926117e+11,1.282261479346926117e+11,1.282261479346926117e+11,1.282261479346926117e+11,1.282261479346926117e+11
6.060606060606060601e-04,5.029714249331803520e+17,1.283206620576034851e+11,1.283206620576034851e+11,1.283206620576034851e+11,1.283206620576034851e+11,1.283206620576034851e+11,1.283206620576034851e+11,1.283206620576034851e+11,1.283206620576034851e+11
1.212121212121212120e-03,5.023515249654582400e+17,1.280948216069293823e+11,1.280948216069293823e+11,1.280948216069293823e+11,1.280948216069293823e+11,1.280948216069293823e+11,1.280948216069293823e+11,1.280948216069293823e+11,1.280948216069293823e+11
9.090909090909090901e-04,5.027120534627776000e+17,1.282261479346925507e+11,1.282261479346925507e+11,1.282261479346925507e+11,1.282261479346925507e+11,1.282261479346925507e+11,1.282261479346925507e+11,1.282261479346925507e+11,1.282261479346925507e+11
1.515151515151515150e-03,5.018888965922055040e+17,1.279263875664877777e+11,1.279263875664877777e+11,1.279263875664877777e+11,1.279263875664877777e+11,1.279263875664877777e+11,1.279263875664877777e+11,1.279263875664877777e+11,1.279263875664877777e+11
1.212121212121212120e-03,5.023515249654580480e+17,1.280948216069293060e+11,1.280948216069293060e+11,1.280948216069293060e+11,1.280948216069293060e+11,1.280948216069293060e+11,1.280948216069293060e+11,1.280948216069293060e+11,1.280948216069293060e+11
1.818181818181818180e-03,5.013238866881891200e+17,1.277208049602140045e+11,1.277208049602140045e+11,1.277208049602140045e+11,1.277208049602140045e+11,1.277208049602140045e+11,1.277208049602140045e+11,1.277208049602140045e+11,1.277208049602140045e+11
1.515151515151515150e-03,5.018888965922048640e+17,1.279263875664878082e+11,1.279263875664878082e+11,1.279263875664878082e+11,1.279263875664878082e+11,1.279263875664878082e+11,1.279263875664878082e+11,1.279263875664878082e+11,1.279263875664878082e+11
2.121212121212120993e-03,5.006563807390383360e+17,1.274781075145447693e+11,1.274781075145447693e+11,1.274781075145447693e+11,1.274781075145447693e+11,1.274781075145447693e+11,1.274781075145447693e+11,1.274781075145447693e+11,1.274781075145447693e+11
1.818181818181818180e-03,5.013238866881889280e+17,1.277208049602140503e+11,1.277208049602140503e+11,1.277208049602140503e+11,1.277208049602140503e+11,1.277208049602140503e+11,1.277208049602140503e+11,1.277208049602140503e+11,1.277208049602140503e+11
2.424242424242424240e-03,4.998863231716037120e+17,1.271983642883740387e+11,1.271983642883740387e+11,1.271983642883740387e+11,1.271983642883740387e+11,1.271983642883740387e+11,1.271983642883740387e+11,1.271983642883740387e+11,1.271983642883740387e+11
2.121212121212120993e-03,5.006563807390380800e+17,1.274781075145447235e+11,1.274781075145447235e+11,1.274781075145447235e+11,1.274781075145447235e+11,1.274781075145447235e+11,1.274781075145447235e+11,1.274781075145447235e+11,1.274781075145447235e+11
2.727272727272727487e-03,4.990136838837614720e+17,1.268816674271448822e+11,1.268816674271448822e+11,1.268816674271448822e+11,1.268816674271448822e+11,1.268816674271448822e+11,1.268816674271448822e+11,1.268816674271448822e+11,1.268816674271448822e+11
2.424242424242424240e-03,4.998863231716038400e+17,1.271983642883739471e+11,1.271983642883739471e+11,1.271983642883739471e+11,1.271983642883739471e+11,1.271983642883739471e+11,1.271983642883739471e+11,1.271983642883739471e+11,1.271983642883739471e+11
3.030303030303030300e-03,4.980384451931459840e+17,1.265281271440341034e+11,1.265281271440341034e+11,1.265281271440341034e+11,1.265281271440341034e+11,1.265281271440341034e+11,1.265281271440341034e+11,1.265281271440341034e+11,1.265281271440341034e+11
2.727272727272727487e-03,4.990136838837617920e+17,1.268816674271447906e+11,1.268816674271447906e+11,1.268816674271447906e+11,1.268816674271447906e+11,1.268816674271447906e+11,1.268816674271447906e+11,1.268816674271447906e+11,1.268816674271447906e+11
3.333333333333333114e-03,4.969605957325216000e+17,1.261378699131792755e+11,1.261378699131792755e+11,1.261378699131792755e+11,1.261378699131792755e+11,1.261378699131792755e+11,1.261378699131792755e+11,1.261378699131792755e+11,1.261378699131792755e+11
3.030303030303030300e-03,4.980384451931463040e+17,1.265281271440340576e+11,1.265281271440340576e+11,1.265281271440340576e+11,1.265281271440340576e+11,1.265281271440340576e+11,1.265281271440340576e+11,1.265281271440340576e+11,1.265281271440340576e+11
3.636363636363636360e-03,4.957801277132280320e+17,1.257110373655390320e+11,1.257110373655390320e+11,1.257110373655390320e+11,1.257110373655390320e+11,1.257110373655390320e+11,1.257110373655390320e+11,1.257110373655390320e+11,1.257110373655390320e+11
3.333333333333333114e-03,4.969605957325215360e+17,1.261378699131791534e+11,1.261378699131791534e+11,1.261378699131791534e+11,1.261378699131791534e+11,1.261378699131791534e+11,1.261378699131791534e+11,1.261378699131791534e+11,1.261378699131791534e+11
3.939393939393939607e-03,4.944970362936636800e+17,1.252477852851302338e+11,1.252477852851302338e+11,1.252477852851302338e+11,1.252477852851302338e+11,1.252477852851302338e+11,1.252477852851302338e+11,1.252477852851302338e+11,1.252477852851302338e+11
3.636363636363636360e-03,4.957801277132272640e+17,1.257110373655388794e+11,1.257110373655388794e+11,1.257110373655388794e+11,1.257110373655388794e+11,1.257110373655388794e+11,1.257110373655388794e+11,1.257110373655388794e+11,1.257110373655388794e+11
4.242424242424241987e-03,4.931113178952548480e+17,1.247482845124146576e+11,1.247482845124146576e+11,1.247482845124146576e+11,1.247482845124146576e+11,1.247482845124146576e+11,1.247482845124146576e+11,1.247482845124146576e+11,1.247482845124146576e+11
3.939393939393939607e-03,4.944970362936630400e+17,1.252477852851301880e+11,1.252477852851301880e+11,1.252477852851301880e+11,1.252477852851301880e+11,1.252477852851301880e+11,1.252477852851301880e+11,1.252477852851301880e+11,1.252477852851301880e+11
4.545454545454545234e-03,4.916229695709413120e+17,1.242127191375260925e+11,1.242127191375260925e+11,1.242127191375260925e+11,1.242127191375260925e+11,1.242127191375260925e+11,1.242127191375260925e+11,1.242127191375260925e+11,1.242127191375260925e+11
4.242424242424241987e-03,4.931113178952548480e+17,1.247482845124147034e+11,1.247482845124147034e+11,1.247482845124147034e+11,1.247482845124147034e+11,1.247482845124147034e+11,1.247482845124147034e+11,1.247482845124147034e+11,1.247482845124147034e+11
4.848484848484848481e-03,4.900319892156789760e+17,1.236412879055372009e+11,1.236412879055372009e+11,1.236412879055372009e+11,1.236412879055372009e+11,1.236412879055372009e+11,1.236412879055372009e+11,1.236412879055372009e+11,1.236412879055372009e+11
4.545454545454545234e-03,4.916229695709409280e+17,1.242127191375260468e+11,1.242127191375260468e+11,1.242127191375260468e+11,1.242127191375260468e+11,1.242127191375260468e+11,1.242127191375260468e+11,1.242127191375260468e+11,1.242127191375260468e+11
5.151515151515151728e-03,4.883383755664416000e+17,1.230342031123218231e+11,1.230342031123218231e+11,1.230342031123218231e+11,1.230342031123218231e+11,1.230342031123218231e+11,1.230342031123218231e+11,1.230342031123218231e+11,1.230342031123218231e+11
4.848484848484848481e-03,4.900319892156782720e+17,1.236412879055371399e+11,1.236412879055371399e+11,1.236412879055371399e+11,1.236412879055371399e+11,1.236412879055371399e+11,1.236412879055371399e+11,1.236412879055371399e+11,1.236412879055371399e+11
5.454545454545454974e-03,4.865421269391942400e+17,1.223916910060589752e+11,1.223916910060589752e+11,1.223916910060589752e+11,1.223916910060589752e+11,1.223916910060589752e+11,1.223916910060589752e+11,1.223916910060589752e+11,1.223916910060589752e+11
5.151515151515151728e-03,4.883383755664410240e+17,1.230342031123217010e+11,1.230342031123217010e+11,1.230342031123217010e+11,1.230342031123217010e+11,1.230342031123217010e+11,1.230342031123217010e+11,1.230342031123217010e+11,1.230342031123217010e+11
5.757575757575757354e-03,4.846432429129280640e+17,1.217139915864808960e+11,1.217139915864808960e+11,1.217139915864808960e+11,1.217139915864808960e+11,1.217139915864808960e+11,1.217139915864808960e+11,1.217139915864808960e+11,1.217139915864808960e+11
5.454545454545454974e-03,4.865421269391936000e+17,1.223916910060588989e+11,1.223916910060588989e+11,1.223916910060588989e+11,1.223916910060588989e+11,1.223916910060588989e+11,1.223916910060588989e+11,1.223916910060588989e+11,1.223916910060588989e+11
6.060606060606060601e-03,4.826417222246181760e+17,1.210013589060021362e+11,1.210013589060021362e+11,1.210013589060021362e+11,1.210013589060021362e+11,1.210013589060021362e+11,1.210013589060021362e+11,1.210013589060021362e+11,1.210013589060021362e+11
5.757575757575757354e-03,4.846432429129276800e+17,1.217139915864808960e+11,1.217139915864808960e+11,1.217139915864808960e+11,1.217139915864808960e+11,1.217139915864808960e+11,1.217139915864808960e+11,1.217139915864808960e+11,1.217139915864808960e+11
6.363636363636363848e-03,4.805375644532542720e+17,1.202540606682131348e+11,1.202540606682131348e+11,1.202540606682131348e+11,1.202540606682131348e+11,1.202540606682131348e+11,1.202540606682131348e+11,1.202540606682131348e+11,1.202540606682131348e+11
6.060606060606060601e-03,4.826417222246172800e+17,1.210013589060019836e+11,1.210013589060019836e+11,1.210013589060019836e+11,1.210013589060019836e+11,1.210013589060019836e+11,1.210013589060019836e+11,1.210013589060019836e+11,1.210013589060019836e+11
6.666666666666666227e-03,4.783307687568189440e+17,1.194723782278816986e+11,1.194723782278816986e+11,1.194723782278816986e+11,1.194723782278816986e+11,1.194723782278816986e+11,1.194723782278816986e+11,1.194723782278816986e+11,1.194723782278816986e+11
6.363636363636363848e-03,4.805375644532536320e+17,1.202540606682131042e+11,1.202540606682131042e+11,1.202540606682131042e+11,1.202540606682131042e+11,1.202540606682131042e+11,1.202540606682131042e+11,1.202540606682131042e+11,1.202540606682131042e+11
6.969696969696969474e-03,4.760213345038009600e+17,1.186566066913288116e+11,1.186566066913288116e+11,1.186566066913288116e+11,1.186566066913288116e+11,1.186566066913288116e+11,1.186566066913288116e+11,1.186566066913288116e+11,1.186566066913288116e+11
6.666666666666666227e-03,4.783307687568190080e+17,1.194723782278816833e+11,1.194723782278816833e+11,1.194723782278816833e+11,1.194723782278816833e+11,1.194723782278816833e+11,1.194723782278816833e+11,1.194723782278816833e+11,1.194723782278816833e+11
7.272727272727272721e-03,4.736092616941984640e+17,1.178070552175567474e+11,1.178070552175567474e+11,1.178070552175567474e+11,1.178070552175567474e+11,1.178070552175567474e+11,1.178070552175567474e+11,1.178070552175567474e+11,1.178070552175567474e+11
6.969696969696969474e-03,4.760213345038005120e+17,1.186566066913287201e+11,1.186566066913287201e+11,1.186566066913287201e+11,1.186566066913287201e+11,1.186566066913287201e+11,1.186566066913287201e+11,1.186566066913287201e+11,1.186566066913287201e+11
7.575757575757575968e-03,4.710945490649859840e+17,1.169240462152398376e+11,1.169240462152398376e+11,1.169240462152398376e+11,1.169240462152398376e+11,1.169240462152398376e+11,1.169240462152398376e+11,1.169240462152398376e+11,1.169240462152398376e+11
7.272727272727272721e-03,4.736092616941982720e+17,1.178070552175566254e+11,1.178070552175566254e+11,1.178070552175566254e+11,1.178070552175566254e+11,1.178070552175566254e+11,1.178070552175566254e+11,1.178070552175566254e+11,1.178070552175566254e+11
7.878787878787879215e-03,4.684771976686853120e+17,1.160079165472394562e+11,1.160079165472394562e+11,1.160079165472394562e+11,1.160079165472394562e+11,1.160079165472394562e+11,1.160079165472394562e+11,1.160079165472394562e+11,1.160079165472394562e+11
7.575757575757575968e-03,4.710945490649856000e+17,1.169240462152397003e+11,1.169240462152397003e+11,1.169240462152397003e+11,1.169240462152397003e+11,1.169240462152397003e+11,1.169240462152397003e+11,1.169240462152397003e+11,1.169240462152397003e+11
8.181818181818182462e-03,4.657572066632792320e+17,1.150590165268408966e+11,1.150590165268408966e+11,1.150590165268408966e+11,1.150590165268408966e+11,1.150590165268408966e+11,1.150590165268408966e+11,1.150590165268408966e+11,1.150590165268408966e+11
7.878787878787879215e-03,4.684771976686850560e+17,1.160079165472392273e+11,1.160079165472392273e+11,1.160079165472392273e+11,1.160079165472392273e+11,1.160079165472392273e+11,1.160079165472392273e+11,1.160079165472392273e+11,1.160079165472392273e+11
8.484848484848483974e-03,4.629345754172540160e+17,1.140777099177537994e+11,1.140777099177537994e+11,1.140777099177537994e+11,1.140777099177537994e+11,1.140777099177537994e+11,1.140777099177537994e+11,1.140777099177537994e+11,1.140777099177537994e+11
8.181818181818182462e-03,4.657572066632790400e+17,1.150590165268408051e+11,1.150590165268408051e+11,1.150590165268408051e+11,1.150590165268408051e+11,1.150590165268408051e+11,1.150590165268408051e+11,1.150590165268408051e+11,1.150590165268408051e+11
8.787878787878787221e-03,4.600093039306104960e+17,1.130643745363698120e+11,1.130643745363698120e+11,1.130643745363698120e+11,1.130643745363698120e+11,1.130643745363698120e+11,1.130643745363698120e+11,1.130643745363698120e+11,1.130643745363698120e+11
8.484848484848483974e-03,4.629345754172538240e+17,1.140777099177537079e+11,1.140777099177537079e+11,1.140777099177537079e+11,1.140777099177537079e+11,1.140777099177537079e+11,1.140777099177537079e+11,1.140777099177537079e+11,1.140777099177537079e+11
9.090909090909090468e-03,4.569813922033479040e+17,1.120194019506334229e+11,1.120194019506334229e+11,1.120194019506334229e+11,1.120194019506334229e+11,1.120194019506334229e+11,1.120194019506334229e+11,1.120194019506334229e+11,1.120194019506334229e+11
8.787878787878787221e-03,4.600093039306099840e+17,1.130643745363696594e+11,1.130643745363696594e+11,1.130643745363696594e+11,1.130643745363696594e+11,1.130643745363696594e+11,1.130643745363696594e+11,1.130643745363696594e+11,1.130643745363696594e+11
9.393939393939393714e-03,4.538508400249623680e+17,1.109431973796660461e+11,1.109431973796660461e+11,1.109431973796660461e+11,1.109431973796660461e+11,1.109431973796660461e+11,1.109431973796660461e+11,1.109431973796660461e+11,1.109431973796660461e+11
9.090909090909090468e-03,4.569813922033475840e+17,1.120194019506332245e+11,1.120194019506332245e+11,1.120194019506332245e+11,1.120194019506332245e+11,1.120194019506332245e+11,1.120194019506332245e+11,1.120194019506332245e+11,1.120194019506332245e+11
9.696969696969696961e-03,4.506176471849493760e+17,1.098361798443299561e+11,1.098361798443299561e+11,1.098361798443299561e+11,1.098361798443299561e+11,1.098361798443299561e+11,1.098361798443299561e+11,1.098361798443299561e+11,1.098361798443299561e+11
9.393939393939393714e-03,4.538508400249617920e+17,1.109431973796658020e+11,1.109431973796658020e+11,1.109431973796658020e+11,1.109431973796658020e+11,1.109431973796658020e+11,1.109431973796658020e+11,1.109431973796658020e+11,1.109431973796658020e+11
1.000000000000000021e-02,4.472818134728045440e+17,1.086987820166646271e+11,1.086987820166646271e+11,1.086987820166646271e+11,1.086987820166646271e+11,1.086987820166646271e+11,1.086987820166646271e+11,1.086987820166646271e+11,1.086987820166646271e+11
9.696969696969696961e-03,4.506176471849487360e+17,1.098361798443298035e+11,1.098361798443298035e+11,1.098361798443298035e+11,1.098361798443298035e+11,1.098361798443298035e+11,1.098361798443298035e+11,1.098361798443298035e+11,1.098361798443298035e+11
1.030303030303030346e-02,4.438433384675191040e+17,1.075314504206384735e+11,1.075314504206384735e+11,1.075314504206384735e+11,1.075314504206384735e+11,1.075314504206384735e+11,1.075314504206384735e+11,1.075314504206384735e+11,1.075314504206384735e+11
1.000000000000000021e-02,4.472818134728040320e+17,1.086987820166644745e+11,1.086987820166644745e+11,1.086987820166644745e+11,1.086987820166644745e+11,1.086987820166644745e+11,1.086987820166644745e+11,1.086987820166644745e+11,1.086987820166644745e+11
1.060606060606060670e-02,4.403022221690930560e+17,1.063346452313970642e+11,1.063346452313970642e+11,1.063346452313970642e+11,1.063346452313970642e+11,1.063346452313970642e+11,1.063346452313970642e+11,1.063346452313970642e+11,1.063346452313970642e+11
1.030303030303030346e-02,4.438433384675185920e+17,1.075314504206383972e+11,1.075314504206383972e+11,1.075314504206383972e+11,1.075314504206383972e+11,1.075314504206383972e+11,1.075314504206383972e+11,1.075314504206383972e+11,1.075314504206383972e+11
1.090909090909090995e-02,4.366584643670224000e+17,1.051088405262029266e+11,1.051088405262029266e+11,1.051088405262029266e+11,1.051088405262029266e+11,1.051088405262029266e+11,1.051088405262029266e+11,1.051088405262029266e+11,1.051088405262029266e+11
1.060606060606060670e-02,4.403022221690927360e+17,1.063346452313969269e+11,1.063346452313969269e+11,1.063346452313969269e+11,1.063346452313969269e+11,1.063346452313969269e+11,1.063346452313969269e+11,1.063346452313969269e+11,1.063346452313969269e+11
1.121212121212121146e-02,4.329120646402978560e+17,1.038545236821787415e+11,1.038545236821787415e+11,1.038545236821787415e+11,1.038545236821787415e+11,1.038545236821787415e+11,1.038545236821787415e+11,1.038545236821787415e+11,1.038545236821787415e+11
1.090909090909090995e-02,4.366584643670221440e+17,1.051088405262028198e+11,1.051088405262028198e+11,1.051088405262028198e+11,1.051088405262028198e+11,1.051088405262028198e+11,1.051088405262028198e+11,1.051088405262028198e+11,1.051088405262028198e+11
1.151515151515151471e-02,4.290630227784157440e+17,1.025721962295051575e+11,1.025721962295051575e+11,1.025721962295051575e+11,1.025721962295051575e+11,1.025721962295051575e+11,1.025721962295051575e+11,1.025721962295051575e+11,1.025721962295051575e+11
1.121212121212121146e-02,4.329120646402976000e+17,1.038545236821786041e+11,1.038545236821786041e+11,1.038545236821786041e+11,1.038545236821786041e+11,1.038545236821786041e+11,1.038545236821786041e+11,1.038545236821786041e+11,1.038545236821786041e+11
1.181818181818181795e-02,4.251113383603668480e+17,1.012623733495397186e+11,1.012623733495397186e+11,1.012623733495397186e+11,1.012623733495397186e+11,1.012623733495397186e+11,1.012623733495397186e+11,1.012623733495397186e+11,1.012623733495397186e+11
1.151515151515151471e-02,4.290630227784152960e+17,1.025721962295050049e+11,1.025721962295050049e+11,1.025721962295050049e+11,1.025721962295050049e+11,1.025721962295050049e+11,1.025721962295050049e+11,1.025721962295050049e+11,1.025721962295050049e+11
1.212121212121212120e-02,4.210570122281685760e+17,9.992558412575730896e+10,9.992558412575730896e+10,9.992558412575730896e+10,9.992558412575730896e+10,9.992558412575730896e+10,9.992558412575730896e+10,9.992558412575730896e+10,9.992558412575730896e+10
1.181818181818181795e-02,4.251113383603662720e+17,1.012623733495395660e+11,1.012623733495395660e+11,1.012623733495395660e+11,1.012623733495395660e+11,1.012623733495395660e+11,1.012623733495395660e+11,1.012623733495395660e+11,1.012623733495395660e+11
1.242424242424242445e-02,4.169000429082907520e+17,9.856237094149264526e+10,9.856237094149264526e+10,9.856237094149264526e+10,9.856237094149264526e+10,9.856237094149264526e+10,9.856237094149264526e+10,9.856237094149264526e+10,9.856237094149264526e+10
1.212121212121212120e-02,4.210570122281678720e+17,9.992558412575718689e+10,9.992558412575718689e+10,9.992558412575718689e+10,9.992558412575718689e+10,9.992558412575718689e+10,9.992558412575718689e+10,9.992558412575718689e+10,9.992558412575718689e+10
1.272727272727272770e-02,4.126404306112371200e+17,9.717329023276239014e+10,9.717329023276239014e+10,9.717329023276239014e+10,9.717329023276239014e+10,9.717329023276239014e+10,9.717329023276239014e+10,9.717329023276239014e+10,9.717329023276239014e+10
1.242424242424242445e-02,4.169000429082901760e+17,9.856237094149258423e+10,9.856237094149258423e+10,9.856237094149258423e+10,9.856237094149258423e+10,9.856237094149258423e+10,9.856237094149258423e+10,9.856237094149258423e+10,9.856237094149258423e+10
1.303030303030303094e-02,4.082781753370082560e+17,9.575891223732420349e+10,9.575891223732420349e+10,9.575891223732420349e+10,9.575891223732420349e+10,9.575891223732420349e+10,9.575891223732420349e+10,9.575891223732420349e+10,9.575891223732420349e+10
1.272727272727272770e-02,4.126404306112369280e+17,9.717329023276225281e+10,9.717329023276225281e+10,9.717329023276225281e+10,9.717329023276225281e+10,9.717329023276225281e+10,9.717329023276225281e+10,9.717329023276225281e+10,9.717329023276225281e+10
1.333333333333333245e-02,4.038132770856041600e+17,9.431982069354826355e+10,9.431982069354826355e+10,9.431982069354826355e+10,9.431982069354826355e+10,9.431982069354826355e+10,9.431982069354826355e+10,9.431982069354826355e+10,9.431982069354826355e+10
1.303030303030303094e-02,4.082781753370081280e+17,9.575891223732412720e+10,9.575891223732412720e+10,9.575891223732412720e+10,9.575891223732412720e+10,9.575891223732412720e+10,9.575891223732412720e+10,9.575891223732412720e+10,9.575891223732412720e+10
1.363636363636363570e-02,3.992457356465204480e+17,9.285661339248654175e+10,9.285661339248654175e+10,9.285661339248654175e+10,9.285661339248654175e+10,9.285661339248654175e+10,9.285661339248654175e+10,9.285661339248654175e+10,9.285661339248654175e+10
1.333333333333333245e-02,4.038132770856040320e+17,9.431982069354814148e+10,9.431982069354814148e+10,9.431982069354814148e+10,9.431982069354814148e+10,9.431982069354814148e+10,9.431982069354814148e+10,9.431982069354814148e+10,9.431982069354814148e+10
1.393939393939393895e-02,3.945755508092527360e+17,9.136990172617961121e+10,9.136990172617961121e+10,9.136990172617961121e+10,9.136990172617961121e+10,9.136990172617961121e+10,9.136990172617961121e+10,9.136990172617961121e+10,9.136990172617961121e+10
1.363636363636363570e-02,3.992457356465201280e+17,9.285661339248645020e+10,9.285661339248645020e+10,9.285661339248645020e+10,9.285661339248645020e+10,9.285661339248645020e+10,9.285661339248645020e+10,9.285661339248645020e+10,9.285661339248645020e+10
1.424242424242424220e-02,3.898027225738007680e+17,8.986031068765669250e+10,8.986031068765669250e+10,8.986031068765669250e+10,8.986031068765669250e+10,8.986031068765669250e+10,8.986031068765669250e+10,8.986031068765669250e+10,8.986031068765669250e+10
1.393939393939393895e-02,3.945755508092522240e+17,9.136990172617955017e+10,9.136990172617955017e+10,9.136990172617955017e+10,9.136990172617955017e+10,9.136990172617955017e+10,9.136990172617955017e+10,9.136990172617955017e+10,9.136990172617955017e+10
1.454545454545454544e-02,3.849272507296603520e+17,8.832847917206449890e+10,8.832847917206449890e+10,8.832847917206449890e+10,8.832847917206449890e+10,8.832847917206449890e+10,8.832847917206449890e+10,8.832847917206449890e+10,8.832847917206449890e+10
1.424242424242424220e-02,3.898027225738001920e+17,8.986031068765667725e+10,8.986031068765667725e+10,8.986031068765667725e+10,8.986031068765667725e+10,8.986031068765667725e+10,8.986031068765667725e+10,8.986031068765667725e+10,8.986031068765667725e+10
1.484848484848484869e-02,3.799491346453178880e+17,8.677505957516206360e+10,8.677505957516206360e+10,8.677505957516206360e+10,8.677505957516206360e+10,8.677505957516206360e+10,8.677505957516206360e+10,8.677505957516206360e+10,8.677505957516206360e+10
1.454545454545454544e-02,3.849272507296599040e+17,8.832847917206443787e+10,8.832847917206443787e+10,8.832847917206443787e+10,8.832847917206443787e+10,8.832847917206443787e+10,8.832847917206443787e+10,8.832847917206443787e+10,8.832847917206443787e+10
1.515151515151515194e-02,3.748683741102699520e+17,8.520071834539016724e+10,8.520071834539016724e+10,8.520071834539016724e+10,8.520071834539016724e+10,8.520071834539016724e+10,8.520071834539016724e+10,8.520071834539016724e+10,8.520071834539016724e+10
1.484848484848484869e-02,3.799491346453178240e+17,8.677505957516197205e+10,8.677505957516197205e+10,8.677505957516197205e+10,8.677505957516197205e+10,8.677505957516197205e+10,8.677505957516197205e+10,8.677505957516197205e+10,8.677505957516197205e+10
1.545454545454545518e-02,3.696849693350208640e+17,8.360613543180203247e+10,8.360613543180203247e+10,8.360613543180203247e+10,8.360613543180203247e+10,8.360613543180203247e+10,8.360613543180203247e+10,8.360613543180203247e+10,8.360613543180203247e+10
1.515151515151515194e-02,3.748683741102698880e+17,8.520071834539007568e+10,8.520071834539007568e+10,8.520071834539007568e+10,8.520071834539007568e+10,8.520071834539007568e+10,8.520071834539007568e+10,8.520071834539007568e+10,8.520071834539007568e+10
1.575757575757575843e-02,3.643989198985610240e+17,8.199200473575654602e+10,8.199200473575654602e+10,8.199200473575654602e+10,8.199200473575654602e+10,8.199200473575654602e+10,8.199200473575654602e+10,8.199200473575654602e+10,8.199200473575654602e+10
1.545454545454545518e-02,3.696849693350204160e+17,8.360613543180200195e+10,8.360613543180200195e+10,8.360613543180200195e+10,8.360613543180200195e+10,8.360613543180200195e+10,8.360613543180200195e+10,8.360613543180200195e+10,8.360613543180200195e+10
1.606060606060605994e-02,3.590102255903870720e+17,8.035903370941305542e+10,8.035903370941305542e+10,8.035903370941305542e+10,8.035903370941305542e+10,8.035903370941305542e+10,8.035903370941305542e+10,8.035903370941305542e+10,8.035903370941305542e+10
1.575757575757575843e-02,3.643989198985607680e+17,8.199200473575657654e+10,8.199200473575657654e+10,8.199200473575657654e+10,8.199200473575657654e+10,8.199200473575657654e+10,8.199200473575657654e+10,8.199200473575657654e+10,8.199200473575657654e+10
1.636363636363636492e-02,3.535188857789844480e+17,7.870794345610746765e+10,7.870794345610746765e+10,7.870794345610746765e+10,7.870794345610746765e+10,7.870794345610746765e+10,7.870794345610746765e+10,7.870794345610746765e+10,7.870794345610746765e+10
1.606060606060605994e-02,3.590102255903865600e+17,8.035903370941299438e+10,8.035903370941299438e+10,8.035903370941299438e+10,8.035903370941299438e+10,8.035903370941299438e+10,8.035903370941299438e+10,8.035903370941299438e+10,8.035903370941299438e+10
1.666666666666666644e-02,3.479249004643554560e+17,7.703946913185775757e+10,7.703946913185775757e+10,7.703946913185775757e+10,7.703946913185775757e+10,7.703946913185775757e+10,7.703946913185775757e+10,7.703946913185775757e+10,7.703946913185775757e+10
1.636363636363636492e-02,3.535188857789847040e+17,7.870794345610746765e+10,7.870794345610746765e+10,7.870794345610746765e+10,7.870794345610746765e+10,7.870794345610746765e+10,7.870794345610746765e+10,7.870794345610746765e+10,7.870794345610746765e+10
1.696969696969696795e-02,3.422282694359936000e+17,7.535435939329428101e+10,7.535435939329428101e+10,7.535435939329428101e+10,7.535435939329428101e+10,7.535435939329428101e+10,7.535435939329428101e+10,7.535435939329428101e+10,7.535435939329428101e+10
1.666666666666666644e-02,3.479249004643552000e+17,7.703946913185780334e+10,7.703946913185780334e+10,7.703946913185780334e+10,7.703946913185780334e+10,7.703946913185780334e+10,7.703946913185780334e+10,7.703946913185780334e+10,7.703946913185780334e+10
1.727272727272727293e-02,3.364289924833957120e+17,7.365337684935282898e+10,7.365337684935282898e+10,7.365337684935282898e+10,7.365337684935282898e+10,7.365337684935282898e+10,7.365337684935282898e+10,7.365337684935282898e+10,7.365337684935282898e+10
1.696969696969696795e-02,3.422282694359933440e+17,7.535435939329418945e+10,7.535435939329418945e+10,7.535435939329418945e+10,7.535435939329418945e+10,7.535435939329418945e+10,7.535435939329418945e+10,7.535435939329418945e+10,7.535435939329418945e+10
1.757575757575757444e-02,3.305270696065613440e+17,7.193729755939344788e+10,7.193729755939344788e+10,7.193729755939344788e+10,7.193729755939344788e+10,7.193729755939344788e+10,7.193729755939344788e+10,7.193729755939344788e+10,7.193729755939344788e+10
1.727272727272727293e-02,3.364289924833955200e+17,7.365337684935275269e+10,7.365337684935275269e+10,7.365337684935275269e+10,7.365337684935275269e+10,7.365337684935275269e+10,7.365337684935275269e+10,7.365337684935275269e+10,7.365337684935275269e+10
1.787878787878787942e-02,3.245225003844816640e+17,7.020691158526991272e+10,7.020691158526991272e+10,7.020691158526991272e+10,7.020691158526991272e+10,7.020691158526991272e+10,7.020691158526991272e+10,7.020691158526991272e+10,7.020691158526991272e+10
1.757575757575757444e-02,3.305270696065609600e+17,7.193729755939334106e+10,7.193729755939334106e+10,7.193729755939334106e+10,7.193729755939334106e+10,7.193729755939334106e+10,7.193729755939334106e+10,7.193729755939334106e+10,7.193729755939334106e+10
1.818181818181818094e-02,3.184152848171571840e+17,6.846302264001288605e+10,6.846302264001288605e+10,6.846302264001288605e+10,6.846302264001288605e+10,6.846302264001288605e+10,6.846302264001288605e+10,6.846302264001288605e+10,6.846302264001288605e+10
1.787878787878787942e-02,3.245225003844817280e+17,7.020691158526986694e+10,7.020691158526986694e+10,7.020691158526986694e+10,7.020691158526986694e+10,7.020691158526986694e+10,7.020691158526986694e+10,7.020691158526986694e+10,7.020691158526986694e+10
1.848484848484848592e-02,3.122054224835786880e+17,6.670644818820581818e+10,6.670644818820581818e+10,6.670644818820581818e+10,6.670644818820581818e+10,6.670644818820581818e+10,6.670644818820581818e+10,6.670644818820581818e+10,6.670644818820581818e+10
1.818181818181818094e-02,3.184152848171569920e+17,6.846302264001280975e+10,6.846302264001280975e+10,6.846302264001280975e+10,6.846302264001280975e+10,6.846302264001280975e+10,6.846302264001280975e+10,6.846302264001280975e+10,6.846302264001280975e+10
1.878787878787878743e-02,3.058929129627377920e+17,6.493801934560930634e+10,6.493801934560930634e+10,6.493801934560930634e+10,6.493801934560930634e+10,6.493801934560930634e+10,6.493801934560930634e+10,6.493801934560930634e+10,6.493801934560930634e+10
1.848484848484848592e-02,3.122054224835786880e+17,6.670644818820584106e+10,6.670644818820584106e+10,6.670644818820584106e+10,6.670644818820584106e+10,6.670644818820584106e+10,6.670644818820584106e+10,6.670644818820584106e+10,6.670644818820584106e+10
1.909090909090909241e-02,2.994777560441298560e+17,6.315858097953643799e+10,6.315858097953643799e+10,6.315858097953643799e+10,6.315858097953643799e+10,6.315858097953643799e+10,6.315858097953643799e+10,6.315858097953643799e+10,6.315858097953643799e+10
1.878787878787878743e-02,3.058929129627376000e+17,6.493801934560917664e+10,6.493801934560917664e+10,6.493801934560917664e+10,6.493801934560917664e+10,6.493801934560917664e+10,6.493801934560917664e+10,6.493801934560917664e+10,6.493801934560917664e+10
1.939393939393939392e-02,2.929599515172510080e+17,6.136899180923007965e+10,6.136899180923007965e+10,6.136899180923007965e+10,6.136899180923007965e+10,6.136899180923007965e+10,6.136899180923007965e+10,6.136899180923007965e+10,6.136899180923007965e+10
1.909090909090909241e-02,2.994777560441299200e+17,6.315858097953642273e+10,6.315858097953642273e+10,6.315858097953642273e+10,6.315858097953642273e+10,6.315858097953642273e+10,6.315858097953642273e+10,6.315858097953642273e+10,6.315858097953642273e+10
1.969696969696969543e-02,2.863394989610920320e+17,5.957012410473339081e+10,5.957012410473339081e+10,5.957012410473339081e+10,5.957012410473339081e+10,5.957012410473339081e+10,5.957012410473339081e+10,5.957012410473339081e+10,5.957012410473339081e+10
1.939393939393939392e-02,2.929599515172508160e+17,6.136899180923004913e+10,6.136899180923004913e+10,6.136899180923004913e+10,6.136899180923004913e+10,6.136899180923004913e+10,6.136899180923004913e+10,6.136899180923004913e+10,6.136899180923004913e+10
2.000000000000000042e-02,2.796163987966616640e+17,5.776286413858318329e+10,5.776286413858318329e+10,5.776286413858318329e+10,5.776286413858318329e+10,5.776286413858318329e+10,5.776286413858318329e+10,5.776286413858318329e+10,5.776286413858318329e+10
1.969696969696969543e-02,2.863394989610917120e+17,5.957012410473332214e+10,5.957012410473332214e+10,5.957012410473332214e+10,5.957012410473332214e+10,5.957012410473332214e+10,5.957012410473332214e+10,5.957012410473332214e+10,5.957012410473332214e+10
2.030303030303030193e-02,2.727906501819427200e+17,5.594811183449333191e+10,5.594811183449333191e+10,5.594811183449333191e+10,5.594811183449333191e+10,5.594811183449333191e+10,5.594811183449333191e+10,5.594811183449333191e+10,5.594811183449333191e+10
2.000000000000000042e-02,2.796163987966618240e+17,5.776286413858324432e+10,5.776286413858324432e+10,5.776286413858324432e+10,5.776286413858324432e+10,5.776286413858324432e+10,5.776286413858324432e+10,5.776286413858324432e+10,5.776286413858324432e+10
2.060606060606060691e-02,2.658622524854220480e+17,5.412678066697785950e+10,5.412678066697785950e+10,5.412678066697785950e+10,5.412678066697785950e+10,5.412678066697785950e+10,5.412678066697785950e+10,5.412678066697785950e+10,5.412678066697785950e+10
2.030303030303030193e-02,2.727906501819424960e+17,5.594811183449329376e+10,5.594811183449329376e+10,5.594811183449329376e+10,5.594811183449329376e+10,5.594811183449329376e+10,5.594811183449329376e+10,5.594811183449329376e+10,5.594811183449329376e+10
2.090909090909090842e-02,2.588312057070998400e+17,5.229979791229209137e+10,5.229979791229209137e+10,5.229979791229209137e+10,5.229979791229209137e+10,5.229979791229209137e+10,5.229979791229209137e+10,5.229979791229209137e+10,5.229979791229209137e+10
2.060606060606060691e-02,2.658622524854221440e+17,5.412678066697785187e+10,5.412678066697785187e+10,5.412678066697785187e+10,5.412678066697785187e+10,5.412678066697785187e+10,5.412678066697785187e+10,5.412678066697785187e+10,5.412678066697785187e+10
2.121212121212121340e-02,2.516975100574797760e+17,5.046810489937326050e+10,5.046810489937326050e+10,5.046810489937326050e+10,5.046810489937326050e+10,5.046810489937326050e+10,5.046810489937326050e+10,5.046810489937326050e+10,5.046810489937326050e+10
2.090909090909090842e-02,2.588312057070994880e+17,5.229979791229204559e+10,5.229979791229204559e+10,5.229979791229204559e+10,5.229979791229204559e+10,5.229979791229204559e+10,5.229979791229204559e+10,5.229979791229204559e+10,5.229979791229204559e+10
2.151515151515151492e-02,2.444611651155539520e+17,4.863265640758280945e+10,4.863265640758280945e+10,4.863265640758280945e+10,4.863265640758280945e+10,4.863265640758280945e+10,4.863265640758280945e+10,4.863265640758280945e+10,4.863265640758280945e+10
2.121212121212121340e-02,2.516975100574798080e+17,5.046810489937326050e+10,5.046810489937326050e+10,5.046810489937326050e+10,5.046810489937326050e+10,5.046810489937326050e+10,5.046810489937326050e+10,5.046810489937326050e+10,5.046810489937326050e+10
2.181818181818181990e-02,2.371221702498088000e+17,4.679442091764695740e+10,4.679442091764695740e+10,4.679442091764695740e+10,4.679442091764695740e+10,4.679442091764695740e+10,4.679442091764695740e+10,4.679442091764695740e+10,4.679442091764695740e+10
2.151515151515151492e-02,2.444611651155538560e+17,4.863265640758279419e+10,4.863265640758279419e+10,4.863265640758279419e+10,4.863265640758279419e+10,4.863265640758279419e+10,4.863265640758279419e+10,4.863265640758279419e+10,4.863265640758279419e+10
2.212121212121212141e-02,2.296805256707490880e+17,4.495438071203324127e+10,4.495438071203324127e+10,4.495438071203324127e+10,4.495438071203324127e+10,4.495438071203324127e+10,4.495438071203324127e+10,4.495438071203324127e+10,4.495438071203324127e+10
2.181818181818181990e-02,2.371221702498088640e+17,4.679442091764696503e+10,4.679442091764696503e+10,4.679442091764696503e+10,4.679442091764696503e+10,4.679442091764696503e+10,4.679442091764696503e+10,4.679442091764696503e+10,4.679442091764696503e+10
2.242424242424242292e-02,2.221362303258524480e+17,4.311353200042063904e+10,4.311353200042063904e+10,4.311353200042063904e+10,4.311353200042063904e+10,4.311353200042063904e+10,4.311353200042063904e+10,4.311353200042063904e+10,4.311353200042063904e+10
2.212121212121212141e-02,2.296805256707488960e+17,4.495438071203324127e+10,4.495438071203324127e+10,4.495438071203324127e+10,4.495438071203324127e+10,4.495438071203324127e+10,4.495438071203324127e+10,4.495438071203324127e+10,4.495438071203324127e+10
2.272727272727272790e-02,2.144892846361280960e+17,4.127288441781828308e+10,4.127288441781828308e+10,4.127288441781828308e+10,4.127288441781828308e+10,4.127288441781828308e+10,4.127288441781828308e+10,4.127288441781828308e+10,4.127288441781828308e+10
2.242424242424242292e-02,2.221362303258523200e+17,4.311353200042060089e+10,4.311353200042060089e+10,4.311353200042060089e+10,4.311353200042060089e+10,4.311353200042060089e+10,4.311353200042060089e+10,4.311353200042060089e+10,4.311353200042060089e+10
2.303030303030302942e-02,2.067396879700626880e+17,3.943346155154092407e+10,3.943346155154092407e+10,3.943346155154092407e+10,3.943346155154092407e+10,3.943346155154092407e+10,3.943346155154092407e+10,3.943346155154092407e+10,3.943346155154092407e+10
2.272727272727272790e-02,2.144892846361280640e+17,4.127288441781828308e+10,4.127288441781828308e+10,4.127288441781828308e+10,4.127288441781828308e+10,4.127288441781828308e+10,4.127288441781828308e+10,4.127288441781828308e+10,4.127288441781828308e+10
2.333333333333333440e-02,1.988874399066475840e+17,3.759630071536221313e+10,3.759630071536221313e+10,3.759630071536221313e+10,3.759630071536221313e+10,3.759630071536221313e+10,3.759630071536221313e+10,3.759630071536221313e+10,3.759630071536221313e+10
2.303030303030302942e-02,2.067396879700626560e+17,3.943346155154088593e+10,3.943346155154088593e+10,3.943346155154088593e+10,3.943346155154088593e+10,3.943346155154088593e+10,3.943346155154088593e+10,3.943346155154088593e+10,3.943346155154088593e+10
2.363636363636363591e-02,1.909325404458830080e+17,3.576245289932672119e+10,3.576245289932672119e+10,3.576245289932672119e+10,3.576245289932672119e+10,3.576245289932672119e+10,3.576245289932672119e+10,3.576245289932672119e+10,3.576245289932672119e+10
2.333333333333333440e-02,1.988874399066477120e+17,3.759630071536221313e+10,3.759630071536221313e+10,3.759630071536221313e+10,3.759630071536221313e+10,3.759630071536221313e+10,3.759630071536221313e+10,3.759630071536221313e+10,3.759630071536221313e+10
2.393939393939394089e-02,1.828749893772641920e+17,3.393298284503197479e+10,3.393298284503197479e+10,3.393298284503197479e+10,3.393298284503197479e+10,3.393298284503197479e+10,3.393298284503197479e+10,3.393298284503197479e+10,3.393298284503197479e+10
2.363636363636363591e-02,1.909325404458828800e+17,3.576245289932670593e+10,3.576245289932670593e+10,3.576245289932670593e+10,3.576245289932670593e+10,3.576245289932670593e+10,3.576245289932670593e+10,3.576245289932670593e+10,3.576245289932670593e+10
2.424242424242424240e-02,1.747147858587740800e+17,3.210896902053454208e+10,3.210896902053454208e+10,3.210896902053454208e+10,3.210896902053454208e+10,3.210896902053454208e+10,3.210896902053454208e+10,3.210896902053454208e+10,3.210896902053454208e+10
2.393939393939394089e-02,1.828749893772643200e+17,3.393298284503197479e+10,3.393298284503197479e+10,3.393298284503197479e+10,3.393298284503197479e+10,3.393298284503197479e+10,3.393298284503197479e+10,3.393298284503197479e+10,3.393298284503197479e+10
2.454545454545454392e-02,1.664519301009167680e+17,3.029150374582022476e+10,3.029150374582022476e+10,3.029150374582022476e+10,3.029150374582022476e+10,3.029150374582022476e+10,3.029150374582022476e+10,3.029150374582022476e+10,3.029150374582022476e+10
2.424242424242424240e-02,1.747147858587740480e+17,3.210896902053453827e+10,3.210896902053453827e+10,3.210896902053453827e+10,3.210896902053453827e+10,3.210896902053453827e+10,3.210896902053453827e+10,3.210896902053453827e+10,3.210896902053453827e+10
2.484848484848484890e-02,1.580864221036924160e+17,2.848169299205165482e+10,2.848169299205165482e+10,2.848169299205165482e+10,2.848169299205165482e+10,2.848169299205165482e+10,2.848169299205165482e+10,2.848169299205165482e+10,2.848169299205165482e+10
2.454545454545454392e-02,1.664519301009166400e+17,3.029150374582019424e+10,3.029150374582019424e+10,3.029150374582019424e+10,3.029150374582019424e+10,3.029150374582019424e+10,3.029150374582019424e+10,3.029150374582019424e+10,3.029150374582019424e+10
2.515151515151515041e-02,1.496182610250835200e+17,2.668065638156814957e+10,2.668065638156814957e+10,2.668065638156814957e+10,2.668065638156814957e+10,2.668065638156814957e+10,2.668065638156814957e+10,2.668065638156814957e+10,2.668065638156814957e+10
2.484848484848484890e-02,1.580864221036922880e+17,2.848169299205165863e+10,2.848169299205165863e+10,2.848169299205165863e+10,2.848169299205165863e+10,2.848169299205165863e+10,2.848169299205165863e+10,2.848169299205165863e+10,2.848169299205165863e+10
2.545454545454545539e-02,1.410474466545855040e+17,2.488952746392066574e+10,2.488952746392066574e+10,2.488952746392066574e+10,2.488952746392066574e+10,2.488952746392066574e+10,2.488952746392066574e+10,2.488952746392066574e+10,2.488952746392066574e+10
2.515151515151515041e-02,1.496182610250832960e+17,2.668065638156814575e+10,2.668065638156814575e+10,2.668065638156814575e+10,2.668065638156814575e+10,2.668065638156814575e+10,2.668065638156814575e+10,2.668065638156814575e+10,2.668065638156814575e+10
2.575757575757575690e-02,1.323739789921989280e+17,2.310945341474274063e+10,2.310945341474274063e+10,2.310945341474274063e+10,2.310945341474274063e+10,2.310945341474274063e+10,2.310945341474274063e+10,2.310945341474274063e+10,2.310945341474274063e+10
2.545454545454545539e-02,1.410474466545855680e+17,2.488952746392066193e+10,2.488952746392066193e+10,2.488952746392066193e+10,2.488952746392066193e+10,2.488952746392066193e+10,2.488952746392066193e+10,2.488952746392066193e+10,2.488952746392066193e+10
2.606060606060606188e-02,1.235978571959056960e+17,2.134159511103281021e+10,2.134159511103281021e+10,2.134159511103281021e+10,2.134159511103281021e+10,2.134159511103281021e+10,2.134159511103281021e+10,2.134159511103281021e+10,2.134159511103281021e+10
2.575757575757575690e-02,1.323739789921987680e+17,2.310945341474271774e+10,2.310945341474271774e+10,2.310945341474271774e+10,2.310945341474271774e+10,2.310945341474271774e+10,2.310945341474271774e+10,2.310945341474271774e+10,2.310945341474271774e+10
2.636363636363636340e-02,1.147190814762108800e+17,1.958712725662464142e+10,1.958712725662464142e+10,1.958712725662464142e+10,1.958712725662464142e+10,1.958712725662464142e+10,1.958712725662464142e+10,1.958712725662464142e+10,1.958712725662464142e+10
2.606060606060606188e-02,1.235978571959057440e+17,2.134159511103281021e+10,2.134159511103281021e+10,2.134159511103281021e+10,2.134159511103281021e+10,2.134159511103281021e+10,2.134159511103281021e+10,2.134159511103281021e+10,2.134159511103281021e+10
2.666666666666666491e-02,1.057376516226095040e+17,1.784723831945200348e+10,1.784723831945200348e+10,1.784723831945200348e+10,1.784723831945200348e+10,1.784723831945200348e+10,1.784723831945200348e+10,1.784723831945200348e+10,1.784723831945200348e+10
2.636363636363636340e-02,1.147190814762107520e+17,1.958712725662463379e+10,1.958712725662463379e+10,1.958712725662463379e+10,1.958712725662463379e+10,1.958712725662463379e+10,1.958712725662463379e+10,1.958712725662463379e+10,1.958712725662463379e+10
2.696969696969696989e-02,9.665356658257996800e+16,1.612313040607841301e+10,1.612313040607841301e+10,1.612313040607841301e+10,1.612313040607841301e+10,1.612313040607841301e+10,1.612313040607841301e+10,1.612313040607841301e+10,1.612313040607841301e+10
2.666666666666666491e-02,1.057376516226093440e+17,1.784723831945199203e+10,1.784723831945199203e+10,1.784723831945199203e+10,1.784723831945199203e+10,1.784723831945199203e+10,1.784723831945199203e+10,1.784723831945199203e+10,1.784723831945199203e+10
2.727272727272727140e-02,8.746682719813988800e+16,1.441601946244967270e+10,1.441601946244967270e+10,1.441601946244967270e+10,1.441601946244967270e+10,1.441601946244967270e+10,1.441601946244967270e+10,1.441601946244967270e+10,1.441601946244967270e+10
2.696969696969696989e-02,9.665356658257996800e+16,1.612313040607841301e+10,1.612313040607841301e+10,1.612313040607841301e+10,1.612313040607841301e+10,1.612313040607841301e+10,1.612313040607841301e+10,1.612313040607841301e+10,1.612313040607841301e+10
2.757575757575757638e-02,7.817743220626299200e+16,1.272713506059424400e+10,1.272713506059424400e+10,1.272713506059424400e+10,1.272713506059424400e+10,1.272713506059424400e+10,1.272713506059424400e+10,1.272713506059424400e+10,1.272713506059424400e+10
2.727272727272727140e-02,8.746682719813976000e+16,1.441601946244966125e+10,1.441601946244966125e+10,1.441601946244966125e+10,1.441601946244966125e+10,1.441601946244966125e+10,1.441601946244966125e+10,1.441601946244966125e+10,1.441601946244966125e+10
2.787878787878787790e-02,6.878538118594048000e+16,1.105772059937588310e+10,1.105772059937588310e+10,1.105772059937588310e+10,1.105772059937588310e+10,1.105772059937588310e+10,1.105772059937588310e+10,1.105772059937588310e+10,1.105772059937588310e+10
2.757575757575757638e-02,7.817743220626294400e+16,1.272713506059424210e+10,1.272713506059424210e+10,1.272713506059424210e+10,1.272713506059424210e+10,1.272713506059424210e+10,1.272713506059424210e+10,1.272713506059424210e+10,1.272713506059424210e+10
2.818181818181818288e-02,5.929067392666808000e+16,9.409033179023174286e+09,9.409033179023174286e+09,9.409033179023174286e+09,9.409033179023174286e+09,9.409033179023174286e+09,9.409033179023174286e+09,9.409033179023174286e+09,9.409033179023174286e+09
2.787878787878787790e-02,6.878538118594040000e+16,1.105772059937586784e+10,1.105772059937586784e+10,1.105772059937586784e+10,1.105772059937586784e+10,1.105772059937586784e+10,1.105772059937586784e+10,1.105772059937586784e+10,1.105772059937586784e+10
2.848484848484848439e-02,4.969331042844581600e+16,7.782343670138375282e+09,7.782343670138375282e+09,7.782343670138375282e+09,7.782343670138375282e+09,7.782343670138375282e+09,7.782343670138375282e+09,7.782343670138375282e+09,7.782343670138375282e+09
2.818181818181818288e-02,5.929067392666807200e+16,9.409033179023178101e+09,9.409033179023178101e+09,9.409033179023178101e+09,9.409033179023178101e+09,9.409033179023178101e+09,9.409033179023178101e+09,9.409033179023178101e+09,9.409033179023178101e+09
2.878787878787878937e-02,3.999329005976055200e+16,6.178936669782641411e+09,6.178936669782641411e+09,6.178936669782641411e+09,6.178936669782641411e+09,6.178936669782641411e+09,6.178936669782641411e+09,6.178936669782641411e+09,6.178936669782641411e+09
2.848484848484848439e-02,4.969331042844577600e+16,7.782343670138366699e+09,7.782343670138366699e+09,7.782343670138366699e+09,7.782343670138366699e+09,7.782343670138366699e+09,7.782343670138366699e+09,7.782343670138366699e+09,7.782343670138366699e+09
2.909090909090909088e-02,3.019061197859493200e+16,4.600110514023173332e+09,4.600110514023173332e+09,4.600110514023173332e+09,4.600110514023173332e+09,4.600110514023173332e+09,4.600110514023173332e+09,4.600110514023173332e+09,4.600110514023173332e+09
2.878787878787878937e-02,3.999329005976055200e+16,6.178936669782642365e+09,6.178936669782642365e+09,6.178936669782642365e+09,6.178936669782642365e+09,6.178936669782642365e+09,6.178936669782642365e+09,6.178936669782642365e+09,6.178936669782642365e+09
2.939393939393939240e-02,2.028527639545325600e+16,3.047177284206670284e+09,3.047177284206670284e+09,3.047177284206670284e+09,3.047177284206670284e+09,3.047177284206670284e+09,3.047177284206670284e+09,3.047177284206670284e+09,3.047177284206670284e+09
2.909090909090909088e-02,3.019061197859492800e+16,4.600110514023172379e+09,4.600110514023172379e+09,4.600110514023172379e+09,4.600110514023172379e+09,4.600110514023172379e+09,4.600110514023172379e+09,4.600110514023172379e+09,4.600110514023172379e+09
2.969696969696969738e-02,1.027728204730939600e+16,1.521462797549077988e+09,1.521462797549077988e+09,1.521462797549077988e+09,1.521462797549077988e+09,1.521462797549077988e+09,1.521462797549077988e+09,1.521462797549077988e+09,1.521462797549077988e+09
2.939393939393939240e-02,2.028527639545322400e+16,3.047177284206665039e+09,3.047177284206665039e+09,3.047177284206665039e+09,3.047177284206665039e+09,3.047177284206665039e+09,3.047177284206665039e+09,3.047177284206665039e+09,3.047177284206665039e+09
2.999999999999999889e-02,1.666297761807728750e+14,2.430662666681874916e+07,2.430662666681874916e+07,2.430662666681874916e+07,2.430662666681874916e+07,2.430662666681874916e+07,2.430662666681874916e+07,2.430662666681874916e+07,2.430662666681874916e+07
2.969696969696969738e-02,1.027728204730938800e+16,1.521462797549076796e+09,1.521462797549076796e+09,1.521462797549076796e+09,1.521462797549076796e+09,1.521462797549076796e+09,1.521462797549076796e+09,1.521462797549076796e+09,1.521462797549076796e+09
