x,t=1.00e+02s,t=2.00e+02s,t=3.00e+02s,t=4.00e+02s,t=5.00e+02s,t=6.00e+02s,t=7.00e+02s,t=8.00e+02s,t=9.00e+02s
3.030303030303030300e-04,2.139520238201113828e+25,1.725295908971677771e+25,1.287594055334354348e+25,9.169061352405003263e+24,6.358860028604078772e+24,4.347261407120679867e+24,2.949684313964445123e+24,1.993597002857413962e+24,1.344709761587679536e+24
0.000000000000000000e+00,2.139545023933615083e+25,1.725339397320549076e+25,1.287640009738892293e+25,9.169450544774455547e+24,6.359155079896632754e+24,4.347472611921439918e+24,2.949831050924484907e+24,1.993697386275572111e+24,1.344777890901478729e+24
6.060606060606060601e-04,2.139258095217347328e+25,1.724836025865868342e+25,1.287108139804276443e+25,9.164946327355266532e+24,6.355740487855843897e+24,4.345028408463390650e+24,2.948132928945580375e+24,1.992535699299901041e+24,1.343989466606959812e+24
3.030303030303030300e-04,2.139520238201110392e+25,1.725295908971677127e+25,1.287594055334353704e+25,9.169061352404997894e+24,6.358860028604071255e+24,4.347261407120677182e+24,2.949684313964444050e+24,1.993597002857412620e+24,1.344709761587678462e+24
9.090909090909090901e-04,2.138845449334332765e+25,1.724112466334065278e+25,1.286343868964412308e+25,9.158475324101856466e+24,6.350835496410719661e+24,4.341517600986596714e+24,2.945693869615297449e+24,1.990867169234179091e+24,1.342857065042219547e+24
6.060606060606060601e-04,2.139258095217344751e+25,1.724836025865867054e+25,1.287108139804275369e+25,9.164946327355261163e+24,6.355740487855839602e+24,4.345028408463389039e+24,2.948132928945580375e+24,1.992535699299897551e+24,1.343989466606957664e+24
1.212121212121212120e-03,2.138271140384449065e+25,1.723106163594539883e+25,1.285281453101672460e+25,9.149482628382518959e+24,6.344020267287220102e+24,4.336639998894621715e+24,2.942305440288182809e+24,1.988549252787465085e+24,1.341283959752675381e+24
9.090909090909090901e-04,2.138845449334331047e+25,1.724112466334063989e+25,1.286343868964411664e+25,9.158475324101850024e+24,6.350835496410714292e+24,4.341517600986594030e+24,2.945693869615296375e+24,1.990867169234177212e+24,1.342857065042218205e+24
1.515151515151515150e-03,2.137532959125349395e+25,1.721813955566276333e+25,1.283918047040201375e+25,9.137946753232684014e+24,6.335279675356852748e+24,4.330385244189187792e+24,2.937960621527149687e+24,1.985577211964364062e+24,1.339266957695267312e+24
1.212121212121212120e-03,2.138271140384447776e+25,1.723106163594537950e+25,1.285281453101671816e+25,9.149482628382516811e+24,6.344020267287216881e+24,4.336639998894620105e+24,2.942305440288181198e+24,1.988549252787463206e+24,1.341283959752674576e+24
1.818181818181818180e-03,2.136629540474917364e+25,1.720234369045803784e+25,1.282252732770257742e+25,9.123863275533711238e+24,6.324611861019090127e+24,4.322752606671936143e+24,2.932659132583310292e+24,1.981950936682314896e+24,1.336806013074102850e+24
1.515151515151515150e-03,2.137532959125348107e+25,1.721813955566275045e+25,1.283918047040200301e+25,9.137946753232676497e+24,6.335279675356849526e+24,4.330385244189182961e+24,2.937960621527150224e+24,1.985577211964362452e+24,1.339266957695266507e+24
2.121212121212120993e-03,2.135559578415074218e+25,1.718366245018267424e+25,1.280285067399052487e+25,9.107232536448199566e+24,6.312018903277062599e+24,4.313744306086819450e+24,2.926402791239580169e+24,1.977671770165772890e+24,1.333902072669948707e+24
1.818181818181818180e-03,2.136629540474916935e+25,1.720234369045802925e+25,1.282252732770257742e+25,9.123863275533712312e+24,6.324611861019086905e+24,4.322752606671936143e+24,2.932659132583310292e+24,1.981950936682314896e+24,1.336806013074101508e+24
2.424242424242424240e-03,2.134321652351088912e+25,1.716208437307759254e+25,1.278014765332706699e+25,9.088056946759961389e+24,6.297504773609406905e+24,4.303364045621363179e+24,2.919194494129844861e+24,1.972741811055763745e+24,1.330556602068817670e+24
2.121212121212120993e-03,2.135559578415072929e+25,1.718366245018265491e+25,1.280285067399051628e+25,9.107232536448195271e+24,6.312018903277058304e+24,4.313744306086816766e+24,2.926402791239578559e+24,1.977671770165772353e+24,1.333902072669947902e+24
2.727272727272727487e-03,2.132914171545734649e+25,1.713759719035140140e+25,1.275441600166664378e+25,9.066340152409547866e+24,6.281074699500978130e+24,4.291616554156406837e+24,2.911037897756862721e+24,1.967163694815136371e+24,1.326771437163726674e+24
2.424242424242424240e-03,2.134321652351088053e+25,1.716208437307757536e+25,1.278014765332705625e+25,9.088056946759954946e+24,6.297504773609402610e+24,4.303364045621362105e+24,2.919194494129842713e+24,1.972741811055762940e+24,1.330556602068816596e+24
3.030303030303030300e-03,2.131335352263121329e+25,1.711018747113708984e+25,1.272565368019214743e+25,9.042086719842037124e+24,6.262734921470474533e+24,4.278507409873526388e+24,2.901937294847869157e+24,1.960940508710806785e+24,1.322548726293837180e+24
2.727272727272727487e-03,2.132914171545733790e+25,1.713759719035139281e+25,1.275441600166665237e+25,9.066340152409546792e+24,6.281074699500979204e+24,4.291616554156407373e+24,2.911037897756861111e+24,1.967163694815136908e+24,1.326771437163725868e+24
3.333333333333333114e-03,2.129583206073165890e+25,1.707984046980286461e+25,1.269385872355684645e+25,9.015302002768893805e+24,6.242492587041910281e+24,4.264042961573395372e+24,2.891897558458193974e+24,1.954075753088976029e+24,1.317890903782488432e+24
3.030303030303030300e-03,2.131335352263121329e+25,1.711018747113708554e+25,1.272565368019214529e+25,9.042086719842034976e+24,6.262734921470470238e+24,4.278507409873527999e+24,2.901937294847868620e+24,1.960940508710806248e+24,1.322548726293835838e+24
3.636363636363636360e-03,2.127655532472200262e+25,1.704654005562902294e+25,1.265902917618439850e+25,8.985992082879990334e+24,6.220355700183743970e+24,4.248230289383600861e+24,2.880924113305354180e+24,1.946573321226117345e+24,1.312800676063099367e+24
3.333333333333333114e-03,2.129583206073163743e+25,1.707984046980286031e+25,1.269385872355683572e+25,9.015302002768888436e+24,6.242492587041901691e+24,4.264042961573393224e+24,2.891897558458191290e+24,1.954075753088976834e+24,1.317890903782487358e+24
3.939393939393939607e-03,2.125549913270956637e+25,1.701026868026130878e+25,1.262116306945470355e+25,8.954163744522649775e+24,6.196333095898577568e+24,4.231077183156978750e+24,2.869022919260311554e+24,1.938437487445247540e+24,1.307281013395860329e+24
3.636363636363636360e-03,2.127655532472199403e+25,1.704654005562901005e+25,1.265902917618438562e+25,8.985992082879987113e+24,6.220355700183740749e+24,4.248230289383596566e+24,2.880924113305354180e+24,1.946573321226117613e+24,1.312800676063098024e+24
4.242424242424241987e-03,2.123263707680839276e+25,1.697100736433527657e+25,1.258025842005904736e+25,8.919824466615518414e+24,6.170434427274363671e+24,4.212592129480499470e+24,2.856200460690385327e+24,1.929672899185290003e+24,1.301335144249155371e+24
3.939393939393939607e-03,2.125549913270955778e+25,1.701026868026128945e+25,1.262116306945469711e+25,8.954163744522645480e+24,6.196333095898573273e+24,4.231077183156974992e+24,2.869022919260312091e+24,1.938437487445246466e+24,1.307281013395860060e+24
4.545454545454545234e-03,2.120794047605418429e+25,1.692873569479290307e+25,1.253631324050504174e+25,8.882982424123287882e+24,6.142670159175220946e+24,4.192784303131152108e+24,2.842463738764287311e+24,1.920284571048394992e+24,1.294966551005879150e+24
4.242424242424241987e-03,2.123263707680838846e+25,1.697100736433528302e+25,1.258025842005906025e+25,8.919824466615523783e+24,6.170434427274364744e+24,4.212592129480498933e+24,2.856200460690386938e+24,1.929672899185289734e+24,1.301335144249155639e+24
4.848484848484848481e-03,2.118137832890750988e+25,1.688343182875839799e+25,1.248932555733915502e+25,8.843646495300240175e+24,6.113051565693382513e+24,4.171663560922804609e+24,2.827820265294369296e+24,1.910277879852134623e+24,1.288178966334920517e+24
4.545454545454545234e-03,2.120794047605416282e+25,1.692873569479289233e+25,1.253631324050503530e+25,8.882982424123283587e+24,6.142670159175220946e+24,4.192784303131147276e+24,2.842463738764285700e+24,1.920284571048393918e+24,1.294966551005877540e+24
5.151515151515151728e-03,2.115291726402080519e+25,1.683507250185835028e+25,1.243929343478021627e+25,8.801826272708833783e+24,6.081590729846784069e+24,4.149240436864120460e+24,2.812278057369553007e+24,1.899658560177742690e+24,1.280976369883304058e+24
4.848484848484848481e-03,2.118137832890749699e+25,1.688343182875837651e+25,1.248932555733914428e+25,8.843646495300235880e+24,6.113051565693381439e+24,4.171663560922800851e+24,2.827820265294367149e+24,1.910277879852133012e+24,1.288178966334919712e+24
5.454545454545454974e-03,2.112252148850320236e+25,1.678363303987006166e+25,1.238621500250648362e+25,8.757532076904777309e+24,6.048300544678375807e+24,4.125526138028798383e+24,2.795845632367092801e+24,1.888432700134678573e+24,1.273362985099875492e+24
5.151515151515151728e-03,2.115291726402079660e+25,1.683507250185834384e+25,1.243929343478021627e+25,8.801826272708826266e+24,6.081590729846780848e+24,4.149240436864120460e+24,2.812278057369550860e+24,1.899658560177741616e+24,1.280976369883302179e+24
5.757575757575757354e-03,2.109015273320664522e+25,1.672908737310676219e+25,1.233008848688593630e+25,8.710774972141099578e+24,6.013194715262722540e+24,4.100532540790096664e+24,2.778532003105727089e+24,1.876606737181145704e+24,1.265343276082658498e+24
5.454545454545454974e-03,2.112252148850318518e+25,1.678363303987006166e+25,1.238621500250647503e+25,8.757532076904773015e+24,6.048300544678375807e+24,4.125526138028798383e+24,2.795845632367091727e+24,1.888432700134677767e+24,1.273362985099876029e+24
6.060606060606060601e-03,2.105577019471060069e+25,1.667140805323901933e+25,1.227091224523835621e+25,8.661566783693678333e+24,5.976287761314977296e+24,4.074272187207812706e+24,2.760346672997708232e+24,1.864187453905348399e+24,1.256921944386083674e+24
5.757575757575757354e-03,2.109015273320664952e+25,1.672908737310676863e+25,1.233008848688593845e+25,8.710774972141104947e+24,6.013194715262723614e+24,4.100532540790096664e+24,2.778532003105729237e+24,1.876606737181145435e+24,1.265343276082658766e+24
6.363636363636363848e-03,2.101933047376696539e+25,1.661056627241905695e+25,1.220868480288674373e+25,8.609920116551163021e+24,5.937595020204586849e+24,4.046758281433009934e+24,2.741299631111032720e+24,1.851181973709159246e+24,1.248103925749508460e+24
6.060606060606060601e-03,2.105577019471057921e+25,1.667140805323899785e+25,1.227091224523835406e+25,8.661566783693665448e+24,5.976287761314976222e+24,4.074272187207808411e+24,2.760346672997707696e+24,1.864187453905347325e+24,1.256921944386082601e+24
6.666666666666666227e-03,2.098078751001561790e+25,1.654653188467927882e+25,1.214340489285609132e+25,8.555848375294713024e+24,5.897132650238105954e+24,4.018004686040989209e+24,2.721401347084908562e+24,1.837597756357676949e+24,1.238894386723221284e+24
6.363636363636363848e-03,2.101933047376696539e+25,1.661056627241905051e+25,1.220868480288674373e+25,8.609920116551158726e+24,5.937595020204583628e+24,4.046758281433005639e+24,2.741299631111032720e+24,1.851181973709158173e+24,1.248103925749507387e+24
6.969696969696969474e-03,2.094009251280480929e+25,1.647927342964067061e+25,1.207507149813711368e+25,8.499365785040571735e+24,5.854917634112879331e+24,3.988025918229954477e+24,2.700662765860466075e+24,1.823442593371256573e+24,1.229298721177072046e+24
6.666666666666666227e-03,2.098078751001564367e+25,1.654653188467927882e+25,1.214340489285609347e+25,8.555848375294716245e+24,5.897132650238107028e+24,4.018004686040989209e+24,2.721401347084910709e+24,1.837597756357677217e+24,1.238894386723221284e+24
7.272727272727272721e-03,2.089719388796559990e+25,1.640875815861366621e+25,1.200368389647096050e+25,8.440487413348131016e+24,5.810967782465643504e+24,3.956837145839717128e+24,2.679095302200737701e+24,1.808724603244900103e+24,1.219322546682507901e+24
6.969696969696969474e-03,2.094009251280481788e+25,1.647927342964064914e+25,1.207507149813710939e+25,8.499365785040563145e+24,5.854917634112876110e+24,3.988025918229955014e+24,2.700662765860465001e+24,1.823442593371254694e+24,1.229298721177070436e+24
7.575757575757575968e-03,2.085203716039525004e+25,1.633495206320643738e+25,1.192924170763421656e+25,8.379229193014098952e+24,5.765301737454481206e+24,3.924454183155356723e+24,2.656710834981476632e+24,1.793452226485161881e+24,1.208971700762475711e+24
7.272727272727272721e-03,2.089719388796559561e+25,1.640875815861365977e+25,1.200368389647095406e+25,8.440487413348124573e+24,5.810967782465642430e+24,3.956837145839716054e+24,2.679095302200737701e+24,1.808724603244898224e+24,1.219322546682506022e+24
7.878787878787879215e-03,2.080456489230529623e+25,1.625781990658103509e+25,1.185174494321906087e+25,8.315607945682862794e+24,5.717938976320665676e+24,3.890893486467302308e+24,2.633521701239348433e+24,1.777634220458185016e+24,1.198252237005944990e+24
7.575757575757575968e-03,2.085203716039523286e+25,1.633495206320642234e+25,1.192924170763421656e+25,8.379229193014090362e+24,5.765301737454481206e+24,3.924454183155353501e+24,2.656710834981475558e+24,1.793452226485159465e+24,1.208971700762475175e+24
8.181818181818182462e-03,2.075471659698904049e+25,1.617732525751918031e+25,1.177119405891322565e+25,8.249641406210216003e+24,5.668899814882634807e+24,3.856172149364053093e+24,2.609540689967337536e+24,1.761279654044864763e+24,1.187170421045502717e+24
7.878787878787879215e-03,2.080456489230527905e+25,1.625781990658101576e+25,1.185174494321905872e+25,8.315607945682855278e+24,5.717938976320666749e+24,3.890893486467299087e+24,2.633521701239348433e+24,1.777634220458183137e+24,1.198252237005944856e+24
8.484848484848483974e-03,2.070242864795924505e+25,1.609343052747827979e+25,1.168759000929079751e+25,8.181348247719738966e+24,5.618205410917211670e+24,3.820307897736329395e+24,2.584781035649496997e+24,1.744397902100759203e+24,1.175732726397567989e+24
8.181818181818182462e-03,2.075471659698904049e+25,1.617732525751916528e+25,1.177119405891322350e+25,8.249641406210211708e+24,5.668899814882632660e+24,3.856172149364051482e+24,2.609540689967338609e+24,1.761279654044863690e+24,1.187170421045503120e+24
8.787878787878787221e-03,2.064763418330145272e+25,1.600609701083519873e+25,1.160093430512877934e+25,8.110748107292839864e+24,5.565877767385322514e+24,3.783319084473659377e+24,2.559256411528776240e+24,1.726998639719516710e+24,1.163945830165601111e+24
8.484848484848483974e-03,2.070242864795923216e+25,1.609343052747827550e+25,1.168759000929079321e+25,8.181348247719736819e+24,5.618205410917210596e+24,3.820307897736326174e+24,2.584781035649495386e+24,1.744397902100757861e+24,1.175732726397568123e+24
9.090909090909090468e-03,2.059026300508292360e+25,1.591528492853146504e+25,1.151122907326607099e+25,8.037861612232631082e+24,5.511939735459912210e+24,3.745224683835574215e+24,2.532980922602778188e+24,1.709091836299470975e+24,1.151816608607265031e+24
8.787878787878787221e-03,2.064763418330144413e+25,1.600609701083519229e+25,1.160093430512877075e+25,8.110748107292839864e+24,5.565877767385318219e+24,3.783319084473656692e+24,2.559256411528773019e+24,1.726998639719516174e+24,1.163945830165600977e+24
9.393939393939393714e-03,2.053024147364959872e+25,1.582095347535026789e+25,1.141847711902281309e+25,7.962710406840975830e+24,5.456415017314534442e+24,3.706044285480603914e+24,2.505969098343205583e+24,1.690687749413670943e+24,1.139352132566948942e+24
9.090909090909090468e-03,2.059026300508291071e+25,1.591528492853145215e+25,1.151122907326606454e+25,8.037861612232628935e+24,5.511939735459905768e+24,3.745224683835571531e+24,2.532980922602777114e+24,1.709091836299469902e+24,1.151816608607264628e+24
9.696969696969696961e-03,2.046749239663630677e+25,1.572306087107124264e+25,1.132268199119724816e+25,7.885317179645803031e+24,5.399328168630653758e+24,3.665798088136801175e+24,2.478235885135377440e+24,1.671796918484149901e+24,1.126559662775442245e+24
9.393939393939393714e-03,2.053024147364956436e+25,1.582095347535025500e+25,1.141847711902280450e+25,7.962710406840970461e+24,5.456415017314534442e+24,3.706044285480599619e+24,2.505969098343204509e+24,1.690687749413670406e+24,1.139352132566948539e+24
1.000000000000000021e-02,2.040193491250731713e+25,1.562156441576559780e+25,1.122384804965654431e+25,7.805705691013501459e+24,5.340704600781468935e+24,3.624506892898161811e+24,2.449796638434767288e+24,1.652430158261627447e+24,1.113446645018798166e+24
9.696969696969696961e-03,2.046749239663628529e+25,1.572306087107124264e+25,1.132268199119724816e+25,7.885317179645797662e+24,5.399328168630653758e+24,3.665798088136796880e+24,2.478235885135375830e+24,1.671796918484148827e+24,1.126559662775441843e+24
1.030303030303030346e-02,2.033348436843585112e+25,1.551642054951131949e+25,1.112198053553567567e+25,7.723900801078083822e+24,5.280570582649567835e+24,3.582192096131457806e+24,2.420667114637971717e+24,1.632598552112200726e+24,1.100020705178693960e+24
1.000000000000000021e-02,2.040193491250729566e+25,1.562156441576560424e+25,1.122384804965653143e+25,7.805705691013490722e+24,5.340704600781468935e+24,3.624506892898157516e+24,2.449796638434766214e+24,1.652430158261625299e+24,1.113446645018797227e+24
1.060606060606060670e-02,2.026205219232152983e+25,1.540758491682512198e+25,1.101708564405648830e+25,7.639928497915868352e+24,5.218953242034948683e+24,3.538875681978570347e+24,2.390863462665894110e+24,1.612313445112874193e+24,1.086289644146793023e+24
1.030303030303030346e-02,2.033348436843582106e+25,1.551642054951130876e+25,1.112198053553566493e+25,7.723900801078076306e+24,5.280570582649561393e+24,3.582192096131454584e+24,2.420667114637971717e+24,1.632598552112199652e+24,1.100020705178693289e+24
1.090909090909090995e-02,2.018754575873651625e+25,1.529501243612665449e+25,1.090917059997521318e+25,7.553815925890582554e+24,5.155880566609485278e+24,3.494580214439423066e+24,2.360402215257306646e+24,1.591586436958068400e+24,1.072261432615782247e+24
1.060606060606060670e-02,2.026205219232151265e+25,1.540758491682510050e+25,1.101708564405648400e+25,7.639928497915860835e+24,5.218953242034946536e+24,3.538875681978565515e+24,2.390863462665894110e+24,1.612313445112873388e+24,1.086289644146791950e+24
1.121212121212121146e-02,2.010986824857986116e+25,1.517865737456888540e+25,1.079824373566310761e+25,7.465591414090270809e+24,5.091381404372856027e+24,3.449328829021131633e+24,2.329300279971319820e+24,1.570429374679453931e+24,1.057944205749943865e+24
1.090909090909090995e-02,2.018754575873651196e+25,1.529501243612665019e+25,1.090917059997522606e+25,7.553815925890580407e+24,5.155880566609487426e+24,3.494580214439421455e+24,2.360402215257306915e+24,1.591586436958068131e+24,1.072261432615781844e+24
1.151515151515151471e-02,2.002891850221025886e+25,1.505847342858865689e+25,1.068431457182047208e+25,7.375284504773316963e+24,5.025485463564567980e+24,3.403145223939065316e+24,2.297574929897619439e+24,1.548854345181771764e+24,1.043346257738259675e+24
1.121212121212121146e-02,2.010986824857985257e+25,1.517865737456887466e+25,1.079824373566311190e+25,7.465591414090266514e+24,5.091381404372856027e+24,3.449328829021128948e+24,2.329300279971319283e+24,1.570429374679452857e+24,1.057944205749943328e+24
1.181818181818181795e-02,1.994459086581602909e+25,1.493441381055223639e+25,1.056739390081859659e+25,7.282925981736680773e+24,4.958223311985773981e+24,3.356053650855950991e+24,2.265243794073657998e+24,1.526873667597449229e+24,1.028476036233166185e+24
1.151515151515151471e-02,2.002891850221024168e+25,1.505847342858864401e+25,1.068431457182046994e+25,7.375284504773312668e+24,5.025485463564567980e+24,3.403145223939064242e+24,2.297574929897619439e+24,1.548854345181770153e+24,1.043346257738258601e+24
1.212121212121212120e-02,1.985677503077069147e+25,1.480643134189235234e+25,1.044749387265888390e+25,7.188547898515190731e+24,4.889626375684062412e+24,3.308078905145441053e+24,2.232324847608370402e+24,1.504499885463103403e+24,1.013342136678281231e+24
1.181818181818181795e-02,1.994459086581602909e+25,1.493441381055222351e+25,1.056739390081859230e+25,7.282925981736675404e+24,4.958223311985769686e+24,3.356053650855950455e+24,2.265243794073656387e+24,1.526873667597447350e+24,1.028476036233166185e+24
1.242424242424242445e-02,1.976535586570995337e+25,1.467447855315613742e+25,1.032462808353093698e+25,7.092183606316156320e+24,4.819726936953678543e+24,3.259246315666932299e+24,2.198836401512323308e+24,1.481745758721218133e+24,9.979532965284522744e+23
1.212121212121212120e-02,1.985677503077069147e+25,1.480643134189233731e+25,1.044749387265887316e+25,7.188547898515185363e+24,4.889626375684059191e+24,3.308078905145439979e+24,2.232324847608369596e+24,1.504499885463102061e+24,1.013342136678281231e+24
1.272727272727272770e-02,1.967021324105467925e+25,1.453850779140742357e+25,1.019881166694460102e+25,6.993867781588859715e+24,4.748558131603218811e+24,3.209581734038850752e+24,2.164797092234569737e+24,1.458624255550510642e+24,9.823183893656942926e+23
1.242424242424242445e-02,1.976535586570993619e+25,1.467447855315612453e+25,1.032462808353091765e+25,7.092183606316149877e+24,4.819726936953675858e+24,3.259246315666931225e+24,2.198836401512323308e+24,1.481745758721217059e+24,9.979532965284520059e+23
1.303030303030303094e-02,1.957122184569136561e+25,1.439847133545198297e+25,1.007006138740230468e+25,6.893636453123811931e+24,4.676153945442252011e+24,3.159111523398118265e+24,2.130225870906877098e+24,1.435148544028717653e+24,9.664464189146514693e+23
1.272727272727272770e-02,1.967021324105466207e+25,1.453850779140741498e+25,1.019881166694460316e+25,6.993867781588854346e+24,4.748558131603216127e+24,3.209581734038852900e+24,2.164797092234568395e+24,1.458624255550511179e+24,9.823183893656938899e+23
1.333333333333333245e-02,1.946825099550881258e+25,1.425432151938104031e+25,9.938395736568576877e+24,6.791527028571540912e+24,4.602549209938030928e+24,3.107862546633938214e+24,2.095141992296427593e+24,1.411331983631774382e+24,9.503465129613457527e+23
1.303030303030303094e-02,1.957122184569137849e+25,1.439847133545198941e+25,1.007006138740231112e+25,6.893636453123809784e+24,4.676153945442251474e+24,3.159111523398120412e+24,2.130225870906877903e+24,1.435148544028719264e+24,9.664464189146513350e+23
1.363636363636363570e-02,1.936116443347575000e+25,1.410601086495602046e+25,9.803835031884093649e+24,6.687578320265801076e+24,4.527779596993161077e+24,3.055862154084796722e+24,2.059565003468428747e+24,1.387188116573548519e+24,9.340279171791079489e+23
1.333333333333333245e-02,1.946825099550881258e+25,1.425432151938103172e+25,9.938395736568568287e+24,6.791527028571536617e+24,4.602549209938028243e+24,3.107862546633937677e+24,2.095141992296426250e+24,1.411331983631774114e+24,9.503465129613449474e+23
1.393939393939393895e-02,1.924982012093041061e+25,1.395349222338698226e+25,9.666401517559747824e+24,6.581830570230744445e+24,4.451881612794943928e+24,3.003138170687995131e+24,2.023514732160610021e+24,1.362730658990549505e+24,9.174999888656816438e+23
1.363636363636363570e-02,1.936116443347575000e+25,1.410601086495600328e+25,9.803835031884085059e+24,6.687578320265795707e+24,4.527779596993159466e+24,3.055862154084795111e+24,2.059565003468427405e+24,1.387188116573547445e+24,9.340279171791066067e+23
1.424242424242424220e-02,1.913407001973819759e+25,1.379671892708814112e+25,9.526119467874429650e+24,6.474325474246563004e+24,4.374892590686976199e+24,2.949718882571935705e+24,1.987011274871951885e+24,1.337973491976264296e+24,9.007721905956097003e+23
1.393939393939393895e-02,1.924982012093041705e+25,1.395349222338696508e+25,9.666401517559746751e+24,6.581830570230742298e+24,4.451881612794939633e+24,3.003138170687992984e+24,2.023514732160609216e+24,1.362730658990549237e+24,9.174999888656811069e+23
1.454545454545454544e-02,1.901375986495805405e+25,1.363564495202592124e+25,9.383015292686393829e+24,6.365106204842445794e+24,4.296850683013818174e+24,2.895633023081964494e+24,1.950074984668510240e+24,1.312930652469938564e+24,8.838540837921282368e+23
1.424242424242424220e-02,1.913407001973820403e+25,1.379671892708812394e+25,9.526119467874426429e+24,6.474325474246560856e+24,4.374892590686971904e+24,2.949718882571932483e+24,1.987011274871951080e+24,1.337973491976264028e+24,9.007721905956092977e+23
1.484848484848484869e-02,1.888872892764246812e+25,1.347022509130964311e+25,9.237117645053880701e+24,6.254217433080776519e+24,4.217794851889664800e+24,2.840909758231596434e+24,1.912726458709687314e+24,1.287616324004965616e+24,8.667553222228787572e+23
1.454545454545454544e-02,1.901375986495804546e+25,1.363564495202591695e+25,9.383015292686393829e+24,6.365106204842447941e+24,4.296850683013816564e+24,2.895633023081961272e+24,1.950074984668509434e+24,1.312930652469938027e+24,8.838540837921277000e+23
1.515151515151515194e-02,1.875880976737951550e+25,1.330041514071035739e+25,9.088457530844040992e+24,6.141705348990436163e+24,4.137764858842339332e+24,2.785578671571632252e+24,1.874986525498775332e+24,1.262044827322163430e+24,8.494856454238998301e+23
1.484848484848484869e-02,1.888872892764246167e+25,1.347022509130964741e+25,9.237117645053869964e+24,6.254217433080776519e+24,4.217794851889664263e+24,2.840909758231593213e+24,1.912726458709685972e+24,1.287616324004964274e+24,8.667553222228778177e+23
1.545454545454545518e-02,1.862382797416764431e+25,1.312617209683146699e+25,8.937068420192483592e+24,6.027617680502193880e+24,4.056801253284451673e+24,2.729669748470850890e+24,1.836876231862173936e+24,1.236230610853532386e+24,8.320548720563955507e+23
1.515151515151515194e-02,1.875880976737950261e+25,1.330041514071036168e+25,9.088457530844036697e+24,6.141705348990430794e+24,4.137764858842337721e+24,2.785578671571630641e+24,1.874986525498773453e+24,1.262044827322162088e+24,8.494856454238984879e+23
1.575757575757575843e-02,1.848360189919653997e+25,1.294745436869428229e+25,8.782986360656172167e+24,5.912003710733343324e+24,3.974945359764413947e+24,2.673213359802837883e+24,1.798416829662189182e+24,1.210188241082297537e+24,8.144728932009598832e+23
1.545454545454545518e-02,1.862382797416763786e+25,1.312617209683146699e+25,8.937068420192480371e+24,6.027617680502194954e+24,4.056801253284450599e+24,2.729669748470849816e+24,1.836876231862172594e+24,1.236230610853530238e+24,8.320548720563951480e+23
1.606060606060605994e-02,1.833794237408816899e+25,1.276422200354351079e+25,8.626250091882356111e+24,5.794914293463342758e+24,3.892239263950614125e+24,2.616240245034673494e+24,1.759629762248869516e+24,1.183932392785260591e+24,7.967496655939488679e+23
1.575757575757575843e-02,1.848360189919653783e+25,1.294745436869428444e+25,8.782986360656171094e+24,5.912003710733342250e+24,3.974945359764413947e+24,2.673213359802837346e+24,1.798416829662188376e+24,1.210188241082296731e+24,8.144728932009592121e+23
1.636363636363636492e-02,1.818665241813294237e+25,1.257643692772163522e+25,8.466901161593700660e+24,5.676401866636911998e+24,3.808725797303466414e+24,2.558781494714442478e+24,1.720536650656961748e+24,1.157477839163757624e+24,7.788952048108695747e+23
1.606060606060605994e-02,1.833794237408815181e+25,1.276422200354350864e+25,8.626250091882360405e+24,5.794914293463340611e+24,3.892239263950613051e+24,2.616240245034672420e+24,1.759629762248868442e+24,1.183932392785260323e+24,7.967496655939487337e+23
1.666666666666666644e-02,1.802952693303556446e+25,1.238406320350731793e+25,8.304984042665622909e+24,5.556520463725676892e+24,3.724448520391055133e+24,2.500868532355619835e+24,1.681159279554576578e+24,1.130839441869715695e+24,7.609195784016875686e+23
1.636363636363636492e-02,1.818665241813293808e+25,1.257643692772163092e+25,8.466901161593703882e+24,5.676401866636915219e+24,3.808725797303465877e+24,2.558781494714441405e+24,1.720536650656959869e+24,1.157477839163758295e+24,7.788952048108694405e+23
1.696969696969696795e-02,1.786635238466398427e+25,1.218706730286183518e+25,8.140546251045906332e+24,5.435325722774194016e+24,3.639451704805822915e+24,2.442533095717871922e+24,1.641519582950834781e+24,1.104032140933571489e+24,7.428328989830711544e+23
1.666666666666666644e-02,1.802952693303556446e+25,1.238406320350732437e+25,8.304984042665628278e+24,5.556520463725683334e+24,3.724448520391054596e+24,2.500868532355619298e+24,1.681159279554574967e+24,1.130839441869716098e+24,7.609195784016873002e+23
1.727272727272727293e-02,1.769690647127280765e+25,1.198541839907819788e+25,7.973638464238387326e+24,5.312874892951202799e+24,3.553780313641336227e+24,2.383807217485048980e+24,1.601639629670298283e+24,1.077070944601023623e+24,7.246453172926793845e+23
1.696969696969696795e-02,1.786635238466397568e+25,1.218706730286182444e+25,8.140546251045904184e+24,5.435325722774194016e+24,3.639451704805820230e+24,2.442533095717869774e+24,1.641519582950833170e+24,1.104032140933571623e+24,7.428328989830706176e+23
1.757575757575757444e-02,1.752095777764986819e+25,1.177908867738200877e+25,7.804314640042004404e+24,5.189226838422082925e+24,3.467479980490252853e+24,2.324723205342734785e+24,1.561541608602684518e+24,1.049970919085839030e+24,7.063670152106761110e+23
1.727272727272727293e-02,1.769690647127281624e+25,1.198541839907818285e+25,7.973638464238381957e+24,5.312874892951201725e+24,3.553780313641335153e+24,2.383807217485048443e+24,1.601639629670298014e+24,1.077070944601023355e+24,7.246453172926789819e+23
1.787878787878787942e-02,1.733826541461042706e+25,1.156805366558946686e+25,7.632632135203843887e+24,5.064442039353937888e+24,3.380596986926757006e+24,2.265313621459110992e+24,1.521247813736917327e+24,1.022747178246145019e+24,6.880081987537237663e+23
1.757575757575757444e-02,1.752095777764987249e+25,1.177908867738200877e+25,7.804314640042003330e+24,5.189226838422086146e+24,3.467479980490252316e+24,2.324723205342733980e+24,1.561541608602684250e+24,1.049970919085838493e+24,7.063670152106759768e+23
1.818181818181818094e-02,1.714857864323877569e+25,1.135229258598699854e+25,7.458651823609255763e+24,4.938582589860246981e+24,3.293178238439312807e+24,2.205611261374581912e+24,1.480780628989268262e+24,9.954148731918786620e+23,6.695790910468164545e+23
1.787878787878787942e-02,1.733826541461041633e+25,1.156805366558946256e+25,7.632632135203846034e+24,5.064442039353935741e+24,3.380596986926755396e+24,2.265313621459111797e+24,1.521247813736916522e+24,1.022747178246145556e+24,6.880081987537237663e+23
1.848484848484848592e-02,1.695163648325141096e+25,1.113178872966063335e+25,7.282438213594068577e+24,4.811712192688293543e+24,3.205271238782309292e+24,2.145649132307204826e+24,1.440162512835957968e+24,9.679891818312811885e+23,6.510899252783340826e+23
1.818181818181818094e-02,1.714857864323877784e+25,1.135229258598699854e+25,7.458651823609251468e+24,4.938582589860243759e+24,3.293178238439311733e+24,2.205611261374581376e+24,1.480780628989267994e+24,9.954148731918785278e+23,6.695790910468163203e+23
1.878787878787878743e-02,1.674716730482808240e+25,1.090652985456794393e+25,7.104059563923079529e+24,4.683896150448885769e+24,3.116924062718220126e+24,2.085460430882726740e+24,1.399415982761208715e+24,9.404852983645245612e+23,6.325509376438302545e+23
1.848484848484848592e-02,1.695163648325140022e+25,1.113178872966062905e+25,7.282438213594066429e+24,4.811712192688291395e+24,3.205271238782307682e+24,2.145649132307205363e+24,1.440162512835957968e+24,9.679891818312809201e+23,6.510899252783343510e+23
1.909090909090909241e-02,1.653488840323011373e+25,1.067650860871534971e+25,6.923587997934644003e+24,4.555201353184822440e+24,3.028185327125344639e+24,2.025078520299739001e+24,1.358563599532434712e+24,9.129184227328094372e+23,6.139723602840555146e+23
1.878787878787878743e-02,1.674716730482807381e+25,1.090652985456793534e+25,7.104059563923078455e+24,4.683896150448882548e+24,3.116924062718219589e+24,2.085460430882725935e+24,1.399415982761208447e+24,9.404852983645248296e+23,6.325509376438298518e+23
1.939393939393939392e-02,1.631450555549487662e+25,1.044172297987618825e+25,6.741099615303991348e+24,4.425696262072157218e+24,2.939104160449778311e+24,1.964536906942378045e+24,1.317627951314879279e+24,8.853037500314129206e+23,5.953644142228427495e+23
1.909090909090909241e-02,1.653488840323010299e+25,1.067650860871535616e+25,6.923587997934645076e+24,4.555201353184820830e+24,3.028185327125344639e+24,2.025078520299737391e+24,1.358563599532435249e+24,9.129184227328095714e+23,6.139723602840555146e+23
1.969696969696969543e-02,1.608571255846555644e+25,1.020217677336132022e+25,6.556674600826968304e+24,4.295450889046263215e+24,2.849730170484288406e+24,1.903869216454820841e+24,1.276631637638620853e+24,8.576564598954252881e+23,5.767373023104865235e+23
1.939393939393939392e-02,1.631450555549485944e+25,1.044172297987619898e+25,6.741099615303990275e+24,4.425696262072155071e+24,2.939104160449777774e+24,1.964536906942377508e+24,1.317627951314879010e+24,8.853037500314127864e+23,5.953644142228427495e+23
2.000000000000000042e-02,1.584819074738326818e+25,9.957880119434786432e+24,6.370397329571205377e+24,4.164536772143847540e+24,2.760113410461161006e+24,1.843109169293799008e+24,1.235597253231594262e+24,8.299917058670584870e+23,5.581012021783120126e+23
1.969696969696969543e-02,1.608571255846554355e+25,1.020217677336131808e+25,6.556674600826967230e+24,4.295450889046263215e+24,2.849730170484287332e+24,1.903869216454819768e+24,1.276631637638620316e+24,8.576564598954248855e+23,5.767373023104859866e+23
2.030303030303030193e-02,1.560160849423516836e+25,9.708850012051565934e+24,6.182356467683321094e+24,4.033026946351339661e+24,2.670304343450613650e+24,1.782290555777301178e+24,1.194547371732808451e+24,8.023246047536124076e+23,5.394662592101769806e+23
2.000000000000000042e-02,1.584819074738324456e+25,9.957880119434782137e+24,6.370397329571206450e+24,4.164536772143845929e+24,2.760113410461162080e+24,1.843109169293798471e+24,1.235597253231593726e+24,8.299917058670584870e+23,5.581012021783120126e+23
2.060606060606060691e-02,1.534562068501810433e+25,9.455110880683585138e+24,5.992645068077559246e+24,3.900995909751203806e+24,2.580353805061541620e+24,1.721447210649709030e+24,1.153504529300639361e+24,7.746702259853340506e+23,5.208425795366685644e+23
2.030303030303030193e-02,1.560160849423515977e+25,9.708850012051570229e+24,6.182356467683321094e+24,4.033026946351338587e+24,2.670304343450615261e+24,1.782290555777300642e+24,1.194547371732807511e+24,8.023246047536120049e+23,5.394662592101769806e+23
2.090909090909090842e-02,1.507986817504073848e+25,9.196695197093230440e+24,5.801360660164399872e+24,3.768519584758854089e+24,2.490312964446561212e+24,1.660612987185599330e+24,1.112491208131655829e+24,7.470435809825861696e+23,5.022402230577985759e+23
2.060606060606060691e-02,1.534562068501810003e+25,9.455110880683587285e+24,5.992645068077558172e+24,3.900995909751202195e+24,2.580353805061540010e+24,1.721447210649708225e+24,1.153504529300639495e+24,7.746702259853333795e+23,5.208425795366682960e+23
2.121212121212121340e-02,1.480397722134993807e+25,8.933644119012726710e+24,5.608605332705135219e+24,3.635675274246198481e+24,2.400233283619229369e+24,1.599821730856589165e+24,1.071529819906040865e+24,7.194596125418778001e+23,4.836691965000128418e+23
2.090909090909090842e-02,1.507986817504073204e+25,9.196695197093229366e+24,5.801360660164397725e+24,3.768519584758853553e+24,2.490312964446560675e+24,1.660612987185598256e+24,1.112491208131655829e+24,7.470435809825854985e+23,5.022402230577981733e+23
2.151515151515151492e-02,1.451755889132787025e+25,8.666008172790474156e+24,5.414485808801486553e+24,3.502541612351537275e+24,2.310166475097213650e+24,1.539107252587679736e+24,1.030642689176250513e+24,6.919331842504396772e+23,4.651394465133653991e+23
2.121212121212121340e-02,1.480397722134994451e+25,8.933644119012724563e+24,5.608605332705135219e+24,3.635675274246195797e+24,2.400233283619229637e+24,1.599821730856588359e+24,1.071529819906040597e+24,7.194596125418776659e+23,4.836691965000129760e+23
2.181818181818181990e-02,1.422020844646537604e+25,8.393847977174397264e+24,5.219113511946517859e+24,3.369198509781519805e+24,2.220164457891821137e+24,1.478503301631659991e+24,9.898520367161266594e+23,6.644790699391656573e+23,4.466608528146838051e+23
2.151515151515151492e-02,1.451755889132787455e+25,8.666008172790474156e+24,5.414485808801487627e+24,3.502541612351534590e+24,2.310166475097213919e+24,1.539107252587678931e+24,1.030642689176251050e+24,6.919331842504392746e+23,4.651394465133657347e+23
2.212121212121212141e-02,1.391150470027462014e+25,8.117235010516641085e+24,5.022604621974753897e+24,3.235727093417849970e+24,2.130279311870965775e+24,1.418043538092305135e+24,9.491799628481973212e+23,6.371119431838403091e+23,4.282432213825902713e+23
2.181818181818181990e-02,1.422020844646537604e+25,8.393847977174396190e+24,5.219113511946516785e+24,3.369198509781521416e+24,2.220164457891820869e+24,1.478503301631659722e+24,9.898520367161269278e+23,6.644790699391657915e+23,4.466608528146836708e+23
2.242424242424242292e-02,1.359100934925980624e+25,7.836252423803901042e+24,4.825080119654958401e+24,3.102209640050509627e+24,2.040563230529961547e+24,1.357761505129169632e+24,9.086484307674361307e+23,6.098463668646717602e+23,4.098962777102162885e+23
2.212121212121212141e-02,1.391150470027462229e+25,8.117235010516644306e+24,5.022604621974756045e+24,3.235727093417850507e+24,2.130279311870966312e+24,1.418043538092305672e+24,9.491799628481977238e+23,6.371119431838399065e+23,4.282432213825902713e+23
2.272727272727272790e-02,1.325826627581821930e+25,7.550995902043977784e+24,4.626665818567824267e+24,2.968729504070335432e+24,1.951068472211996198e+24,1.297690600878942687e+24,8.682792498802229196e+23,5.826967827942338420e+23,3.916296601214408909e+23
2.242424242424242292e-02,1.359100934925980839e+25,7.836252423803903190e+24,4.825080119654955180e+24,3.102209640050508016e+24,2.040563230529960205e+24,1.357761505129170437e+24,9.086484307674359965e+23,6.098463668646716260e+23,4.098962777102164228e+23
2.303030303030302942e-02,1.291280082189566954e+25,7.261574576671753538e+24,4.427492382803099606e+24,2.835371038966927308e+24,1.861847309828073309e+24,1.237864050130390989e+24,8.280940591777072588e+23,5.556775014239811729e+23,3.734529131564662019e+23
2.272727272727272790e-02,1.325826627581821500e+25,7.550995902043977784e+24,4.626665818567820509e+24,2.968729504070335969e+24,1.951068472211995124e+24,1.297690600878943223e+24,8.682792498802222485e+23,5.826967827942336406e+23,3.916296601214408238e+23
2.333333333333333440e-02,1.255411903217031380e+25,6.968111991777241915e+24,4.227695328895125498e+24,2.702219512493388725e+24,1.772951979134420882e+24,1.178314875791960976e+24,7.881143106632106063e+23,5.288026916395513482e+23,3.553754810325139708e+23
2.303030303030302942e-02,1.291280082189566095e+25,7.261574576671749243e+24,4.427492382803096922e+24,2.835371038966926771e+24,1.861847309828072504e+24,1.237864050130389916e+24,8.280940591777071246e+23,5.556775014239811729e+23,3.734529131564662019e+23
2.363636363636363591e-02,1.218170686548609434e+25,6.670747127104774183e+24,4.027415010292862919e+24,2.569361015377801307e+24,1.684434625633964475e+24,1.119075870193203429e+24,7.483612528536665771e+23,5.020863706551100826e+23,3.374067011853937940e+23
2.333333333333333440e-02,1.255411903217030736e+25,6.968111991777241915e+24,4.227695328895125498e+24,2.702219512493390336e+24,1.772951979134421150e+24,1.178314875791961110e+24,7.881143106632102036e+23,5.288026916395513482e+23,3.553754810325138365e+23
2.393939393939394089e-02,1.179502937320245051e+25,6.369635480926542224e+24,3.826796582528927211e+24,2.436882363482295727e+24,1.596347250177263033e+24,1.060179566263030906e+24,7.088559143754648634e+23,4.755423940169924660e+23,3.195557978976496218e+23
2.363636363636363591e-02,1.218170686548609004e+25,6.670747127104776331e+24,4.027415010292860772e+24,2.569361015377801844e+24,1.684434625633965549e+24,1.119075870193203295e+24,7.483612528536660403e+23,5.020863706551097470e+23,3.374067011853939282e+23
2.424242424242424240e-02,1.139352984307003726e+25,6.064950216055187602e+24,3.625989947112041751e+24,2.304870993335061341e+24,1.508741653347525512e+24,1.001658208629803536e+24,6.696190876753698100e+23,4.491844457269161760e+23,3.018318760189408229e+23
2.393939393939394089e-02,1.179502937320245265e+25,6.369635480926540077e+24,3.826796582528927748e+24,2.436882363482295727e+24,1.596347250177263838e+24,1.060179566263031040e+24,7.088559143754645950e+23,4.755423940169921976e+23,3.195557978976496889e+23
2.454545454545454392e-02,1.097662890718251691e+25,5.756883372430531215e+24,3.425149672017742227e+24,2.173414850988349772e+24,1.421669378723647572e+24,9.435437246900180731e+23,6.306713128674184607e+23,4.230260284949925609e+23,2.842439147842570667e+23
2.424242424242424240e-02,1.139352984307003941e+25,6.064950216055188676e+24,3.625989947112041751e+24,2.304870993335061878e+24,1.508741653347524439e+24,1.001658208629803805e+24,6.696190876753699443e+23,4.491844457269159747e+23,3.018318760189408229e+23
2.484848484848484890e-02,1.054372361249250750e+25,5.445647149893800572e+24,3.224434886492612389e+24,2.042602274187148538e+24,1.335181655124867216e+24,8.858676956940792360e+23,5.920328617369550822e+23,3.970804541327475506e+23,2.668007617355014251e+23
2.454545454545454392e-02,1.097662890718251261e+25,5.756883372430535510e+24,3.425149672017741690e+24,2.173414850988350309e+24,1.421669378723647572e+24,9.435437246900180731e+23,6.306713128674183264e+23,4.230260284949924267e+23,2.842439147842570331e+23
2.515151515151515041e-02,1.009418645231554014e+25,5.131475264950612290e+24,3.024009147717468876e+24,1.912521867869031305e+24,1.249329337950379836e+24,8.286613278992660882e+23,5.537237219230927909e+23,3.713608340962910667e+23,2.495111267518958671e+23
2.484848484848484890e-02,1.054372361249251180e+25,5.445647149893804867e+24,3.224434886492611315e+24,2.042602274187149880e+24,1.335181655124867753e+24,8.858676956940791018e+23,5.920328617369547466e+23,3.970804541327473493e+23,2.668007617355014251e+23
2.545454545454545539e-02,9.627364357177418826e+24,4.814624385521104238e+24,2.824040276693571676e+24,1.783262373055892793e+24,1.164162849737156862e+24,7.719554238414715712e+23,5.157635813010087996e+23,3.458800701896996516e+23,2.323835761945877173e+23
2.515151515151515041e-02,1.009418645231553370e+25,5.131475264950612290e+24,3.024009147717468876e+24,1.912521867869031573e+24,1.249329337950378494e+24,8.286613278992658197e+23,5.537237219230926567e+23,3.713608340962909325e+23,2.495111267518957664e+23
2.575757575757575690e-02,9.142577643291388622e+24,4.495375647882769315e+24,2.624700160522984855e+24,1.654912529243592825e+24,1.079732120069199249e+24,7.157803537786583227e+23,4.781718125855540951e+23,3.206508454385765738e+23,2.154265271707435155e+23
2.545454545454545539e-02,9.627364357177416679e+24,4.814624385521102090e+24,2.824040276693571139e+24,1.783262373055893330e+24,1.164162849737155923e+24,7.719554238414711685e+23,5.157635813010088667e+23,3.458800701896995174e+23,2.323835761945876166e+23
2.606060606060606188e-02,8.639118916876957299e+24,4.174036260229192467e+24,2.426164518048607253e+24,1.527560930446083352e+24,9.960865249813582787e+23,6.601660273601464249e+23,4.409674581776244649e+23,2.956856151436428355e+23,1.986482419223162467e+23
2.575757575757575690e-02,9.142577643291385400e+24,4.495375647882772000e+24,2.624700160522985392e+24,1.654912529243592825e+24,1.079732120069198443e+24,7.157803537786583227e+23,4.781718125855540951e+23,3.206508454385765067e+23,2.154265271707435155e+23
2.636363636363636340e-02,8.116251932456562905e+24,3.850941197496578589e+24,2.228612625600312743e+24,1.401295875107048833e+24,9.132748260107623470e+23,6.051418655768946902e+23,4.041692152747189894e+23,2.709965981240616152e+23,1.820568223445697409e+23
2.606060606060606188e-02,8.639118916876960520e+24,4.174036260229196225e+24,2.426164518048605642e+24,1.527560930446083352e+24,9.960865249813580103e+23,6.601660273601465591e+23,4.409674581776241965e+23,2.956856151436428355e+23,1.986482419223162132e+23
2.666666666666666491e-02,7.573210403186022958e+24,3.526454992350061103e+24,2.032226999360673118e+24,1.276205210154862371e+24,8.313451090585714143e+23,5.507367730487590419e+23,3.677954212669612527e+23,2.465957681600560387e+23,1.656602046393276401e+23
2.636363636363636340e-02,8.116251932456568274e+24,3.850941197496576979e+24,2.228612625600311938e+24,1.401295875107048833e+24,9.132748260107624812e+23,6.051418655768952271e+23,4.041692152747185867e+23,2.709965981240618165e+23,1.820568223445698080e+23
2.696969696969696989e-02,7.009196761191813420e+24,3.200973627474249865e+24,1.837193030615506868e+24,1.152376169546364234e+24,7.503447232342015512e+23,4.969791107053518303e+23,3.318640394396957231e+23,2.224948456441841441e+23,1.494661541077935530e+23
2.666666666666666491e-02,7.573210403186025106e+24,3.526454992350059493e+24,2.032226999360673655e+24,1.276205210154863176e+24,8.313451090585714143e+23,5.507367730487585722e+23,3.677954212669610514e+23,2.465957681600559715e+23,1.656602046393276065e+23
2.727272727272727140e-02,6.423380865801252531e+24,2.874926534577328933e+24,1.643698569890527634e+24,1.029895207721996950e+24,6.703202198631929715e+23,4.438966689175703231e+23,2.963926450035198892e+23,1.987052894504575419e+23,1.334822600876628661e+23
2.696969696969696989e-02,7.009196761191810198e+24,3.200973627474249865e+24,1.837193030615507405e+24,1.152376169546363966e+24,7.503447232342012828e+23,4.969791107053516961e+23,3.318640394396958573e+23,2.224948456441842447e+23,1.494661541077935530e+23
2.757575757575757638e-02,5.814898657461254457e+24,2.548778705796490729e+24,1.451933455694415394e+24,9.088478284801822194e+23,5.913172918484179773e+23,3.915166411370109841e+23,2.613984114723048821e+23,1.752382890302465953e+23,1.177159310391045815e+23
2.727272727272727140e-02,6.423380865801247162e+24,2.874926534577328396e+24,1.643698569890527097e+24,1.029895207721996816e+24,6.703202198631928373e+23,4.438966689175703231e+23,2.963926450035198557e+23,1.987052894504575419e+23,1.334822600876627486e+23
2.787878787878787790e-02,5.182850755047003414e+24,2.223032923484888058e+24,1.262088983289974560e+24,7.893184098726720831e+23,5.133807135821686584e+23,3.398655981004811886e+23,2.268980974093924030e+23,1.521047567437018096e+23,1.021743897840548472e+23
2.757575757575757638e-02,5.814898657461250162e+24,2.548778705796490729e+24,1.451933455694415662e+24,9.088478284801824879e+23,5.913172918484176418e+23,3.915166411370108499e+23,2.613984114723048485e+23,1.752382890302465953e+23,1.177159310391044976e+23
2.818181818181818288e-02,4.526300994163280083e+24,1.898232114667361929e+24,1.074357308597187411e+24,6.713900258261203314e+23,4.365542816137041727e+23,2.889694626564691796e+23,1.929080335617050123e+23,1.293153204351432728e+23,8.686466890310741708e+22
2.787878787878787790e-02,5.182850755047001267e+24,2.223032923484886984e+24,1.262088983289974560e+24,7.893184098726724858e+23,5.133807135821685242e+23,3.398655981004811215e+23,2.268980974093924366e+23,1.521047567437017425e+23,1.021743897840548808e+23
2.848484848484848439e-02,3.844274903938740873e+24,1.574961836774741730e+24,8.889307819943249618e+23,5.551442653088081049e+23,3.608807562828571015e+23,2.388534852698787157e+23,1.594441104010203229e+23,1.068803162606089682e+23,7.179360629413360383e+22
2.818181818181818288e-02,4.526300994163278472e+24,1.898232114667360319e+24,1.074357308597187142e+24,6.713900258261205999e+23,4.365542816137040384e+23,2.889694626564690453e+23,1.929080335617050794e+23,1.293153204351433064e+23,8.686466890310741708e+22
2.878787878787878937e-02,3.135758119706084508e+24,1.253852901605231817e+24,7.060012064241092909e+23,4.406610499861974016e+23,2.864018045350933357e+23,1.895422202604458701e+23,1.265217660910781837e+23,8.480978177544483452e+22,5.696784089659603105e+22
2.848484848484848439e-02,3.844274903938739263e+24,1.574961836774741462e+24,8.889307819943245591e+23,5.551442653088080378e+23,3.608807562828568330e+23,2.388534852698786822e+23,1.594441104010203565e+23,1.068803162606089347e+23,7.179360629413355350e+22
2.909090909090909088e-02,2.399694728849630784e+24,9.355841448171750042e+23,5.257590138304395487e+23,3.280184514457539906e+23,2.131579441368332386e+23,1.410595028291242867e+23,9.415597489857719435e+22,6.311344928951860042e+22,4.239380858535518247e+22
2.878787878787878937e-02,3.135758119706080750e+24,1.253852901605231280e+24,7.060012064241094251e+23,4.406610499861974687e+23,2.864018045350931008e+23,1.895422202604458030e+23,1.265217660910781334e+23,8.480978177544483452e+22,5.696784089659601427e+22
2.939393939393939240e-02,1.634985546985058662e+24,6.208853486310265601e+23,3.483923535456203587e+23,2.172925092210639404e+23,1.411884895114887671e+23,9.342842692525224467e+22,6.236123606540869016e+22,4.180073949729916138e+22,2.807773823758502776e+22
2.909090909090909088e-02,2.399694728849630784e+24,9.355841448171755411e+23,5.257590138304393474e+23,3.280184514457538564e+23,2.131579441368332386e+23,1.410595028291243202e+23,9.415597489857712724e+22,6.311344928951863398e+22,4.239380858535520764e+22
2.969696969696969738e-02,8.404863215148121991e+23,3.105403258106776828e+23,1.740860858174249831e+23,1.085570510088968633e+23,7.053149941643203314e+22,4.667132400558092268e+22,3.115156315874086460e+22,2.088075538970372892e+22,1.402564797623843789e+22
2.939393939393939240e-02,1.634985546985057857e+24,6.208853486310261575e+23,3.483923535456203587e+23,2.172925092210639404e+23,1.411884895114888175e+23,9.342842692525219434e+22,6.236123606540866499e+22,4.180073949729912783e+22,2.807773823758500679e+22
2.999999999999999889e-02,1.500585947560590652e+22,5.390173406250966974e+21,3.020673207716961321e+21,1.883516651391827575e+21,1.223726678546164220e+21,8.097427341767952302e+20,5.404739147460747592e+20,3.622764542509400719e+20,2.433415933116837724e+20
2.969696969696969738e-02,8.404863215148111254e+23,3.105403258106771459e+23,1.740860858174249831e+23,1.085570510088968130e+23,7.053149941643199958e+22,4.667132400558083880e+22,3.115156315874084363e+22,2.088075538970370376e+22,1.402564797623841902e+22
