x,t=1.00e+04s,t=2.00e+04s,t=3.00e+04s,t=4.00e+04s,t=5.00e+04s,t=6.00e+04s,t=7.00e+04s,t=8.00e+04s,t=9.00e+04s
3.030303030303030300e-04,4.781952373113962742e+23,6.380151889837871333e+21,7.691878238713520128e+19,9.004689434541280000e+17,1.045631231601019200e+16,1.211582808704115781e+14,1.211582808704115781e+14,1.211582808704115781e+14,1.211582808704115781e+14
0.000000000000000000e+00,4.782099699270483108e+23,6.380433584490134110e+21,7.692254573225064858e+19,9.005143303313136640e+17,1.045684370025539400e+16,1.211644515014428594e+14,1.211644515014428594e+14,1.211644515014428594e+14,1.211644515014428594e+14
6.060606060606060601e-04,4.780394585342601404e+23,6.377173546801516511e+21,7.687899400976446259e+19,8.999890912413907200e+17,1.045069428241540600e+16,1.210930422448404844e+14,1.210930422448404844e+14,1.210930422448404844e+14,1.210930422448404844e+14
3.030303030303030300e-04,4.781952373113960729e+23,6.380151889837867139e+21,7.691878238713523405e+19,9.004689434541277440e+17,1.045631231601019200e+16,1.211582808704115312e+14,1.211582808704115312e+14,1.211582808704115312e+14,1.211582808704115312e+14
9.090909090909090901e-04,4.777944523865909667e+23,6.372490456617240756e+21,7.681643840509711155e+19,8.992346934517696000e+17,1.044186202030072800e+16,1.209904791938439062e+14,1.209904791938439062e+14,1.209904791938439062e+14,1.209904791938439062e+14
6.060606060606060601e-04,4.780394585342598049e+23,6.377173546801511268e+21,7.687899400976441344e+19,8.999890912413909760e+17,1.045069428241541000e+16,1.210930422448404844e+14,1.210930422448404844e+14,1.210930422448404844e+14,1.210930422448404844e+14
1.212121212121212120e-03,4.774538889047958524e+23,6.365983321148752921e+21,7.672953176323457024e+19,8.981866919134977280e+17,1.042959255439846600e+16,1.208480029542903281e+14,1.208480029542903281e+14,1.208480029542903281e+14,1.208480029542903281e+14
9.090909090909090901e-04,4.777944523865906311e+23,6.372490456617240756e+21,7.681643840509702963e+19,8.992346934517699840e+17,1.044186202030072600e+16,1.209904791938438594e+14,1.209904791938438594e+14,1.209904791938438594e+14,1.209904791938438594e+14
1.515151515151515150e-03,4.770168757324936391e+23,6.357637477439886066e+21,7.661809197225651405e+19,8.968429496285788160e+17,1.041386107962898600e+16,1.206653261816042969e+14,1.206653261816042969e+14,1.206653261816042969e+14,1.206653261816042969e+14
1.212121212121212120e-03,4.774538889047957182e+23,6.365983321148755018e+21,7.672953176323452109e+19,8.981866919134977280e+17,1.042959255439846600e+16,1.208480029542903281e+14,1.208480029542903281e+14,1.208480029542903281e+14,1.208480029542903281e+14
1.818181818181818180e-03,4.764831436202114296e+23,6.347450862378203218e+21,7.648210915352526848e+19,8.952034234831151360e+17,1.039466736611279800e+16,1.204424471039915156e+14,1.204424471039915156e+14,1.204424471039915156e+14,1.204424471039915156e+14
1.515151515151515150e-03,4.770168757324936391e+23,6.357637477439886066e+21,7.661809197225648128e+19,8.968429496285785600e+17,1.041386107962898800e+16,1.206653261816042500e+14,1.206653261816042500e+14,1.206653261816042500e+14,1.206653261816042500e+14
2.121212121212120993e-03,4.758525806279550650e+23,6.335425106794401235e+21,7.632162665804411699e+19,8.932687288605544960e+17,1.037201895305000200e+16,1.201794543607125625e+14,1.201794543607125625e+14,1.201794543607125625e+14,1.201794543607125625e+14
1.818181818181818180e-03,4.764831436202116980e+23,6.347450862378204266e+21,7.648210915352528486e+19,8.952034234831151360e+17,1.039466736611279400e+16,1.204424471039915312e+14,1.204424471039915312e+14,1.204424471039915312e+14,1.204424471039915312e+14
2.424242424242424240e-03,4.751251298857592470e+23,6.321563580557620675e+21,7.613671491763147571e+19,8.910398240566792960e+17,1.034592745289392000e+16,1.198764840811666875e+14,1.198764840811666875e+14,1.198764840811666875e+14,1.198764840811666875e+14
2.121212121212120993e-03,4.758525806279547295e+23,6.335425106794397041e+21,7.632162665804408422e+19,8.932687288605541120e+17,1.037201895305000600e+16,1.201794543607124688e+14,1.201794543607124688e+14,1.201794543607124688e+14,1.201794543607124688e+14
2.727272727272727487e-03,4.743007577268948210e+23,6.305870783272164786e+21,7.592746326732203622e+19,8.885179113934526720e+17,1.031640739243593400e+16,1.195337064229474062e+14,1.195337064229474062e+14,1.195337064229474062e+14,1.195337064229474062e+14
2.424242424242424240e-03,4.751251298857589114e+23,6.321563580557620675e+21,7.613671491763142656e+19,8.910398240566794240e+17,1.034592745289392400e+16,1.198764840811665781e+14,1.198764840811665781e+14,1.198764840811665781e+14,1.198764840811665781e+14
3.030303030303030300e-03,4.733794414549841289e+23,6.288352110425615106e+21,7.569397677815300096e+19,8.857043987207617280e+17,1.028347576073787200e+16,1.191513203174296250e+14,1.191513203174296250e+14,1.191513203174296250e+14,1.191513203174296250e+14
2.727272727272727487e-03,4.743007577268950223e+23,6.305870783272165835e+21,7.592746326732206899e+19,8.885179113934531840e+17,1.031640739243594400e+16,1.195337064229474531e+14,1.195337064229474531e+14,1.195337064229474531e+14,1.195337064229474531e+14
3.333333333333333114e-03,4.723611639358162406e+23,6.269013750057298559e+21,7.543637482803806208e+19,8.826008818416938240e+17,1.024715180186557000e+16,1.187295510575163281e+14,1.187295510575163281e+14,1.187295510575163281e+14,1.187295510575163281e+14
3.030303030303030300e-03,4.733794414549841960e+23,6.288352110425615106e+21,7.569397677815305011e+19,8.857043987207621120e+17,1.028347576073787800e+16,1.191513203174296250e+14,1.191513203174296250e+14,1.191513203174296250e+14,1.191513203174296250e+14
3.636363636363636360e-03,4.712459109467196983e+23,6.247862632174226244e+21,7.515479037166616576e+19,8.792091353299951360e+17,1.020745690571325000e+16,1.182686490238558438e+14,1.182686490238558438e+14,1.182686490238558438e+14,1.182686490238558438e+14
3.333333333333333114e-03,4.723611639358159722e+23,6.269013750057295413e+21,7.543637482803806208e+19,8.826008818416933120e+17,1.024715180186556600e+16,1.187295510575162031e+14,1.187295510575162031e+14,1.187295510575162031e+14,1.187295510575162031e+14
3.939393939393939607e-03,4.700336697705852421e+23,6.224906401980626239e+21,7.484936952287146803e+19,8.755311070782260480e+17,1.016441454234471000e+16,1.177688889158223438e+14,1.177688889158223438e+14,1.177688889158223438e+14,1.177688889158223438e+14
3.636363636363636360e-03,4.712459109467195640e+23,6.247862632174226244e+21,7.515479037166614938e+19,8.792091353299948800e+17,1.020745690571325200e+16,1.182686490238557500e+14,1.182686490238557500e+14,1.182686490238557500e+14,1.182686490238557500e+14
4.242424242424241987e-03,4.687244284017499796e+23,6.200153404822429630e+21,7.452027128779153408e+19,8.715689146274000640e+17,1.011805021703371800e+16,1.172305692223020156e+14,1.172305692223020156e+14,1.172305692223020156e+14,1.172305692223020156e+14
3.939393939393939607e-03,4.700336697705850407e+23,6.224906401980624142e+21,7.484936952287140250e+19,8.755311070782263040e+17,1.016441454234471200e+16,1.177688889158222812e+14,1.177688889158222812e+14,1.177688889158222812e+14,1.177688889158222812e+14
4.545454545454545234e-03,4.673181750739506163e+23,6.173612677302583296e+21,7.416766737477209293e+19,8.673248423852651520e+17,1.006839143555584800e+16,1.166540118110119062e+14,1.166540118110119062e+14,1.166540118110119062e+14,1.166540118110119062e+14
4.242424242424241987e-03,4.687244284017499796e+23,6.200153404822430679e+21,7.452027128779150131e+19,8.715689146273994240e+17,1.011805021703371800e+16,1.172305692223020312e+14,1.172305692223020312e+14,1.172305692223020312e+14,1.172305692223020312e+14
4.848484848484848481e-03,4.658148979674992293e+23,6.145293941835297718e+21,7.379174204449670758e+19,8.628013392938599680e+17,1.001546767459057800e+16,1.160395615766238594e+14,1.160395615766238594e+14,1.160395615766238594e+14,1.160395615766238594e+14
4.545454545454545234e-03,4.673181750739503478e+23,6.173612677302582247e+21,7.416766737477209293e+19,8.673248423852646400e+17,1.006839143555584800e+16,1.166540118110117969e+14,1.166540118110117969e+14,1.166540118110117969e+14,1.166540118110117969e+14
5.151515151515151728e-03,4.642145850209538503e+23,6.115207603211790713e+21,7.339269198127325184e+19,8.580010167167884800e+17,9.959310354551186000e+15,1.153875861166067500e+14,1.153875861166067500e+14,1.153875861166067500e+14,1.153875861166067500e+14
4.848484848484848481e-03,4.658148979674990950e+23,6.145293941835296670e+21,7.379174204449674035e+19,8.628013392938589440e+17,1.001546767459056800e+16,1.160395615766237656e+14,1.160395615766237656e+14,1.160395615766237656e+14,1.160395615766237656e+14
5.454545454545454974e-03,4.625172238062698732e+23,6.083364746390446014e+21,7.297072617494878618e+19,8.529266464199965440e+17,9.899952813372988000e+15,1.146984754177212812e+14,1.146984754177212812e+14,1.146984754177212812e+14,1.146984754177212812e+14
5.151515151515151728e-03,4.642145850209536490e+23,6.115207603211794907e+21,7.339269198127328461e+19,8.580010167167878400e+17,9.959310354551184000e+15,1.153875861166066719e+14,1.153875861166066719e+14,1.153875861166066719e+14,1.153875861166066719e+14
5.757575757575757354e-03,4.607228014436665545e+23,6.049777135059366576e+21,7.252606580742801818e+19,8.475811585743776000e+17,9.837430280422152000e+15,1.139726415434695781e+14,1.139726415434695781e+14,1.139726415434695781e+14,1.139726415434695781e+14
5.454545454545454974e-03,4.625172238062697390e+23,6.083364746390449160e+21,7.297072617494876979e+19,8.529266464199959040e+17,9.899952813372988000e+15,1.146984754177212031e+14,1.146984754177212031e+14,1.146984754177212031e+14,1.146984754177212031e+14
6.060606060606060601e-03,4.588313045422934495e+23,6.014457210702957380e+21,7.205894414019347251e+19,8.419676397374508800e+17,9.771779850032400000e+15,1.132105183168240781e+14,1.132105183168240781e+14,1.132105183168240781e+14,1.132105183168240781e+14
5.757575757575757354e-03,4.607228014436665545e+23,6.049777135059366576e+21,7.252606580742801818e+19,8.475811585743772160e+17,9.837430280422162000e+15,1.139726415434695781e+14,1.139726415434695781e+14,1.139726415434695781e+14,1.139726415434695781e+14
6.363636363636363848e-03,4.568427191578933089e+23,5.977418092006555517e+21,7.156960640060540518e+19,8.360893307881571840e+17,9.703040454374238000e+15,1.124125609947907344e+14,1.124125609947907344e+14,1.124125609947907344e+14,1.124125609947907344e+14
6.060606060606060601e-03,4.588313045422935166e+23,6.014457210702958428e+21,7.205894414019350528e+19,8.419676397374503680e+17,9.771779850032408000e+15,1.132105183168240156e+14,1.132105183168240156e+14,1.132105183168240156e+14,1.132105183168240156e+14
6.666666666666666227e-03,4.547570307621100412e+23,5.938673574494126211e+21,7.105830966559180390e+19,8.299496247992266240e+17,9.631252835477344000e+15,1.115792459328024219e+14,1.115792459328024219e+14,1.115792459328024219e+14,1.115792459328024219e+14
6.363636363636363848e-03,4.568427191578933760e+23,5.977418092006552371e+21,7.156960640060544614e+19,8.360893307881573120e+17,9.703040454374242000e+15,1.124125609947907188e+14,1.124125609947907188e+14,1.124125609947907188e+14,1.124125609947907188e+14
6.969696969696969474e-03,4.525742242198888634e+23,5.898238130332665643e+21,7.052532274181377229e+19,8.235520648370114560e+17,9.556459516296676000e+15,1.107110702376490312e+14,1.107110702376490312e+14,1.107110702376490312e+14,1.107110702376490312e+14
6.666666666666666227e-03,4.547570307621101754e+23,5.938673574494123065e+21,7.105830966559184486e+19,8.299496247992264960e+17,9.631252835477340000e+15,1.115792459328024219e+14,1.115792459328024219e+14,1.115792459328024219e+14,1.115792459328024219e+14
7.272727272727272721e-03,4.502942837723811231e+23,5.856126908254219403e+21,6.997092604167406387e+19,8.169003416818819840e+17,9.478704770751086000e+15,1.098085514082011250e+14,1.098085514082011250e+14,1.098085514082011250e+14,1.098085514082011250e+14
6.969696969696969474e-03,4.525742242198887292e+23,5.898238130332666692e+21,7.052532274181373952e+19,8.235520648370109440e+17,9.556459516296670000e+15,1.107110702376490312e+14,1.107110702376490312e+14,1.107110702376490312e+14,1.107110702376490312e+14
7.575757575757575968e-03,4.479171930240946285e+23,5.812355733569777172e+21,6.939541145480432026e+19,8.099982914664930560e+17,9.398034592704178000e+15,1.088722269635703438e+14,1.088722269635703438e+14,1.088722269635703438e+14,1.088722269635703438e+14
7.272727272727272721e-03,4.502942837723808546e+23,5.856126908254221500e+21,6.997092604167403110e+19,8.169003416818821120e+17,9.478704770751084000e+15,1.098085514082011406e+14,1.098085514082011406e+14,1.098085514082011406e+14,1.098085514082011406e+14
7.878787878787879215e-03,4.454429349329064407e+23,5.766941108250051871e+21,6.879908221468984934e+19,8.028498932285374720e+17,9.314496663863306000e+15,1.079026540584586250e+14,1.079026540584586250e+14,1.079026540584586250e+14,1.079026540584586250e+14
7.575757575757575968e-03,4.479171930240943600e+23,5.812355733569778221e+21,6.939541145480432026e+19,8.099982914664928000e+17,9.398034592704174000e+15,1.088722269635703281e+14,1.088722269635703281e+14,1.088722269635703281e+14,1.088722269635703281e+14
8.181818181818182462e-03,4.428714918023077057e+23,5.719900211060314997e+21,6.818225276027650867e+19,7.954592663774763520e+17,9.228140320591968000e+15,1.069004090857098594e+14,1.069004090857098594e+14,1.069004090857098594e+14,1.069004090857098594e+14
7.878787878787879215e-03,4.454429349329060380e+23,5.766941108250050822e+21,6.879908221468987392e+19,8.028498932285370880e+17,9.314496663863298000e+15,1.079026540584585469e+14,1.079026540584585469e+14,1.079026540584585469e+14,1.079026540584585469e+14
8.484848484848483974e-03,4.402028452752776894e+23,5.671250897737964585e+21,6.754524859238785024e+19,7.878306680744787200e+17,9.139016519639244000e+15,1.058660872660927188e+14,1.058660872660927188e+14,1.058660872660927188e+14,1.058660872660927188e+14
8.181818181818182462e-03,4.428714918023077057e+23,5.719900211060317094e+21,6.818225276027658240e+19,7.954592663774766080e+17,9.228140320591974000e+15,1.069004090857098906e+14,1.069004090857098906e+14,1.069004090857098906e+14,1.069004090857098906e+14
8.787878787878787221e-03,4.374369763293489267e+23,5.621011701205300150e+21,6.688840612484407296e+19,7.799684905255152640e+17,9.047177802792684000e+15,1.048003022254672969e+14,1.048003022254672969e+14,1.048003022254672969e+14,1.048003022254672969e+14
8.484848484848483974e-03,4.402028452752774880e+23,5.671250897737962488e+21,6.754524859238784205e+19,7.878306680744779520e+17,9.139016519639238000e+15,1.058660872660926562e+14,1.058660872660926562e+14,1.058660872660926562e+14,1.058660872660926562e+14
9.090909090909090468e-03,4.345738652727223570e+23,5.569201831812430561e+21,6.621207253023602278e+19,7.718772581885268480e+17,8.952678260473235000e+15,1.037036855595434688e+14,1.037036855595434688e+14,1.037036855595434688e+14,1.037036855595434688e+14
8.787878787878787221e-03,4.374369763293484569e+23,5.621011701205297005e+21,6.688840612484407296e+19,7.799684905255148800e+17,9.047177802792688000e+15,1.048003022254671875e+14,1.048003022254671875e+14,1.048003022254671875e+14,1.048003022254671875e+14
9.393939393939393714e-03,4.316134917410301265e+23,5.515841177605330960e+21,6.551660558025568256e+19,7.635616248947398400e+17,8.855573494283586000e+15,1.025768863864467031e+14,1.025768863864467031e+14,1.025768863864467031e+14,1.025768863864467031e+14
9.090909090909090468e-03,4.345738652727220214e+23,5.569201831812426367e+21,6.621207253023606374e+19,7.718772581885268480e+17,8.952678260473237000e+15,1.037036855595433750e+14,1.037036855595433750e+14,1.037036855595433750e+14,1.037036855595433750e+14
9.696969696969696961e-03,4.285558346946963980e+23,5.460950304617048048e+21,6.480237348056031232e+19,7.550263708855448320e+17,8.755920578535251000e+15,1.014205708873786094e+14,1.014205708873786094e+14,1.014205708873786094e+14,1.014205708873786094e+14
9.393939393939393714e-03,4.316134917410299922e+23,5.515841177605328863e+21,6.551660558025566618e+19,7.635616248947402240e+17,8.855573494283584000e+15,1.025768863864466406e+14,1.025768863864466406e+14,1.025768863864466406e+14,1.025768863864466406e+14
1.000000000000000021e-02,4.254008724167346367e+23,5.404550457178170851e+21,6.406975470012724838e+19,7.462763997657419520e+17,8.653778020772039000e+15,1.002354218356415000e+14,1.002354218356415000e+14,1.002354218356415000e+14,1.002354218356415000e+14
9.696969696969696961e-03,4.285558346946961966e+23,5.460950304617046999e+21,6.480237348056030413e+19,7.550263708855448320e+17,8.755920578535243000e+15,1.014205708873785000e+14,1.014205708873785000e+14,1.014205708873785000e+14,1.014205708873785000e+14
1.030303030303030346e-02,4.221485825109007742e+23,5.346663558246082544e+21,6.331913779506616730e+19,7.373167353746103040e+17,8.549205721317224000e+15,9.902213811435848438e+13,9.902213811435848438e+13,9.902213811435848438e+13,9.902213811435848438e+13
1.000000000000000021e-02,4.254008724167344353e+23,5.404550457178168754e+21,6.406975470012716646e+19,7.462763997657420800e+17,8.653778020772035000e+15,1.002354218356413594e+14,1.002354218356413594e+14,1.002354218356413594e+14,1.002354218356413594e+14
1.060606060606060670e-02,4.187989419001327932e+23,5.287312209751438262e+21,6.255092122688118784e+19,7.281525185760802560e+17,8.442264931869023000e+15,9.778143422324437500e+13,9.778143422324437500e+13,9.778143422324437500e+13,9.778143422324437500e+13
1.030303030303030346e-02,4.221485825109006400e+23,5.346663558246086738e+21,6.331913779506610995e+19,7.373167353746105600e+17,8.549205721317224000e+15,9.902213811435839062e+13,9.902213811435839062e+13,9.902213811435839062e+13,9.902213811435839062e+13
1.090909090909090995e-02,4.153519268252053961e+23,5.226519692960054903e+21,6.176551317514217062e+19,7.187890039692801280e+17,8.333018213169822000e+15,9.651403977472254688e+13,9.651403977472254688e+13,9.651403977472254688e+13,9.651403977472254688e+13
1.060606060606060670e-02,4.187989419001327932e+23,5.287312209751441408e+21,6.255092122688113869e+19,7.281525185760811520e+17,8.442264931869020000e+15,9.778143422324435938e+13,9.778143422324435938e+13,9.778143422324435938e+13,9.778143422324435938e+13
1.121212121212121146e-02,4.118075128435522446e+23,5.164309968850470830e+21,6.096333134456659149e+19,7.092315565215109120e+17,8.221529391780112000e+15,9.522069897979368750e+13,9.522069897979368750e+13,9.522069897979368750e+13,9.522069897979368750e+13
1.090909090909090995e-02,4.153519268252055975e+23,5.226519692960054903e+21,6.176551317514219520e+19,7.187890039692805120e+17,8.333018213169818000e+15,9.651403977472257812e+13,9.651403977472257812e+13,9.651403977472257812e+13,9.651403977472257812e+13
1.151515151515151471e-02,4.081656748283019406e+23,5.100707678505679192e+21,6.014480276649590784e+19,6.994856481246740480e+17,8.107863515983781000e+15,9.390217012404226562e+13,9.390217012404226562e+13,9.390217012404226562e+13,9.390217012404226562e+13
1.121212121212121146e-02,4.118075128435523788e+23,5.164309968850469782e+21,6.096333134456658330e+19,7.092315565215107840e+17,8.221529391780103000e+15,9.522069897979364062e+13,9.522069897979364062e+13,9.522069897979364062e+13,9.522069897979364062e+13
1.181818181818181795e-02,4.044263869673419917e+23,5.035738143518854480e+21,5.931036359473425613e+19,6.895568540772453120e+17,7.992086810854219000e+15,9.255922503408537500e+13,9.255922503408537500e+13,9.255922503408537500e+13,9.255922503408537500e+13
1.151515151515151471e-02,4.081656748283019406e+23,5.100707678505677095e+21,6.014480276649590784e+19,6.994856481246740480e+17,8.107863515983773000e+15,9.390217012404220312e+13,9.390217012404220312e+13,9.390217012404220312e+13,9.390217012404220312e+13
1.212121212121212120e-02,4.005896227625354501e+23,4.969427366412640322e+21,5.846045889576863334e+19,6.794508494935023360e+17,7.874266632515421000e+15,9.119264853496751562e+13,9.119264853496751562e+13,9.119264853496751562e+13,9.119264853496751562e+13
1.181818181818181795e-02,4.044263869673420588e+23,5.035738143518853431e+21,5.931036359473423155e+19,6.895568540772451840e+17,7.992086810854216000e+15,9.255922503408539062e+13,9.255922503408539062e+13,9.255922503408539062e+13,9.255922503408539062e+13
1.242424242424242445e-02,3.966553550290042560e+23,4.901802031070789501e+21,5.759554243332292608e+19,6.691734056416906240e+17,7.754471421624882000e+15,8.980323789880340625e+13,8.980323789880340625e+13,8.980323789880340625e+13,8.980323789880340625e+13
1.212121212121212120e-02,4.005896227625355843e+23,4.969427366412634030e+21,5.846045889576862515e+19,6.794508494935025920e+17,7.874266632515420000e+15,9.119264853496750000e+13,9.119264853496750000e+13,9.119264853496750000e+13,9.119264853496750000e+13
1.272727272727272770e-02,3.926235558944774774e+23,4.832889503184613016e+21,5.671607644729117901e+19,6.587303862132395520e+17,7.632770656116683000e+15,8.839180228517659375e+13,8.839180228517659375e+13,8.839180228517659375e+13,8.839180228517659375e+13
1.242424242424242445e-02,3.966553550290044573e+23,4.901802031070787404e+21,5.759554243332286874e+19,6.691734056416910080e+17,7.754471421624877000e+15,8.980323789880337500e+13,8.980323789880337500e+13,8.980323789880337500e+13,8.980323789880337500e+13
1.303030303030303094e-02,3.884941967986895440e+23,4.762717830710105735e+21,5.582253142697055027e+19,6.481277435248014080e+17,7.509234803230773000e+15,8.695916217360204688e+13,8.695916217360204688e+13,8.695916217360204688e+13,8.695916217360204688e+13
1.272727272727272770e-02,3.926235558944774103e+23,4.832889503184613016e+21,5.671607644729116262e+19,6.587303862132394240e+17,7.632770656116680000e+15,8.839180228517657812e+13,8.839180228517657812e+13,8.839180228517657812e+13,8.839180228517657812e+13
1.333333333333333245e-02,3.842672484928240495e+23,4.691315744338897011e+21,5.491538587864877466e+19,6.373715146552394240e+17,7.383935270869328000e+15,8.550614878858770312e+13,8.550614878858770312e+13,8.550614878858770312e+13,8.550614878858770312e+13
1.303030303030303094e-02,3.884941967986895440e+23,4.762717830710105735e+21,5.582253142697054208e+19,6.481277435248012800e+17,7.509234803230781000e+15,8.695916217360203125e+13,8.695916217360203125e+13,8.695916217360203125e+13,8.695916217360203125e+13
1.363636363636363570e-02,3.799426810389880205e+23,4.618712657980710453e+21,5.399512608749063373e+19,6.264678175195587840e+17,7.256944358308764000e+15,8.403360351764954688e+13,8.403360351764954688e+13,8.403360351764954688e+13,8.403360351764954688e+13
1.333333333333333245e-02,3.842672484928239824e+23,4.691315744338898584e+21,5.491538587864872550e+19,6.373715146552392960e+17,7.383935270869323000e+15,8.550614878858767188e+13,8.550614878858767188e+13,8.550614878858767188e+13,8.550614878858767188e+13
1.393939393939393895e-02,3.755204638097548383e+23,4.544938669259036295e+21,5.306224587375726592e+19,6.154228468820807680e+17,7.128335206306621000e+15,8.254237732276578125e+13,8.254237732276578125e+13,8.254237732276578125e+13,8.254237732276578125e+13
1.363636363636363570e-02,3.799426810389880205e+23,4.618712657980714648e+21,5.399512608749061734e+19,6.264678175195585280e+17,7.256944358308763000e+15,8.403360351764956250e+13,8.403360351764956250e+13,8.403360351764956250e+13,8.403360351764956250e+13
1.424242424242424220e-02,3.710005654876546809e+23,4.470024560018159829e+21,5.211724634330728858e+19,6.042428703107080960e+17,6.998181746635590000e+15,8.103333014567448438e+13,8.103333014567448438e+13,8.103333014567448438e+13,8.103333014567448438e+13
1.393939393939393895e-02,3.755204638097546370e+23,4.544938669259034198e+21,5.306224587375723315e+19,6.154228468820802560e+17,7.128335206306621000e+15,8.254237732276578125e+13,8.254237732276578125e+13,8.254237732276578125e+13,8.254237732276578125e+13
1.454545454545454544e-02,3.663829540647497913e+23,4.394001796842534732e+21,5.116063563240330854e+19,5.929342240748736000e+17,6.866558651083592000e+15,7.950733030749809375e+13,7.950733030749809375e+13,7.950733030749809375e+13,7.950733030749809375e+13
1.424242424242424220e-02,3.710005654876545467e+23,4.470024560018156683e+21,5.211724634330726400e+19,6.042428703107080960e+17,6.998181746635589000e+15,8.103333014567446875e+13,8.103333014567446875e+13,8.103333014567446875e+13,8.103333014567446875e+13
1.484848484848484869e-02,3.616675968422301464e+23,4.316902531588622385e+21,5.019292864680607744e+19,5.815033089893352960e+17,6.733541279954543000e+15,7.796525390313478125e+13,7.796525390313478125e+13,7.796525390313478125e+13,7.796525390313478125e+13
1.454545454545454544e-02,3.663829540647495228e+23,4.394001796842531586e+21,5.116063563240325939e+19,5.929342240748736000e+17,6.866558651083590000e+15,7.950733030749803125e+13,7.950733030749803125e+13,7.950733030749803125e+13,7.950733030749803125e+13
1.515151515151515194e-02,3.568544604299630897e+23,4.238759601927838761e+21,4.921464679514266010e+19,5.699565862060243840e+17,6.599205630108296000e+15,7.640798419086759375e+13,7.640798419086759375e+13,7.640798419086759375e+13,7.640798419086759375e+13
1.484848484848484869e-02,3.616675968422301464e+23,4.316902531588619764e+21,5.019292864680605286e+19,5.815033089893351680e+17,6.733541279954540000e+15,7.796525390313481250e+13,7.796525390313481250e+13,7.796525390313481250e+13,7.796525390313481250e+13
1.545454545454545518e-02,3.519435107461100722e+23,4.159606531902450172e+21,4.822631771654357811e+19,5.583005729565489920e+17,6.463628282575725000e+15,7.483641097766743750e+13,7.483641097766743750e+13,7.483641097766743750e+13,7.483641097766743750e+13
1.515151515151515194e-02,3.568544604299632239e+23,4.238759601927834042e+21,4.921464679514263552e+19,5.699565862060246400e+17,6.599205630108292000e+15,7.640798419086759375e+13,7.640798419086759375e+13,7.640798419086759375e+13,7.640798419086759375e+13
1.575757575757575843e-02,3.469347130167251404e+23,4.079477532492398854e+21,4.722847500254967398e+19,5.465418382476934400e+17,6.326886349788746000e+15,7.325143000063837500e+13,7.325143000063837500e+13,7.325143000063837500e+13,7.325143000063837500e+13
1.545454545454545518e-02,3.519435107461102064e+23,4.159606531902449123e+21,4.822631771654359450e+19,5.583005729565488640e+17,6.463628282575717000e+15,7.483641097766742188e+13,7.483641097766742188e+13,7.483641097766742188e+13,7.483641097766742188e+13
1.606060606060605994e-02,3.418280317753569806e+23,3.998407502194535301e+21,4.622165791326114611e+19,5.346869985123883520e+17,6.189057422462361000e+15,7.165394230509570312e+13,7.165394230509570312e+13,7.165394230509570312e+13,7.165394230509570312e+13
1.575757575757575843e-02,3.469347130167252075e+23,4.079477532492400427e+21,4.722847500254971494e+19,5.465418382476936960e+17,6.326886349788741000e+15,7.325143000063840625e+13,7.325143000063840625e+13,7.325143000063840625e+13,7.325143000063840625e+13
1.636363636363636492e-02,3.366234308626796186e+23,3.916432027613631873e+21,4.520641108774190285e+19,5.227427132189479040e+17,6.050219516168685000e+15,7.004485361973578125e+13,7.004485361973578125e+13,7.004485361973578125e+13,7.004485361973578125e+13
1.606060606060605994e-02,3.418280317753565779e+23,3.998407502194534253e+21,4.622165791326112973e+19,5.346869985123882880e+17,6.189057422462358000e+15,7.165394230509568750e+13,7.165394230509568750e+13,7.165394230509568750e+13,7.165394230509568750e+13
1.666666666666666644e-02,3.313208734261116446e+23,3.833587384065396834e+21,4.418328424866085274e+19,5.107156804408116480e+17,5.910451017641103000e+15,6.842507372937046875e+13,6.842507372937046875e+13,6.842507372937046875e+13,6.842507372937046875e+13
1.636363636363636492e-02,3.366234308626794844e+23,3.916432027613631349e+21,4.520641108774190285e+19,5.227427132189483520e+17,6.050219516168690000e+15,7.004485361973576562e+13,7.004485361973576562e+13,7.004485361973576562e+13,7.004485361973576562e+13
1.696969696969696795e-02,3.259203219194199346e+23,3.749910536191151702e+21,4.315283190115605709e+19,4.986126323897574400e+17,5.769830630848598000e+15,6.679551584570322656e+13,6.679551584570322656e+13,6.679551584570322656e+13,6.679551584570322656e+13
1.666666666666666644e-02,3.313208734261117117e+23,3.833587384065396310e+21,4.418328424866085274e+19,5.107156804408120320e+17,5.910451017641105000e+15,6.842507372937050781e+13,6.842507372937050781e+13,6.842507372937050781e+13,6.842507372937050781e+13
1.727272727272727293e-02,3.204217381023582698e+23,3.665439138583620354e+21,4.211561302591868109e+19,4.864403309151692160e+17,5.628437322879530000e+15,6.515709597663000781e+13,6.515709597663000781e+13,6.515709597663000781e+13,6.515709597663000781e+13
1.696969696969696795e-02,3.259203219194198675e+23,3.749910536191150653e+21,4.315283190115603251e+19,4.986126323897573120e+17,5.769830630848592000e+15,6.679551584570321875e+13,6.679551584570321875e+13,6.679551584570321875e+13,6.679551584570321875e+13
1.757575757575757444e-02,3.148250830403012573e+23,3.580211536426208068e+21,4.107219076649482650e+19,4.742055629721824000e+17,5.486350269676192000e+15,6.351073229454465625e+13,6.351073229454465625e+13,6.351073229454465625e+13,6.351073229454465625e+13
1.727272727272727293e-02,3.204217381023582698e+23,3.665439138583621403e+21,4.211561302591868928e+19,4.864403309151693440e+17,5.628437322879530000e+15,6.515709597663003906e+13,6.515709597663003906e+13,6.515709597663003906e+13,6.515709597663003906e+13
1.787878787878787942e-02,3.091303171038341612e+23,3.494266766142059577e+21,4.002313211078148096e+19,4.619151360614517120e+17,5.343648801658821000e+15,6.185734450411590625e+13,6.185734450411590625e+13,6.185734450411590625e+13,6.185734450411590625e+13
1.757575757575757444e-02,3.148250830403011231e+23,3.580211536426205446e+21,4.107219076649483469e+19,4.742055629721818240e+17,5.486350269676190000e+15,6.351073229454464844e+13,6.351073229454464844e+13,6.351073229454464844e+13,6.351073229454464844e+13
1.818181818181818094e-02,3.033373999684130628e+23,3.407644556056615453e+21,3.896900756672446464e+19,4.495758736436306560e+17,5.200412349281223000e+15,6.019785321003240625e+13,6.019785321003240625e+13,6.019785321003240625e+13,6.019785321003240625e+13
1.787878787878787942e-02,3.091303171038342283e+23,3.494266766142060626e+21,4.002313211078148915e+19,4.619151360614513920e+17,5.343648801658823000e+15,6.185734450411594531e+13,6.185734450411594531e+13,6.185734450411594531e+13,6.185734450411594531e+13
1.848484848484848592e-02,2.974462906139571409e+23,3.320385327070672585e+21,3.791039083218841600e+19,4.371946105311235200e+17,5.056720388556966000e+15,5.853317928518603125e+13,5.853317928518603125e+13,5.853317928518603125e+13,5.853317928518603125e+13
1.818181818181818094e-02,3.033373999684131970e+23,3.407644556056615453e+21,3.896900756672445645e+19,4.495758736436305280e+17,5.200412349281219000e+15,6.019785321003236719e+13,6.019785321003236719e+13,6.019785321003236719e+13,6.019785321003236719e+13
1.878787878787878743e-02,2.914569473244614204e+23,3.232530193345981448e+21,3.684785845900986778e+19,4.247781882605042560e+17,4.912652386599215000e+15,5.686424323977746875e+13,5.686424323977746875e+13,5.686424323977746875e+13,5.686424323977746875e+13
1.848484848484848592e-02,2.974462906139572080e+23,3.320385327070674158e+21,3.791039083218840781e+19,4.371946105311234560e+17,5.056720388556963000e+15,5.853317928518601562e+13,5.853317928518601562e+13,5.853317928518601562e+13,5.853317928518601562e+13
1.909090909090909241e-02,2.853693276876507248e+23,3.144120963002582696e+21,3.578198951121631642e+19,4.123334504484171520e+17,4.768287747214159000e+15,5.519196459182668750e+13,5.519196459182668750e+13,5.519196459182668750e+13,5.519196459182668750e+13
1.878787878787878743e-02,2.914569473244611519e+23,3.232530193345980400e+21,3.684785845900985549e+19,4.247781882605038720e+17,4.912652386599213000e+15,5.686424323977742969e+13,5.686424323977742969e+13,5.686424323977742969e+13,5.686424323977742969e+13
1.939393939393939392e-02,2.791833885945513881e+23,3.055200138827563270e+21,3.471336521739371725e+19,3.998672381340087040e+17,4.623705756588010000e+15,5.351726123955739844e+13,5.351726123955739844e+13,5.351726123955739844e+13,5.351726123955739844e+13
1.909090909090909241e-02,2.853693276876505235e+23,3.144120963002581123e+21,3.578198951121631642e+19,4.123334504484168320e+17,4.768287747214157000e+15,5.519196459182666406e+13,5.519196459182666406e+13,5.519196459182666406e+13,5.519196459182666406e+13
1.969696969696969543e-02,2.728990862391322555e+23,2.965810918996055687e+21,3.364256861720741478e+19,3.873863851112333440e+17,4.478985529111768500e+15,5.184104883614480469e+13,5.184104883614480469e+13,5.184104883614480469e+13,5.184104883614480469e+13
1.939393939393939392e-02,2.791833885945514888e+23,3.055200138827562222e+21,3.471336521739371725e+19,3.998672381340087040e+17,4.623705756588009000e+15,5.351726123955736719e+13,5.351726123955736719e+13,5.351726123955736719e+13,5.351726123955736719e+13
2.000000000000000042e-02,2.665163761178987085e+23,2.875997197803564564e+21,3.257018420205280870e+19,3.748977132540079360e+17,4.334205953382277500e+15,5.016424016728989062e+13,5.016424016728989062e+13,5.016424016728989062e+13,5.016424016728989062e+13
1.969696969696969543e-02,2.728990862391320877e+23,2.965810918996055163e+21,3.364256861720739021e+19,3.873863851112332800e+17,4.478985529111765500e+15,5.184104883614478125e+13,5.184104883614478125e+13,5.184104883614478125e+13,5.184104883614478125e+13
2.030303030303030193e-02,2.600352130294889715e+23,2.785803566410486514e+21,3.149679754983197491e+19,3.624080278377050880e+17,4.189445638422146000e+15,4.848774453210000000e+13,4.848774453210000000e+13,4.848774453210000000e+13,4.848774453210000000e+13
2.000000000000000042e-02,2.665163761178986750e+23,2.875997197803562992e+21,3.257018420205280870e+19,3.748977132540081280e+17,4.334205953382276000e+15,5.016424016728989844e+13,5.016424016728989844e+13,5.016424016728989844e+13,5.016424016728989844e+13
2.060606060606060691e-02,2.534555510743041405e+23,2.695275313598382473e+21,3.042299495385257984e+19,3.499241128600779520e+17,4.044782860160505000e+15,4.681246712774962500e+13,4.681246712774962500e+13,4.681246712774962500e+13,4.681246712774962500e+13
2.030303030303030193e-02,2.600352130294886695e+23,2.785803566410485989e+21,3.149679754983195443e+19,3.624080278377051520e+17,4.189445638422144000e+15,4.848774453209996875e+13,4.848774453209996875e+13,4.848774453209996875e+13,4.848774453209996875e+13
2.090909090909090842e-02,2.467773436540505681e+23,2.604458426537813213e+21,2.934936304582019482e+19,3.374527263650961920e+17,3.900295508213678500e+15,4.513930843837242969e+13,4.513930843837242969e+13,4.513930843837242969e+13,4.513930843837242969e+13
2.060606060606060691e-02,2.534555510743039392e+23,2.695275313598382998e+21,3.042299495385258394e+19,3.499241128600778880e+17,4.044782860160507000e+15,4.681246712774962500e+13,4.681246712774962500e+13,4.681246712774962500e+13,4.681246712774962500e+13
2.121212121212121340e-02,2.400005434713862664e+23,2.513399591568070935e+21,2.827648841293643776e+19,3.250005957731119360e+17,3.756061033009880500e+15,4.346916362867428125e+13,4.346916362867428125e+13,4.346916362867428125e+13,4.346916362867428125e+13
2.090909090909090842e-02,2.467773436540504003e+23,2.604458426537811640e+21,2.934936304582018662e+19,3.374527263650962560e+17,3.900295508213677500e+15,4.513930843837239844e+13,4.513930843837239844e+13,4.513930843837239844e+13,4.513930843837239844e+13
2.151515151515151492e-02,2.331251025294712447e+23,2.422146194989220102e+21,2.720495720907299635e+19,3.125744132208008320e+17,3.612156393296758500e+15,4.180292194270237500e+13,4.180292194270237500e+13,4.180292194270237500e+13,4.180292194270237500e+13
2.121212121212121340e-02,2.400005434713860651e+23,2.513399591568071983e+21,2.827648841293644186e+19,3.250005957731119360e+17,3.756061033009881500e+15,4.346916362867430469e+13,4.346916362867430469e+13,4.346916362867430469e+13,4.346916362867430469e+13
2.181818181818181990e-02,2.261509721315523061e+23,2.330746323865114247e+21,2.613535476002068480e+19,3.001808309143761920e+17,3.468658004073278500e+15,4.014146610823370312e+13,4.014146610823370312e+13,4.014146610823370312e+13,4.014146610823370312e+13
2.151515151515151492e-02,2.331251025294711440e+23,2.422146194989219578e+21,2.720495720907297997e+19,3.125744132208007040e+17,3.612156393296757500e+15,4.180292194270237500e+13,4.180292194270237500e+13,4.180292194270237500e+13,4.180292194270237500e+13
2.212121212121212141e-02,2.190781028805522751e+23,2.239248766839032119e+21,2.506826516280319181e+19,2.878264564997136320e+17,3.325641684988022500e+15,3.848567174725224219e+13,3.848567174725224219e+13,3.848567174725224219e+13,3.848567174725224219e+13
2.181818181818181990e-02,2.261509721315522726e+23,2.330746323865113199e+21,2.613535476002066022e+19,3.001808309143762560e+17,3.468658004073280000e+15,4.014146610823373438e+13,4.014146610823373438e+13,4.014146610823373438e+13,4.014146610823373438e+13
2.242424242424242292e-02,2.119064446786187569e+23,2.147703014960744890e+21,2.400427087903636275e+19,2.755178484530196800e+17,3.183182609242277000e+15,3.683640679292769531e+13,3.683640679292769531e+13,3.683640679292769531e+13,3.683640679292769531e+13
2.212121212121212141e-02,2.190781028805521745e+23,2.239248766839031857e+21,2.506826516280319181e+19,2.878264564997137280e+17,3.325641684988025000e+15,3.848567174725225781e+13,3.848567174725225781e+13,3.848567174725225781e+13,3.848567174725225781e+13
2.272727272727272790e-02,2.046359467267387650e+23,2.056159262525812113e+21,2.294395232233302016e+19,2.632615114957037760e+17,3.041355253040591000e+15,3.519453091357269531e+13,3.519453091357269531e+13,3.519453091357269531e+13,3.519453091357269531e+13
2.242424242424242292e-02,2.119064446786187234e+23,2.147703014960743580e+21,2.400427087903636275e+19,2.755178484530196160e+17,3.183182609242276000e+15,3.683640679292767969e+13,3.683640679292767969e+13,3.683640679292767969e+13,3.683640679292767969e+13
2.303030303030302942e-02,1.972665575242560407e+23,1.964668407926328394e+21,2.188788743972813619e+19,2.510638920371732160e+17,2.900233345626327500e+15,3.356089494398189453e+13,3.356089494398189453e+13,3.356089494398189453e+13,3.356089494398189453e+13
2.272727272727272790e-02,2.046359467267387986e+23,2.056159262525812900e+21,2.294395232233302426e+19,2.632615114957037440e+17,3.041355253040590500e+15,3.519453091357270312e+13,3.519453091357270312e+13,3.519453091357270312e+13,3.519453091357270312e+13
2.333333333333333440e-02,1.897982248684433682e+23,1.873282054513695392e+21,2.083665128712718746e+19,2.389313736494400000e+17,2.759889819944430000e+15,3.193634032460355078e+13,3.193634032460355078e+13,3.193634032460355078e+13,3.193634032460355078e+13
2.303030303030302942e-02,1.972665575242559400e+23,1.964668407926327345e+21,2.188788743972811981e+19,2.510638920371730240e+17,2.900233345626327000e+15,3.356089494398187500e+13,3.356089494398187500e+13,3.356089494398187500e+13,3.356089494398187500e+13
2.363636363636363591e-02,1.822308958540514019e+23,1.782052511473510121e+21,1.979081559875147366e+19,2.268702725773254080e+17,2.620396763969065000e+15,3.032169854896101562e+13,3.032169854896101562e+13,3.032169854896101562e+13,3.032169854896101562e+13
2.333333333333333440e-02,1.897982248684433011e+23,1.873282054513695130e+21,2.083665128712717517e+19,2.389313736494400640e+17,2.759889819944430500e+15,3.193634032460356641e+13,3.193634032460356641e+13,3.193634032460356641e+13,3.193634032460356641e+13
2.393939393939394089e-02,1.745645168728610502e+23,1.691032794712095850e+21,1.875094835058416026e+19,2.148868332882131520e+17,2.481825372735760500e+15,2.871779061973251172e+13,2.871779061973251172e+13,2.871779061973251172e+13,2.871779061973251172e+13
2.363636363636363591e-02,1.822308958540514355e+23,1.782052511473509859e+21,1.979081559875146138e+19,2.268702725773252800e+17,2.620396763969065000e+15,3.032169854896100781e+13,3.032169854896100781e+13,3.032169854896100781e+13,3.032169854896100781e+13
2.424242424242424240e-02,1.667990336132102236e+23,1.600276627755166335e+21,1.771761331778845491e+19,2.029872240652883200e+17,2.344245901116591500e+15,2.712542651391198047e+13,2.712542651391198047e+13,2.712542651391198047e+13,2.712542651391198047e+13
2.393939393939394089e-02,1.745645168728611844e+23,1.691032794712095326e+21,1.875094835058415206e+19,2.148868332882130240e+17,2.481825372735761500e+15,2.871779061973251172e+13,2.871779061973251172e+13,2.871779061973251172e+13,2.871779061973251172e+13
2.454545454545454392e-02,1.589343910595539365e+23,1.509838442658212872e+21,1.669136962609938432e+19,1.911775326483143680e+17,2.207727617376726750e+15,2.554540465743691797e+13,2.554540465743691797e+13,2.554540465743691797e+13,2.554540465743691797e+13
2.424242424242424240e-02,1.667990336132103914e+23,1.600276627755166335e+21,1.771761331778846106e+19,2.029872240652883520e+17,2.344245901116593000e+15,2.712542651391197266e+13,2.712542651391197266e+13,2.712542651391197266e+13,2.712542651391197266e+13
2.484848484848484890e-02,1.509705334919663756e+23,1.419773380929002406e+21,1.567277129716664115e+19,1.794637619260268800e+17,2.072338757549326000e+15,2.397851140969127344e+13,2.397851140969127344e+13,2.397851140969127344e+13,2.397851140969127344e+13
2.454545454545454392e-02,1.589343910595539029e+23,1.509838442658212348e+21,1.669136962609939661e+19,1.911775326483142400e+17,2.207727617376726500e+15,2.554540465743689844e+13,2.554540465743689844e+13,2.554540465743689844e+13,2.554540465743689844e+13
2.515151515151515041e-02,1.429074044856935698e+23,1.330137294461934240e+21,1.466236678784394650e+19,1.678518256842403840e+17,1.938146480666303500e+15,2.242552055825700391e+13,2.242552055825700391e+13,2.242552055825700391e+13,2.242552055825700391e+13
2.484848484848484890e-02,1.509705334919663421e+23,1.419773380929002406e+21,1.567277129716664730e+19,1.794637619260268800e+17,2.072338757549326250e+15,2.397851140969126562e+13,2.397851140969126562e+13,2.397851140969126562e+13,2.397851140969126562e+13
2.545454545454545539e-02,1.347449469106534786e+23,1.240986746484396392e+21,1.366069852340458291e+19,1.563475444139365440e+17,1.805216824881460500e+15,2.088719282429735156e+13,2.088719282429735156e+13,2.088719282429735156e+13,2.088719282429735156e+13
2.515151515151515041e-02,1.429074044856935194e+23,1.330137294461933453e+21,1.466236678784394445e+19,1.678518256842405760e+17,1.938146480666302250e+15,2.242552055825696875e+13,2.242552055825696875e+13,2.242552055825696875e+13,2.242552055825696875e+13
2.575757575757575690e-02,1.264831029309493698e+23,1.152379012515054879e+21,1.266830242467562496e+19,1.449566411834870720e+17,1.673614664521640750e+15,1.936427537893523828e+13,1.936427537893523828e+13,1.936427537893523828e+13,1.936427537893523828e+13
2.545454545454545539e-02,1.347449469106535122e+23,1.240986746484395868e+21,1.366069852340458291e+19,1.563475444139367360e+17,1.805216824881460250e+15,2.088719282429735547e+13,2.088719282429735547e+13,2.088719282429735547e+13,2.088719282429735547e+13
2.606060606060606188e-02,1.181218140043871886e+23,1.064372081334249325e+21,1.168570742907597414e+19,1.336847375794360960e+17,1.543403668101233500e+15,1.785750137099546094e+13,1.785750137099546094e+13,1.785750137099546094e+13,1.785750137099546094e+13
2.575757575757575690e-02,1.264831029309493194e+23,1.152379012515054354e+21,1.266830242467562291e+19,1.449566411834871680e+17,1.673614664521640250e+15,1.936427537893524219e+13,1.936427537893524219e+13,1.936427537893524219e+13,1.936427537893524219e+13
2.636363636363636340e-02,1.096610208819717383e+23,9.770246559662908375e+20,1.071343500554485350e+19,1.225373497200864960e+17,1.414646257334488000e+15,1.636758946644363672e+13,1.636758946644363672e+13,1.636758946644363672e+13,1.636758946644363672e+13
2.606060606060606188e-02,1.181218140043871550e+23,1.064372081334248800e+21,1.168570742907597414e+19,1.336847375794361120e+17,1.543403668101233000e+15,1.785750137099544922e+13,1.785750137099544922e+13,1.785750137099544922e+13,1.785750137099544922e+13
2.666666666666666491e-02,1.011006636074141179e+23,8.903961546738485166e+20,9.751998663346802688e+18,1.115198843463888160e+17,1.287403567179280000e+15,1.489524339987479883e+13,1.489524339987479883e+13,1.489524339987479883e+13,1.489524339987479883e+13
2.636363636363636340e-02,1.096610208819717886e+23,9.770246559662914929e+20,1.071343500554486170e+19,1.225373497200864960e+17,1.414646257334488250e+15,1.636758946644363672e+13,1.636758946644363672e+13,1.636758946644363672e+13,1.636758946644363672e+13
2.696969696969696989e-02,9.244068151660312212e+22,8.045467119642185564e+20,8.801903454739169280e+18,1.006376349945751040e+17,1.161735406945477250e+15,1.344115153837320703e+13,1.344115153837320703e+13,1.344115153837320703e+13,1.344115153837320703e+13
2.666666666666666491e-02,1.011006636074140508e+23,8.903961546738477302e+20,9.751998663346806784e+18,1.115198843463887360e+17,1.287403567179279750e+15,1.489524339987479883e+13,1.489524339987479883e+13,1.489524339987479883e+13,1.489524339987479883e+13
2.727272727272727140e-02,8.368101323710200912e+22,7.195371796078531707e+20,7.863645471490662400e+18,8.989577825509728000e+16,1.037700222499818375e+15,1.200598645806559375e+13,1.200598645806559375e+13,1.200598645806559375e+13,1.200598645806559375e+13
2.696969696969696989e-02,9.244068151660315568e+22,8.045467119642180321e+20,8.801903454739170304e+18,1.006376349945750400e+17,1.161735406945476250e+15,1.344115153837320703e+13,1.344115153837320703e+13,1.344115153837320703e+13,1.344115153837320703e+13
2.757575757575757638e-02,7.482159668762420393e+22,6.354291276687354102e+20,6.937711335234340864e+18,7.929937012243566400e+16,9.153550595988718750e+14,1.059040453367510547e+13,1.059040453367510547e+13,1.059040453367510547e+13,1.059040453367510547e+13
2.727272727272727140e-02,8.368101323710195879e+22,7.195371796078531707e+20,7.863645471490658304e+18,8.989577825509728000e+16,1.037700222499817625e+15,1.200598645806559375e+13,1.200598645806559375e+13,1.200598645806559375e+13,1.200598645806559375e+13
2.787878787878787790e-02,6.586236907752908443e+22,5.522848455471029289e+20,6.024577681642438656e+18,6.885334244044812000e+16,7.947555283801063750e+14,9.195045541368257812e+12,9.195045541368257812e+12,9.195045541368257812e+12,9.195045541368257812e+12
2.757575757575757638e-02,7.482159668762415360e+22,6.354291276687352791e+20,6.937711335234337792e+18,7.929937012243563200e+16,9.153550595988718750e+14,1.059040453367510352e+13,1.059040453367510352e+13,1.059040453367510352e+13,1.059040453367510352e+13
2.818181818181818288e-02,5.680326690625679052e+22,4.701673430339232727e+20,5.124710638407828480e+18,5.856249944796297600e+16,6.759557690404083750e+14,7.820532275186989258e+12,7.820532275186989258e+12,7.820532275186989258e+12,7.820532275186989258e+12
2.787878787878787790e-02,6.586236907752906765e+22,5.522848455471024046e+20,6.024577681642430464e+18,6.885334244044810400e+16,7.947555283801061250e+14,9.195045541368248047e+12,9.195045541368248047e+12,9.195045541368248047e+12,9.195045541368248047e+12
2.848484848484848439e-02,4.764422596280994234e+22,3.891403513776958341e+20,4.238565297018472960e+18,4.843151442937376000e+16,5.590084187309135625e+14,6.467470177336011719e+12,6.467470177336011719e+12,6.467470177336011719e+12,6.467470177336011719e+12
2.818181818181818288e-02,5.680326690625676535e+22,4.701673430339234038e+20,5.124710638407824384e+18,5.856249944796297600e+16,6.759557690404086250e+14,7.820532275186987305e+12,7.820532275186987305e+12,7.820532275186987305e+12,7.820532275186987305e+12
2.878787878787878937e-02,3.838518132519837316e+22,3.092683243632579052e+20,3.366585178309186560e+18,3.846492647506413600e+16,4.439645796947275000e+14,5.136446982586679688e+12,5.136446982586679688e+12,5.136446982586679688e+12,5.136446982586679688e+12
2.848484848484848439e-02,4.764422596280992557e+22,3.891403513776958341e+20,4.238565297018469888e+18,4.843151442937370400e+16,5.590084187309131875e+14,6.467470177336009766e+12,6.467470177336009766e+12,6.467470177336009766e+12,6.467470177336009766e+12
2.909090909090909088e-02,2.902606735989717493e+22,2.306164394028575621e+20,2.509201691777428480e+18,2.866713735656531200e+16,3.308737886744060625e+14,3.828032377050494629e+12,3.828032377050494629e+12,3.828032377050494629e+12,3.828032377050494629e+12
2.878787878787878937e-02,3.838518132519836477e+22,3.092683243632578396e+20,3.366585178309185024e+18,3.846492647506412800e+16,4.439645796947271875e+14,5.136446982586677734e+12,5.136446982586677734e+12,5.136446982586677734e+12,5.136446982586677734e+12
2.939393939393939240e-02,1.956681772129109567e+22,1.532505986391860511e+20,1.666833588646153728e+18,1.904240852135436800e+16,2.197839876138771562e+14,2.542777671556529785e+12,2.542777671556529785e+12,2.542777671556529785e+12,2.542777671556529785e+12
2.909090909090909088e-02,2.902606735989719171e+22,2.306164394028575949e+20,2.509201691777429504e+18,2.866713735656531200e+16,3.308737886744059375e+14,3.828032377050495117e+12,3.828032377050495117e+12,3.828032377050495117e+12,3.828032377050495117e+12
2.969696969696969738e-02,1.000736535112574619e+22,7.723743006072997478e+19,8.398864086606748160e+17,9.594858212319768000e+15,1.107414956788010625e+14,1.281215489861203369e+12,1.281215489861203369e+12,1.281215489861203369e+12,1.281215489861203369e+12
2.939393939393939240e-02,1.956681772129109567e+22,1.532505986391858872e+20,1.666833588646153216e+18,1.904240852135435600e+16,2.197839876138768750e+14,2.542777671556529785e+12,2.542777671556529785e+12,2.542777671556529785e+12,2.542777671556529785e+12
2.999999999999999889e-02,3.476424779102036296e+20,2.644288629183452672e+18,2.875192060235626800e+16,3.284587169418949375e+14,3.790982617934932617e+12,4.385947189960900879e+10,4.385947189960900879e+10,4.385947189960900879e+10,4.385947189960900879e+10
2.969696969696969738e-02,1.000736535112574199e+22,7.723743006072994202e+19,8.398864086606739200e+17,9.594858212319756000e+15,1.107414956788009219e+14,1.281215489861203125e+12,1.281215489861203125e+12,1.281215489861203125e+12,1.281215489861203125e+12
