x,t=1.00e+05s,t=2.00e+05s,t=3.00e+05s,t=4.00e+05s,t=5.00e+05s,t=6.00e+05s,t=7.00e+05s,t=8.00e+05s,t=9.00e+05s
3.030303030303030300e-04,2.843484975031330537e+21,4.101579265061196288e+18,5.347111047622350000e+15,6.770897517671674805e+12,6.770897517671674805e+12,6.770897517671674805e+12,6.770897517671674805e+12,6.770897517671674805e+12,6.770897517671674805e+12
0.000000000000000000e+00,2.843573035668447166e+21,4.101760788472418304e+18,5.347372924417798000e+15,6.771238932785889648e+12,6.771238932785889648e+12,6.771238932785889648e+12,6.771238932785889648e+12,6.771238932785889648e+12,6.771238932785889648e+12
6.060606060606060601e-04,2.842553846342103859e+21,4.099660028865644544e+18,5.344342327626341000e+15,6.767287911038720703e+12,6.767287911038720703e+12,6.767287911038720703e+12,6.767287911038720703e+12,6.767287911038720703e+12,6.767287911038720703e+12
3.030303030303030300e-04,2.843484975031331062e+21,4.101579265061192192e+18,5.347111047622344000e+15,6.770897517671669922e+12,6.770897517671669922e+12,6.770897517671669922e+12,6.770897517671669922e+12,6.770897517671669922e+12,6.770897517671669922e+12
9.090909090909090901e-04,2.841089389704973910e+21,4.096642266157463040e+18,5.339989329534915000e+15,6.761613085019955078e+12,6.761613085019955078e+12,6.761613085019955078e+12,6.761613085019955078e+12,6.761613085019955078e+12,6.761613085019955078e+12
6.060606060606060601e-04,2.842553846342103335e+21,4.099660028865643008e+18,5.344342327626331000e+15,6.767287911038717773e+12,6.767287911038717773e+12,6.767287911038717773e+12,6.767287911038717773e+12,6.767287911038717773e+12,6.767287911038717773e+12
1.212121212121212120e-03,2.839053778501008622e+21,4.092449112973121536e+18,5.333941850176007000e+15,6.753729682088259766e+12,6.753729682088259766e+12,6.753729682088259766e+12,6.753729682088259766e+12,6.753729682088259766e+12,6.753729682088259766e+12
9.090909090909090901e-04,2.841089389704972337e+21,4.096642266157462528e+18,5.339989329534912000e+15,6.761613085019954102e+12,6.761613085019954102e+12,6.761613085019954102e+12,6.761613085019954102e+12,6.761613085019954102e+12,6.761613085019954102e+12
1.515151515151515150e-03,2.836441691619955573e+21,4.087071136417819136e+18,5.326187228260749000e+15,6.743621633036015625e+12,6.743621633036015625e+12,6.743621633036015625e+12,6.743621633036015625e+12,6.743621633036015625e+12,6.743621633036015625e+12
1.212121212121212120e-03,2.839053778501008622e+21,4.092449112973121024e+18,5.333941850176003000e+15,6.753729682088254883e+12,6.753729682088254883e+12,6.753729682088254883e+12,6.753729682088254883e+12,6.753729682088254883e+12,6.753729682088254883e+12
1.818181818181818180e-03,2.833251536061768139e+21,4.080507027406417920e+18,5.316724790706249000e+15,6.731288621234287109e+12,6.731288621234287109e+12,6.731288621234287109e+12,6.731288621234287109e+12,6.731288621234287109e+12,6.731288621234287109e+12
1.515151515151515150e-03,2.836441691619956097e+21,4.087071136417817600e+18,5.326187228260747000e+15,6.743621633036011719e+12,6.743621633036011719e+12,6.743621633036011719e+12,6.743621633036011719e+12,6.743621633036011719e+12,6.743621633036011719e+12
2.121212121212120993e-03,2.829482662746758054e+21,4.072757861693673984e+18,5.305557571597709000e+15,6.716735285151732422e+12,6.716735285151732422e+12,6.716735285151732422e+12,6.716735285151732422e+12,6.716735285151732422e+12,6.716735285151732422e+12
1.818181818181818180e-03,2.833251536061772333e+21,4.080507027406415872e+18,5.316724790706252000e+15,6.731288621234290039e+12,6.731288621234290039e+12,6.731288621234290039e+12,6.731288621234290039e+12,6.731288621234290039e+12,6.731288621234290039e+12
2.424242424242424240e-03,2.825134755402751148e+21,4.063825840101118976e+18,5.292690492544472000e+15,6.699968844392485352e+12,6.699968844392485352e+12,6.699968844392485352e+12,6.699968844392485352e+12,6.699968844392485352e+12,6.699968844392485352e+12
2.121212121212120993e-03,2.829482662746758054e+21,4.072757861693669888e+18,5.305557571597708000e+15,6.716735285151730469e+12,6.716735285151730469e+12,6.716735285151730469e+12,6.716735285151730469e+12,6.716735285151730469e+12,6.716735285151730469e+12
2.727272727272727487e-03,2.820207640090359366e+21,4.053713895843257344e+18,5.278129793588804000e+15,6.680998355813971680e+12,6.680998355813971680e+12,6.680998355813971680e+12,6.680998355813971680e+12,6.680998355813971680e+12,6.680998355813971680e+12
2.424242424242424240e-03,2.825134755402748002e+21,4.063825840101115392e+18,5.292690492544467000e+15,6.699968844392482422e+12,6.699968844392482422e+12,6.699968844392482422e+12,6.699968844392482422e+12,6.699968844392482422e+12,6.699968844392482422e+12
3.030303030303030300e-03,2.814701212082372608e+21,4.042425543778050048e+18,5.261882812748797000e+15,6.659834423890285156e+12,6.659834423890285156e+12,6.659834423890285156e+12,6.659834423890285156e+12,6.659834423890285156e+12,6.659834423890285156e+12
2.727272727272727487e-03,2.820207640090358841e+21,4.053713895843256320e+18,5.278129793588810000e+15,6.680998355813978516e+12,6.680998355813978516e+12,6.680998355813978516e+12,6.680998355813978516e+12,6.680998355813978516e+12,6.680998355813978516e+12
3.333333333333333114e-03,2.808615403540036714e+21,4.029964813773653504e+18,5.243957886515446000e+15,6.636489068471969727e+12,6.636489068471969727e+12,6.636489068471969727e+12,6.636489068471969727e+12,6.636489068471969727e+12,6.636489068471969727e+12
3.030303030303030300e-03,2.814701212082374181e+21,4.042425543778054144e+18,5.261882812748803000e+15,6.659834423890292969e+12,6.659834423890292969e+12,6.659834423890292969e+12,6.659834423890292969e+12,6.659834423890292969e+12,6.659834423890292969e+12
3.636363636363636360e-03,2.801950167666938872e+21,4.016336218038166528e+18,5.224364298971545000e+15,6.610975655658742188e+12,6.610975655658742188e+12,6.610975655658742188e+12,6.610975655658742188e+12,6.610975655658742188e+12,6.610975655658742188e+12
3.333333333333333114e-03,2.808615403540036190e+21,4.029964813773654528e+18,5.243957886515443000e+15,6.636489068471970703e+12,6.636489068471970703e+12,6.636489068471970703e+12,6.636489068471970703e+12,6.636489068471970703e+12,6.636489068471970703e+12
3.939393939393939607e-03,2.794705470307789963e+21,4.001544733810042880e+18,5.203112252654523000e+15,6.583308856752435547e+12,6.583308856752435547e+12,6.583308856752435547e+12,6.583308856752435547e+12,6.583308856752435547e+12,6.583308856752435547e+12
3.636363636363636360e-03,2.801950167666936775e+21,4.016336218038166528e+18,5.224364298971542000e+15,6.610975655658737305e+12,6.610975655658737305e+12,6.610975655658737305e+12,6.610975655658737305e+12,6.610975655658737305e+12,6.610975655658737305e+12
4.242424242424241987e-03,2.786881285201580261e+21,3.985595793576173056e+18,5.180212849904751000e+15,6.553504620579925781e+12,6.553504620579925781e+12,6.553504620579925781e+12,6.553504620579925781e+12,6.553504620579925781e+12,6.553504620579925781e+12
3.939393939393939607e-03,2.794705470307787866e+21,4.001544733810041344e+18,5.203112252654519000e+15,6.583308856752429688e+12,6.583308856752429688e+12,6.583308856752429688e+12,6.583308856752429688e+12,6.583308856752429688e+12,6.583308856752429688e+12
4.545454545454545234e-03,2.778477591160085283e+21,3.968495279265273344e+18,5.155678079545117000e+15,6.521580152519980469e+12,6.521580152519980469e+12,6.521580152519980469e+12,6.521580152519980469e+12,6.521580152519980469e+12,6.521580152519980469e+12
4.242424242424241987e-03,2.786881285201579213e+21,3.985595793576171520e+18,5.180212849904748000e+15,6.553504620579920898e+12,6.553504620579920898e+12,6.553504620579920898e+12,6.553504620579920898e+12,6.553504620579920898e+12,6.553504620579920898e+12
4.848484848484848481e-03,2.769494370317557039e+21,3.950249518649426944e+18,5.129520806352471000e+15,6.487553896885846680e+12,6.487553896885846680e+12,6.487553896885846680e+12,6.487553896885846680e+12,6.487553896885846680e+12,6.487553896885846680e+12
4.545454545454545234e-03,2.778477591160085283e+21,3.968495279265271808e+18,5.155678079545112000e+15,6.521580152519969727e+12,6.521580152519969727e+12,6.521580152519969727e+12,6.521580152519969727e+12,6.521580152519969727e+12,6.521580152519969727e+12
5.151515151515151728e-03,2.759931607006383178e+21,3.930865283037244416e+18,5.101754761999873000e+15,6.451445520977348633e+12,6.451445520977348633e+12,6.451445520977348633e+12,6.451445520977348633e+12,6.451445520977348633e+12,6.451445520977348633e+12
4.848484848484848481e-03,2.769494370317554942e+21,3.950249518649422848e+18,5.129520806352469000e+15,6.487553896885838867e+12,6.487553896885838867e+12,6.487553896885838867e+12,6.487553896885838867e+12,6.487553896885838867e+12,6.487553896885838867e+12
5.454545454545454974e-03,2.749789287011570942e+21,3.910349785746388992e+18,5.072394536727554000e+15,6.413275899811263672e+12,6.413275899811263672e+12,6.413275899811263672e+12,6.413275899811263672e+12,6.413275899811263672e+12,6.413275899811263672e+12
5.151515151515151728e-03,2.759931607006380556e+21,3.930865283037241856e+18,5.101754761999873000e+15,6.451445520977340820e+12,6.451445520977340820e+12,6.451445520977340820e+12,6.451445520977340820e+12,6.451445520977340820e+12,6.451445520977340820e+12
5.757575757575757354e-03,2.739067397061288657e+21,3.888710681070851584e+18,5.041455571323272000e+15,6.373067101028865234e+12,6.373067101028865234e+12,6.373067101028865234e+12,6.373067101028865234e+12,6.373067101028865234e+12,6.373067101028865234e+12
5.454545454545454974e-03,2.749789287011569369e+21,3.910349785746386432e+18,5.072394536727550000e+15,6.413275899811259766e+12,6.413275899811259766e+12,6.413275899811259766e+12,6.413275899811259766e+12,6.413275899811259766e+12,6.413275899811259766e+12
6.060606060606060601e-03,2.727765924474102743e+21,3.865956063563155968e+18,5.008954149183426000e+15,6.330842369636842773e+12,6.330842369636842773e+12,6.330842369636842773e+12,6.330842369636842773e+12,6.330842369636842773e+12,6.330842369636842773e+12
5.757575757575757354e-03,2.739067397061288133e+21,3.888710681070848512e+18,5.041455571323270000e+15,6.373067101028861328e+12,6.373067101028861328e+12,6.373067101028861328e+12,6.373067101028861328e+12,6.373067101028861328e+12,6.373067101028861328e+12
6.363636363636363848e-03,2.715884856905498100e+21,3.842094467530110464e+18,4.974907388258705000e+15,6.286626112385418945e+12,6.286626112385418945e+12,6.286626112385418945e+12,6.286626112385418945e+12,6.286626112385418945e+12,6.286626112385418945e+12
6.060606060606060601e-03,2.727765924474102219e+21,3.865956063563150336e+18,5.008954149183426000e+15,6.330842369636842773e+12,6.330842369636842773e+12,6.330842369636842773e+12,6.330842369636842773e+12,6.330842369636842773e+12,6.330842369636842773e+12
6.666666666666666227e-03,2.703424182165929198e+21,3.817134866669461504e+18,4.939333232832761000e+15,6.240443881686552734e+12,6.240443881686552734e+12,6.240443881686552734e+12,6.240443881686552734e+12,6.240443881686552734e+12,6.240443881686552734e+12
6.363636363636363848e-03,2.715884856905497051e+21,3.842094467530103296e+18,4.974907388258704000e+15,6.286626112385417969e+12,6.286626112385417969e+12,6.286626112385417969e+12,6.286626112385417969e+12,6.286626112385417969e+12,6.286626112385417969e+12
6.969696969696969474e-03,2.690383888084830781e+21,3.791086673810735104e+18,4.902250445038869000e+15,6.192322358972403320e+12,6.192322358972403320e+12,6.192322358972403320e+12,6.192322358972403320e+12,6.192322358972403320e+12,6.192322358972403320e+12
6.666666666666666227e-03,2.703424182165926576e+21,3.817134866669456896e+18,4.939333232832759000e+15,6.240443881686550781e+12,6.240443881686550781e+12,6.240443881686550781e+12,6.240443881686550781e+12,6.240443881686550781e+12,6.240443881686550781e+12
7.272727272727272721e-03,2.676763962411643306e+21,3.763959740725579264e+18,4.863678596089890000e+15,6.142289337462441406e+12,6.142289337462441406e+12,6.142289337462441406e+12,6.142289337462441406e+12,6.142289337462441406e+12,6.142289337462441406e+12
6.969696969696969474e-03,2.690383888084830257e+21,3.791086673810729472e+18,4.902250445038861000e+15,6.192322358972399414e+12,6.192322358972399414e+12,6.192322358972399414e+12,6.192322358972399414e+12,6.192322358972399414e+12,6.192322358972399414e+12
7.575757575757575968e-03,2.662564392737073791e+21,3.735764357983798272e+18,4.823638057177447000e+15,6.090373704300629883e+12,6.090373704300629883e+12,6.090373704300629883e+12,6.090373704300629883e+12,6.090373704300629883e+12,6.090373704300629883e+12
7.272727272727272721e-03,2.676763962411643306e+21,3.763959740725576704e+18,4.863678596089883000e+15,6.142289337462436523e+12,6.142289337462436523e+12,6.142289337462436523e+12,6.142289337462436523e+12,6.142289337462436523e+12,6.142289337462436523e+12
7.878787878787879215e-03,2.647785166436935664e+21,3.706511254856238080e+18,4.782149990039538000e+15,6.036605422057516602e+12,6.036605422057516602e+12,6.036605422057516602e+12,6.036605422057516602e+12,6.036605422057516602e+12,6.036605422057516602e+12
7.575757575757575968e-03,2.662564392737073267e+21,3.735764357983796736e+18,4.823638057177442000e+15,6.090373704300625977e+12,6.090373704300625977e+12,6.090373704300625977e+12,6.090373704300625977e+12,6.090373704300625977e+12,6.090373704300625977e+12
8.181818181818182462e-03,2.632426270624943440e+21,3.676211599239701504e+18,4.739236337169772000e+15,5.981015509578968750e+12,5.981015509578968750e+12,5.981015509578968750e+12,5.981015509578968750e+12,5.981015509578968750e+12,5.981015509578968750e+12
7.878787878787879215e-03,2.647785166436934615e+21,3.706511254856233984e+18,4.782149990039534000e+15,6.036605422057513672e+12,6.036605422057513672e+12,6.036605422057513672e+12,6.036605422057513672e+12,6.036605422057513672e+12,6.036605422057513672e+12
8.484848484848483974e-03,2.616487692117413986e+21,3.644876997600924672e+18,4.694919811655628000e+15,5.923636022171750977e+12,5.923636022171750977e+12,5.923636022171750977e+12,5.923636022171750977e+12,5.923636022171750977e+12,5.923636022171750977e+12
8.181818181818182462e-03,2.632426270624943964e+21,3.676211599239698944e+18,4.739236337169774000e+15,5.981015509578963867e+12,5.981015509578963867e+12,5.981015509578963867e+12,5.981015509578963867e+12,5.981015509578963867e+12,5.981015509578963867e+12
8.787878787878787221e-03,2.599969417404887335e+21,3.612519494942238720e+18,4.649223886650527000e+15,5.864500031149261719e+12,5.864500031149261719e+12,5.864500031149261719e+12,5.864500031149261719e+12,5.864500031149261719e+12,5.864500031149261719e+12
8.484848484848483974e-03,2.616487692117413462e+21,3.644876997600921088e+18,4.694919811655626000e+15,5.923636022171748047e+12,5.923636022171748047e+12,5.923636022171748047e+12,5.923636022171748047e+12,5.923636022171748047e+12,5.923636022171748047e+12
9.090909090909090468e-03,2.582871432628894433e+21,3.579151574777071104e+18,4.602172784468920000e+15,5.803641602714627930e+12,5.803641602714627930e+12,5.803641602714627930e+12,5.803641602714627930e+12,5.803641602714627930e+12,5.803641602714627930e+12
8.787878787878787221e-03,2.599969417404884713e+21,3.612519494942235136e+18,4.649223886650523000e+15,5.864500031149257812e+12,5.864500031149257812e+12,5.864500031149257812e+12,5.864500031149257812e+12,5.864500031149257812e+12,5.864500031149257812e+12
9.393939393939393714e-03,2.565193723563937890e+21,3.544786159113093120e+18,4.553791465292491000e+15,5.741095776209243164e+12,5.741095776209243164e+12,5.741095776209243164e+12,5.741095776209243164e+12,5.741095776209243164e+12,5.741095776209243164e+12
9.090909090909090468e-03,2.582871432628894433e+21,3.579151574777068032e+18,4.602172784468916000e+15,5.803641602714625977e+12,5.803641602714625977e+12,5.803641602714625977e+12,5.803641602714625977e+12,5.803641602714625977e+12,5.803641602714625977e+12
9.696969696969696961e-03,2.546936275604776419e+21,3.509436608449163264e+18,4.504105615504158000e+15,5.676898541719127930e+12,5.676898541719127930e+12,5.676898541719127930e+12,5.676898541719127930e+12,5.676898541719127930e+12,5.676898541719127930e+12
9.393939393939393714e-03,2.565193723563937890e+21,3.544786159113091584e+18,4.553791465292488000e+15,5.741095776209244141e+12,5.741095776209244141e+12,5.741095776209244141e+12,5.741095776209244141e+12,5.741095776209244141e+12,5.741095776209244141e+12
1.000000000000000021e-02,2.528099073750426714e+21,3.473116721772251136e+18,4.453141635624170000e+15,5.611086817049042969e+12,5.611086817049042969e+12,5.611086817049042969e+12,5.611086817049042969e+12,5.611086817049042969e+12,5.611086817049042969e+12
9.696969696969696961e-03,2.546936275604774846e+21,3.509436608449160704e+18,4.504105615504154000e+15,5.676898541719125977e+12,5.676898541719125977e+12,5.676898541719125977e+12,5.676898541719125977e+12,5.676898541719125977e+12,5.676898541719125977e+12
1.030303030303030346e-02,2.508682102597261197e+21,3.435840736563573760e+18,4.400926627863284500e+15,5.543698424082467773e+12,5.543698424082467773e+12,5.543698424082467773e+12,5.543698424082467773e+12,5.543698424082467773e+12,5.543698424082467773e+12
1.000000000000000021e-02,2.528099073750423568e+21,3.473116721772250112e+18,4.453141635624166500e+15,5.611086817049038086e+12,5.611086817049038086e+12,5.611086817049038086e+12,5.611086817049038086e+12,5.611086817049038086e+12,5.611086817049038086e+12
1.060606060606060670e-02,2.488685346330540245e+21,3.397623328808401920e+18,4.347488383288798500e+15,5.474772064536277344e+12,5.474772064536277344e+12,5.474772064536277344e+12,5.474772064536277344e+12,5.474772064536277344e+12,5.474772064536277344e+12
1.030303030303030346e-02,2.508682102597258576e+21,3.435840736563572224e+18,4.400926627863281500e+15,5.543698424082466797e+12,5.543698424082466797e+12,5.543698424082466797e+12,5.543698424082466797e+12,5.543698424082466797e+12,5.543698424082466797e+12
1.090909090909090995e-02,2.468108788715789746e+21,3.358479613008300032e+18,4.292855368592677000e+15,5.404347295104127930e+12,5.404347295104127930e+12,5.404347295104127930e+12,5.404347295104127930e+12,5.404347295104127930e+12,5.404347295104127930e+12
1.060606060606060670e-02,2.488685346330539196e+21,3.397623328808398336e+18,4.347488383288797000e+15,5.474772064536276367e+12,5.474772064536276367e+12,5.474772064536276367e+12,5.474772064536276367e+12,5.474772064536276367e+12,5.474772064536276367e+12
1.121212121212121146e-02,2.446952413095181418e+21,3.318425142198603776e+18,4.237056712477339000e+15,5.332464502031957031e+12,5.332464502031957031e+12,5.332464502031957031e+12,5.332464502031957031e+12,5.332464502031957031e+12,5.332464502031957031e+12
1.090909090909090995e-02,2.468108788715789222e+21,3.358479613008297984e+18,4.292855368592675000e+15,5.404347295104128906e+12,5.404347295104128906e+12,5.404347295104128906e+12,5.404347295104128906e+12,5.404347295104128906e+12,5.404347295104128906e+12
1.151515151515151471e-02,2.425216202380486377e+21,3.277475907964038656e+18,4.180122191639357500e+15,5.259164875100929688e+12,5.259164875100929688e+12,5.259164875100929688e+12,5.259164875100929688e+12,5.259164875100929688e+12,5.259164875100929688e+12
1.121212121212121146e-02,2.446952413095180370e+21,3.318425142198600704e+18,4.237056712477336000e+15,5.332464502031957031e+12,5.332464502031957031e+12,5.332464502031957031e+12,5.332464502031957031e+12,5.332464502031957031e+12,5.332464502031957031e+12
1.181818181818181795e-02,2.402900139050558554e+21,3.235648340463526912e+18,4.122082216369025500e+15,5.184490381070481445e+12,5.184490381070481445e+12,5.184490381070481445e+12,5.184490381070481445e+12,5.184490381070481445e+12,5.184490381070481445e+12
1.151515151515151471e-02,2.425216202380484805e+21,3.277475907964035584e+18,4.180122191639357000e+15,5.259164875100929688e+12,5.259164875100929688e+12,5.259164875100929688e+12,5.259164875100929688e+12,5.259164875100929688e+12,5.259164875100929688e+12
1.212121212121212120e-02,2.380004205147728642e+21,3.192959308450426880e+18,4.062967815754988000e+15,5.108483736561028320e+12,5.108483736561028320e+12,5.108483736561028320e+12,5.108483736561028320e+12,5.108483736561028320e+12,5.108483736561028320e+12
1.181818181818181795e-02,2.402900139050556457e+21,3.235648340463525888e+18,4.122082216369023000e+15,5.184490381070482422e+12,5.184490381070482422e+12,5.184490381070482422e+12,5.184490381070482422e+12,5.184490381070482422e+12,5.184490381070482422e+12
1.242424242424242445e-02,2.356528382273727496e+21,3.149426119299767808e+18,4.002810622489802500e+15,5.031188380408375977e+12,5.031188380408375977e+12,5.031188380408375977e+12,5.031188380408375977e+12,5.031188380408375977e+12,5.031188380408375977e+12
1.212121212121212120e-02,2.380004205147725496e+21,3.192959308450422784e+18,4.062967815754984500e+15,5.108483736561028320e+12,5.108483736561028320e+12,5.108483736561028320e+12,5.108483736561028320e+12,5.108483736561028320e+12,5.108483736561028320e+12
1.272727272727272770e-02,2.332472651588897341e+21,3.105066519034628096e+18,3.941642857293145500e+15,4.952648445503420898e+12,4.952648445503420898e+12,4.952648445503420898e+12,4.952648445503420898e+12,4.952648445503420898e+12,4.952648445503420898e+12
1.242424242424242445e-02,2.356528382273724875e+21,3.149426119299765760e+18,4.002810622489799500e+15,5.031188380408375977e+12,5.031188380408375977e+12,5.031188380408375977e+12,5.031188380408375977e+12,5.031188380408375977e+12,5.031188380408375977e+12
1.303030303030303094e-02,2.307836993809063346e+21,3.059898692355527680e+18,3.879497312929336500e+15,4.872908730124011719e+12,4.872908730124011719e+12,4.872908730124011719e+12,4.872908730124011719e+12,4.872908730124011719e+12,4.872908730124011719e+12
1.272727272727272770e-02,2.332472651588897341e+21,3.105066519034626048e+18,3.941642857293143500e+15,4.952648445503420898e+12,4.952648445503420898e+12,4.952648445503420898e+12,4.952648445503420898e+12,4.952648445503420898e+12,4.952648445503420898e+12
1.333333333333333245e-02,2.282621389202545967e+21,3.013941262665853440e+18,3.816407337834742000e+15,4.792014668780086914e+12,4.792014668780086914e+12,4.792014668780086914e+12,4.792014668780086914e+12,4.792014668780086914e+12,4.792014668780086914e+12
1.303030303030303094e-02,2.307836993809063608e+21,3.059898692355525632e+18,3.879497312929335500e+15,4.872908730124013672e+12,4.872908730124013672e+12,4.872908730124013672e+12,4.872908730124013672e+12,4.872908730124013672e+12,4.872908730124013672e+12
1.363636363636363570e-02,2.256825817590630973e+21,2.967213292108636672e+18,3.752406819356849000e+15,4.710012302594312500e+12,4.710012302594312500e+12,4.710012302594312500e+12,4.710012302594312500e+12,4.710012302594312500e+12,4.710012302594312500e+12
1.333333333333333245e-02,2.282621389202544919e+21,3.013941262665852928e+18,3.816407337834741000e+15,4.792014668780085938e+12,4.792014668780085938e+12,4.792014668780085938e+12,4.792014668780085938e+12,4.792014668780085938e+12,4.792014668780085938e+12
1.393939393939393895e-02,2.230450258344281899e+21,2.919734281593801216e+18,3.687530166588856000e+15,4.626948249216926758e+12,4.626948249216926758e+12,4.626948249216926758e+12,4.626948249216926758e+12,4.626948249216926758e+12,4.626948249216926758e+12
1.363636363636363570e-02,2.256825817590630187e+21,2.967213292108636672e+18,3.752406819356847500e+15,4.710012302594311523e+12,4.710012302594311523e+12,4.710012302594311523e+12,4.710012302594311523e+12,4.710012302594311523e+12,4.710012302594311523e+12
1.424242424242424220e-02,2.203494690384760799e+21,2.871524170836777472e+18,3.621812292819529500e+15,4.542869672310052734e+12,4.542869672310052734e+12,4.542869672310052734e+12,4.542869672310052734e+12,4.542869672310052734e+12,4.542869672310052734e+12
1.393939393939393895e-02,2.230450258344280064e+21,2.919734281593800704e+18,3.687530166588853500e+15,4.626948249216926758e+12,4.626948249216926758e+12,4.626948249216926758e+12,4.626948249216926758e+12,4.626948249216926758e+12,4.626948249216926758e+12
1.454545454545454544e-02,2.175959092180967490e+21,2.822603338389127680e+18,3.555288597579774000e+15,4.457824250609416016e+12,4.457824250609416016e+12,4.457824250609416016e+12,4.457824250609416016e+12,4.457824250609416016e+12,4.457824250609416016e+12
1.424242424242424220e-02,2.203494690384759226e+21,2.871524170836775424e+18,3.621812292819526000e+15,4.542869672310047852e+12,4.542869672310047852e+12,4.542869672310047852e+12,4.542869672310047852e+12,4.542869672310047852e+12,4.542869672310047852e+12
1.484848484848484869e-02,2.147843441747865108e+21,2.772992601673781760e+18,3.487994948296077000e+15,4.371860146571909180e+12,4.371860146571909180e+12,4.371860146571909180e+12,4.371860146571909180e+12,4.371860146571909180e+12,4.371860146571909180e+12
1.454545454545454544e-02,2.175959092180964868e+21,2.822603338389125632e+18,3.555288597579769500e+15,4.457824250609416016e+12,4.457824250609416016e+12,4.457824250609416016e+12,4.457824250609416016e+12,4.457824250609416016e+12,4.457824250609416016e+12
1.515151515151515194e-02,2.119147716647739195e+21,2.722713217025479168e+18,3.419967661557438000e+15,4.285025974658430176e+12,4.285025974658430176e+12,4.285025974658430176e+12,4.285025974658430176e+12,4.285025974658430176e+12,4.285025974658430176e+12
1.484848484848484869e-02,2.147843441747864322e+21,2.772992601673781760e+18,3.487994948296072500e+15,4.371860146571908691e+12,4.371860146571908691e+12,4.371860146571908691e+12,4.371860146571908691e+12,4.371860146571908691e+12,4.371860146571908691e+12
1.545454545454545518e-02,2.089871893988946477e+21,2.671786879727530496e+18,3.351243483975406000e+15,4.197370769228766602e+12,4.197370769228766602e+12,4.197370769228766602e+12,4.197370769228766602e+12,4.197370769228766602e+12,4.197370769228766602e+12
1.515151515151515194e-02,2.119147716647738409e+21,2.722713217025480704e+18,3.419967661557435500e+15,4.285025974658425293e+12,4.285025974658425293e+12,4.285025974658425293e+12,4.285025974658425293e+12,4.285025974658425293e+12,4.285025974658425293e+12
1.575757575757575843e-02,2.060015950423390945e+21,2.620235724048260608e+18,3.281859572655802000e+15,4.108943952094694824e+12,4.108943952094694824e+12,4.108943952094694824e+12,4.108943952094694824e+12,4.108943952094694824e+12,4.108943952094694824e+12
1.545454545454545518e-02,2.089871893988944380e+21,2.671786879727530496e+18,3.351243483975404000e+15,4.197370769228764160e+12,4.197370769228764160e+12,4.197370769228764160e+12,4.197370769228764160e+12,4.197370769228764160e+12,4.197370769228764160e+12
1.606060606060605994e-02,2.029579862148579590e+21,2.568082323282384384e+18,3.211853475273118500e+15,4.019795299745778320e+12,4.019795299745778320e+12,4.019795299745778320e+12,4.019795299745778320e+12,4.019795299745778320e+12,4.019795299745778320e+12
1.575757575757575843e-02,2.060015950423390421e+21,2.620235724048260096e+18,3.281859572655800000e+15,4.108943952094694336e+12,4.108943952094694336e+12,4.108943952094694336e+12,4.108943952094694336e+12,4.108943952094694336e+12,4.108943952094694336e+12
1.636363636363636492e-02,1.998563604904163672e+21,2.515349689791439360e+18,3.141263109749735000e+15,3.929974910262024414e+12,3.929974910262024414e+12,3.929974910262024414e+12,3.929974910262024414e+12,3.929974910262024414e+12,3.929974910262024414e+12
1.606060606060605994e-02,2.029579862148578542e+21,2.568082323282384896e+18,3.211853475273117000e+15,4.019795299745778320e+12,4.019795299745778320e+12,4.019795299745778320e+12,4.019795299745778320e+12,4.019795299745778320e+12,4.019795299745778320e+12
1.666666666666666644e-02,1.966967153975229678e+21,2.462061275046972928e+18,3.070126743542304500e+15,3.839533169938457520e+12,3.839533169938457520e+12,3.839533169938457520e+12,3.839533169938457520e+12,3.839533169938457520e+12,3.839533169938457520e+12
1.636363636363636492e-02,1.998563604904164458e+21,2.515349689791440896e+18,3.141263109749738000e+15,3.929974910262026855e+12,3.929974910262026855e+12,3.929974910262026855e+12,3.929974910262026855e+12,3.929974910262026855e+12,3.929974910262026855e+12
1.696969696969696795e-02,1.934790484188702704e+21,2.408240969670996480e+18,2.998482972527847000e+15,3.748520719633282715e+12,3.748520719633282715e+12,3.748520719633282715e+12,3.748520719633282715e+12,3.748520719633282715e+12,3.748520719633282715e+12
1.666666666666666644e-02,1.966967153975230988e+21,2.462061275046975488e+18,3.070126743542309500e+15,3.839533169938457520e+12,3.839533169938457520e+12,3.839533169938457520e+12,3.839533169938457520e+12,3.839533169938457520e+12,3.839533169938457520e+12
1.727272727272727293e-02,1.902033569913645040e+21,2.353913103480396288e+18,2.926370699496121000e+15,3.656988420874184082e+12,3.656988420874184082e+12,3.656988420874184082e+12,3.656988420874184082e+12,3.656988420874184082e+12,3.656988420874184082e+12
1.696969696969696795e-02,1.934790484188700869e+21,2.408240969670995456e+18,2.998482972527847000e+15,3.748520719633281738e+12,3.748520719633281738e+12,3.748520719633281738e+12,3.748520719633281738e+12,3.748520719633281738e+12,3.748520719633281738e+12
1.757575757575757444e-02,1.868696385061423677e+21,2.299102445529818368e+18,2.853829112247102000e+15,3.564987321729082520e+12,3.564987321729082520e+12,3.564987321729082520e+12,3.564987321729082520e+12,3.564987321729082520e+12,3.564987321729082520e+12
1.727272727272727293e-02,1.902033569913644777e+21,2.353913103480394240e+18,2.926370699496121000e+15,3.656988420874183105e+12,3.656988420874183105e+12,3.656988420874183105e+12,3.656988420874183105e+12,3.656988420874183105e+12,3.656988420874183105e+12
1.787878787878787942e-02,1.834778903085867860e+21,2.243834204159170560e+18,2.780897661294740500e+15,3.472568622475957031e+12,3.472568622475957031e+12,3.472568622475957031e+12,3.472568622475957031e+12,3.472568622475957031e+12,3.472568622475957031e+12
1.757575757575757444e-02,1.868696385061421580e+21,2.299102445529817344e+18,2.853829112247100500e+15,3.564987321729082031e+12,3.564987321729082031e+12,3.564987321729082031e+12,3.564987321729082031e+12,3.564987321729082031e+12,3.564987321729082031e+12
1.818181818181818094e-02,1.800281096981375615e+21,2.188134027038643200e+18,2.707616037168035000e+15,3.379783641085021973e+12,3.379783641085021973e+12,3.379783641085021973e+12,3.379783641085021973e+12,3.379783641085021973e+12,3.379783641085021973e+12
1.787878787878787942e-02,1.834778903085866811e+21,2.243834204159171072e+18,2.780897661294740500e+15,3.472568622475957031e+12,3.472568622475957031e+12,3.472568622475957031e+12,3.472568622475957031e+12,3.472568622475957031e+12,3.472568622475957031e+12
1.848484848484848592e-02,1.765202939284031013e+21,2.132028001214050048e+18,2.634024147324954500e+15,3.286683778533552246e+12,3.286683778533552246e+12,3.286683778533552246e+12,3.286683778533552246e+12,3.286683778533552246e+12,3.286683778533552246e+12
1.818181818181818094e-02,1.800281096981374829e+21,2.188134027038640896e+18,2.707616037168033500e+15,3.379783641085019043e+12,3.379783641085019043e+12,3.379783641085019043e+12,3.379783641085019043e+12,3.379783641085019043e+12,3.379783641085019043e+12
1.878787878787878743e-02,1.729544402071422763e+21,2.075542653157995520e+18,2.560162092664009000e+15,3.193320483988922363e+12,3.193320483988922363e+12,3.193320483988922363e+12,3.193320483988922363e+12,3.193320483988922363e+12,3.193320483988922363e+12
1.848484848484848592e-02,1.765202939284030489e+21,2.132028001214050048e+18,2.634024147324955000e+15,3.286683778533550781e+12,3.286683778533550781e+12,3.286683778533550781e+12,3.286683778533550781e+12,3.286683778533550781e+12,3.286683778533550781e+12
1.909090909090909241e-02,1.693305456961413448e+21,2.018704948816128256e+18,2.486070143640872000e+15,3.099745219868640137e+12,3.099745219868640137e+12,3.099745219868640137e+12,3.099745219868640137e+12,3.099745219868640137e+12,3.099745219868640137e+12
1.878787878787878743e-02,1.729544402071423025e+21,2.075542653157995264e+18,2.560162092664008000e+15,3.193320483988920898e+12,3.193320483988920898e+12,3.193320483988920898e+12,3.193320483988920898e+12,3.193320483988920898e+12,3.193320483988920898e+12
1.939393939393939392e-02,1.656486075112436531e+21,1.961542293656779008e+18,2.411788715991315500e+15,3.006009426804565430e+12,3.006009426804565430e+12,3.006009426804565430e+12,3.006009426804565430e+12,3.006009426804565430e+12,3.006009426804565430e+12
1.909090909090909241e-02,1.693305456961415283e+21,2.018704948816129024e+18,2.486070143640873000e+15,3.099745219868640625e+12,3.099745219868640625e+12,3.099745219868640625e+12,3.099745219868640625e+12,3.099745219868640625e+12,3.099745219868640625e+12
1.969696969696969543e-02,1.619086227223659151e+21,1.904082532722106368e+18,2.337358346054437000e+15,2.912164488541663086e+12,2.912164488541663086e+12,2.912164488541663086e+12,2.912164488541663086e+12,2.912164488541663086e+12,2.912164488541663086e+12
1.939393939393939392e-02,1.656486075112436531e+21,1.961542293656777984e+18,2.411788715991316500e+15,3.006009426804565430e+12,3.006009426804565430e+12,3.006009426804565430e+12,3.006009426804565430e+12,3.006009426804565430e+12,3.006009426804565430e+12
2.000000000000000042e-02,1.581105883534197522e+21,1.846353950678356736e+18,2.262819665703676500e+15,2.818261696789749023e+12,2.818261696789749023e+12,2.818261696789749023e+12,2.818261696789749023e+12,2.818261696789749023e+12,2.818261696789749023e+12
1.969696969696969543e-02,1.619086227223659414e+21,1.904082532722105088e+18,2.337358346054436000e+15,2.912164488541661621e+12,2.912164488541661621e+12,2.912164488541661621e+12,2.912164488541661621e+12,2.912164488541661621e+12,2.912164488541661621e+12
2.030303030303030193e-02,1.542545013823277367e+21,1.788385271868544256e+18,2.188213376876029250e+15,2.724352216051830566e+12,2.724352216051830566e+12,2.724352216051830566e+12,2.724352216051830566e+12,2.724352216051830566e+12,2.724352216051830566e+12
2.000000000000000042e-02,1.581105883534198309e+21,1.846353950678356480e+18,2.262819665703677000e+15,2.818261696789749023e+12,2.818261696789749023e+12,2.818261696789749023e+12,2.818261696789749023e+12,2.818261696789749023e+12,2.818261696789749023e+12
2.060606060606060691e-02,1.503403587410696602e+21,1.730205660366683648e+18,2.113580225712056250e+15,2.630487048457728027e+12,2.630487048457728027e+12,2.630487048457728027e+12,2.630487048457728027e+12,2.630487048457728027e+12,2.630487048457728027e+12
2.030303030303030193e-02,1.542545013823276843e+21,1.788385271868543488e+18,2.188213376876028500e+15,2.724352216051827637e+12,2.724352216051827637e+12,2.724352216051827637e+12,2.724352216051827637e+12,2.724352216051827637e+12,2.724352216051827637e+12
2.090909090909090842e-02,1.463681573155890004e+21,1.671844720028944896e+18,2.038960976291986250e+15,2.536716998626610840e+12,2.536716998626610840e+12,2.536716998626610840e+12,2.536716998626610840e+12,2.536716998626610840e+12,2.536716998626610840e+12
2.060606060606060691e-02,1.503403587410696602e+21,1.730205660366684672e+18,2.113580225712057000e+15,2.630487048457727051e+12,2.630487048457727051e+12,2.630487048457727051e+12,2.630487048457727051e+12,2.630487048457727051e+12,2.630487048457727051e+12
2.121212121212121340e-02,1.423378939458399502e+21,1.613332494550028288e+18,1.964396383979011000e+15,2.443092638583002441e+12,2.443092638583002441e+12,2.443092638583002441e+12,2.443092638583002441e+12,2.443092638583002441e+12,2.443092638583002441e+12
2.090909090909090842e-02,1.463681573155888955e+21,1.671844720028944640e+18,2.038960976291985500e+15,2.536716998626608398e+12,2.536716998626608398e+12,2.536716998626608398e+12,2.536716998626608398e+12,2.536716998626608398e+12,2.536716998626608398e+12
2.151515151515151492e-02,1.382495654255832596e+21,1.554699467516463872e+18,1.889927168363792500e+15,2.349664272750793945e+12,2.349664272750793945e+12,2.349664272750793945e+12,2.349664272750793945e+12,2.349664272750793945e+12,2.349664272750793945e+12
2.121212121212121340e-02,1.423378939458399240e+21,1.613332494550028288e+18,1.964396383979012250e+15,2.443092638583002441e+12,2.443092638583002441e+12,2.443092638583002441e+12,2.443092638583002441e+12,2.443092638583002441e+12,2.443092638583002441e+12
2.181818181818181990e-02,1.341031685026217198e+21,1.495976562464977408e+18,1.815593985816436000e+15,2.256481903062945312e+12,2.256481903062945312e+12,2.256481903062945312e+12,2.256481903062945312e+12,2.256481903062945312e+12,2.256481903062945312e+12
2.151515151515151492e-02,1.382495654255831810e+21,1.554699467516462848e+18,1.889927168363791500e+15,2.349664272750792969e+12,2.349664272750792969e+12,2.349664272750792969e+12,2.349664272750792969e+12,2.349664272750792969e+12,2.349664272750792969e+12
2.212121212121212141e-02,1.298986998787215720e+21,1.437195142938856704e+18,1.741437401636680750e+15,2.163595194198288818e+12,2.163595194198288818e+12,2.163595194198288818e+12,2.163595194198288818e+12,2.163595194198288818e+12,2.163595194198288818e+12
2.181818181818181990e-02,1.341031685026217460e+21,1.495976562464977664e+18,1.815593985816435500e+15,2.256481903062944336e+12,2.256481903062944336e+12,2.256481903062944336e+12,2.256481903062944336e+12,2.256481903062944336e+12,2.256481903062944336e+12
2.242424242424242292e-02,1.256361562095029846e+21,1.378387012545241600e+18,1.667497861809184000e+15,2.071053438981640869e+12,2.071053438981640869e+12,2.071053438981640869e+12,2.071053438981640869e+12,2.071053438981640869e+12,2.071053438981640869e+12
2.212121212121212141e-02,1.298986998787216507e+21,1.437195142938856704e+18,1.741437401636679750e+15,2.163595194198289307e+12,2.163595194198289307e+12,2.163595194198289307e+12,2.163595194198289307e+12,2.163595194198289307e+12,2.163595194198289307e+12
2.272727272727272790e-02,1.213155341045809545e+21,1.319584415014860032e+18,1.593815664362545750e+15,1.978905523974124268e+12,1.978905523974124268e+12,1.978905523974124268e+12,1.978905523974124268e+12,1.978905523974124268e+12,1.978905523974124268e+12
2.242424242424242292e-02,1.256361562095029846e+21,1.378387012545240832e+18,1.667497861809183000e+15,2.071053438981640381e+12,2.071053438981640381e+12,2.071053438981640381e+12,2.071053438981640381e+12,2.071053438981640381e+12,2.071053438981640381e+12
2.303030303030302942e-02,1.169368301274240254e+21,1.260820034260238848e+18,1.520430930329084500e+15,1.887199895278794678e+12,1.887199895278794678e+12,1.887199895278794678e+12,1.887199895278794678e+12,1.887199895278794678e+12,1.887199895278794678e+12
2.272727272727272790e-02,1.213155341045809021e+21,1.319584415014860544e+18,1.593815664362546000e+15,1.978905523974125000e+12,1.978905523974125000e+12,1.978905523974125000e+12,1.978905523974125000e+12,1.978905523974125000e+12,1.978905523974125000e+12
2.333333333333333440e-02,1.125000407954332189e+21,1.202126994437126656e+18,1.447383574309405000e+15,1.795984524594918945e+12,1.795984524594918945e+12,1.795984524594918945e+12,1.795984524594918945e+12,1.795984524594918945e+12,1.795984524594918945e+12
2.303030303030302942e-02,1.169368301274239730e+21,1.260820034260238336e+18,1.520430930329083750e+15,1.887199895278794678e+12,1.887199895278794678e+12,1.887199895278794678e+12,1.887199895278794678e+12,1.887199895278794678e+12,1.887199895278794678e+12
2.363636363636363591e-02,1.080051625798944817e+21,1.143538860005301120e+18,1.374713274638767000e+15,1.705306875544822021e+12,1.705306875544822021e+12,1.705306875544822021e+12,1.705306875544822021e+12,1.705306875544822021e+12,1.705306875544822021e+12
2.333333333333333440e-02,1.125000407954332320e+21,1.202126994437125888e+18,1.447383574309405250e+15,1.795984524594918701e+12,1.795984524594918701e+12,1.795984524594918701e+12,1.795984524594918701e+12,1.795984524594918701e+12,1.795984524594918701e+12
2.393939393939394089e-02,1.034521919060417315e+21,1.085089635790153472e+18,1.302459443154801250e+15,1.615213870304886963e+12,1.615213870304886963e+12,1.615213870304886963e+12,1.615213870304886963e+12,1.615213870304886963e+12,1.615213870304886963e+12
2.363636363636363591e-02,1.080051625798944948e+21,1.143538860005300224e+18,1.374713274638766000e+15,1.705306875544821533e+12,1.705306875544821533e+12,1.705306875544821533e+12,1.705306875544821533e+12,1.705306875544821533e+12,1.705306875544821533e+12
2.424242424242424240e-02,9.884112515283715359e+20,1.026813767045947264e+18,1.230661194570322250e+15,1.525751856569613770e+12,1.525751856569613770e+12,1.525751856569613770e+12,1.525751856569613770e+12,1.525751856569613770e+12,1.525751856569613770e+12
2.393939393939394089e-02,1.034521919060417315e+21,1.085089635790154624e+18,1.302459443154801250e+15,1.615213870304886963e+12,1.615213870304886963e+12,1.615213870304886963e+12,1.615213870304886963e+12,1.615213870304886963e+12,1.615213870304886963e+12
2.454545454545454392e-02,9.417195865328463380e+20,9.687461395192302080e+17,1.159357315446437500e+15,1.436966574881318604e+12,1.436966574881318604e+12,1.436966574881318604e+12,1.436966574881318604e+12,1.436966574881318604e+12,1.436966574881318604e+12
2.424242424242424240e-02,9.884112515283712737e+20,1.026813767045947648e+18,1.230661194570322000e+15,1.525751856569613281e+12,1.525751856569613281e+12,1.525751856569613281e+12,1.525751856569613281e+12,1.525751856569613281e+12,1.525751856569613281e+12
2.484848484848484890e-02,8.944468869406971658e+20,9.109220795125608960e+17,1.088586232767907125e+15,1.348903126351778320e+12,1.348903126351778320e+12,1.348903126351778320e+12,1.348903126351778320e+12,1.348903126351778320e+12,1.348903126351778320e+12
2.454545454545454392e-02,9.417195865328456827e+20,9.687461395192291840e+17,1.159357315446437000e+15,1.436966574881318359e+12,1.436966574881318359e+12,1.436966574881318359e+12,1.436966574881318359e+12,1.436966574881318359e+12,1.436966574881318359e+12
2.515151515151515041e-02,8.465931151587242148e+20,8.533773539515978240e+17,1.018385982123445500e+15,1.261605940810121826e+12,1.261605940810121826e+12,1.261605940810121826e+12,1.261605940810121826e+12,1.261605940810121826e+12,1.261605940810121826e+12
2.484848484848484890e-02,8.944468869406970348e+20,9.109220795125603840e+17,1.088586232767906000e+15,1.348903126351777832e+12,1.348903126351777832e+12,1.348903126351777832e+12,1.348903126351777832e+12,1.348903126351777832e+12,1.348903126351777832e+12
2.545454545454545539e-02,7.981582331319551263e+20,7.961481704494352640e+17,9.487941754840837500e+14,1.175118745405633057e+12,1.175118745405633057e+12,1.175118745405633057e+12,1.175118745405633057e+12,1.175118745405633057e+12,1.175118745405633057e+12
2.515151515151515041e-02,8.465931151587238216e+20,8.533773539515969280e+17,1.018385982123444500e+15,1.261605940810121094e+12,1.261605940810121094e+12,1.261605940810121094e+12,1.261605940810121094e+12,1.261605940810121094e+12,1.261605940810121094e+12
2.575757575757575690e-02,7.491422023436393513e+20,7.392711773744578560e+17,8.798479685870685000e+14,1.089484533698899414e+12,1.089484533698899414e+12,1.089484533698899414e+12,1.089484533698899414e+12,1.089484533698899414e+12,1.089484533698899414e+12
2.545454545454545539e-02,7.981582331319549952e+20,7.961481704494351360e+17,9.487941754840837500e+14,1.175118745405633057e+12,1.175118745405633057e+12,1.175118745405633057e+12,1.175118745405633057e+12,1.175118745405633057e+12,1.175118745405633057e+12
2.606060606060606188e-02,6.995449838158765097e+20,6.827834639174380800e+17,8.115840279190153750e+14,1.004745535272710083e+12,1.004745535272710083e+12,1.004745535272710083e+12,1.004745535272710083e+12,1.004745535272710083e+12,1.004745535272710083e+12
2.575757575757575690e-02,7.491422023436386959e+20,7.392711773744579840e+17,8.798479685870677500e+14,1.089484533698899170e+12,1.089484533698899170e+12,1.089484533698899170e+12,1.089484533698899170e+12,1.089484533698899170e+12,1.089484533698899170e+12
2.636363636363636340e-02,6.493665381082080215e+20,6.267225601603805440e+17,7.440384973022878750e+14,9.209431858942736816e+11,9.209431858942736816e+11,9.209431858942736816e+11,9.209431858942736816e+11,9.209431858942736816e+11,9.209431858942736816e+11
2.606060606060606188e-02,6.995449838158765097e+20,6.827834639174380800e+17,8.115840279190150000e+14,1.004745535272710205e+12,1.004745535272710205e+12,1.004745535272710205e+12,1.004745535272710205e+12,1.004745535272710205e+12,1.004745535272710205e+12
2.666666666666666491e-02,5.986068253194965484e+20,5.711264371457664000e+17,6.772469640834006250e+14,8.381180982630654297e+11,8.381180982630654297e+11,8.381180982630654297e+11,8.381180982630654297e+11,8.381180982630654297e+11,8.381180982630654297e+11
2.636363636363636340e-02,6.493665381082082836e+20,6.267225601603806720e+17,7.440384973022878750e+14,9.209431858942730713e+11,9.209431858942730713e+11,9.209431858942730713e+11,9.209431858942730713e+11,9.209431858942730713e+11,9.209431858942730713e+11
2.696969696969696989e-02,5.472658050854149161e+20,5.160335069463971840e+17,6.112444249214168750e+14,7.563100333762432861e+11,7.563100333762432861e+11,7.563100333762432861e+11,7.563100333762432861e+11,7.563100333762432861e+11,7.563100333762432861e+11
2.666666666666666491e-02,5.986068253194958930e+20,5.711264371457662720e+17,6.772469640834000000e+14,8.381180982630649414e+11,8.381180982630649414e+11,8.381180982630649414e+11,8.381180982630649414e+11,8.381180982630649414e+11,8.381180982630649414e+11
2.727272727272727140e-02,4.953434365808027894e+20,4.614826227373899520e+17,5.460652511799552500e+14,6.755578725460104980e+11,6.755578725460104980e+11,6.755578725460104980e+11,6.755578725460104980e+11,6.755578725460104980e+11,6.755578725460104980e+11
2.696969696969696989e-02,5.472658050854149161e+20,5.160335069463976320e+17,6.112444249214170000e+14,7.563100333762427979e+11,7.563100333762427979e+11,7.563100333762427979e+11,7.563100333762427979e+11,7.563100333762427979e+11,7.563100333762427979e+11
2.757575757575757638e-02,4.428396785182527324e+20,4.075130788667144320e+17,4.817431539186650625e+14,5.958995901018923340e+11,5.958995901018923340e+11,5.958995901018923340e+11,5.958995901018923340e+11,5.958995901018923340e+11,5.958995901018923340e+11
2.727272727272727140e-02,4.953434365808027238e+20,4.614826227373897600e+17,5.460652511799546875e+14,6.755578725460097656e+11,6.755578725460097656e+11,6.755578725460097656e+11,6.755578725460097656e+11,6.755578725460097656e+11,6.755578725460097656e+11
2.787878787878787790e-02,3.897544891485806264e+20,3.541646109288720640e+17,4.183111484876280625e+14,5.173722268136190186e+11,5.173722268136190186e+11,5.173722268136190186e+11,5.173722268136190186e+11,5.173722268136190186e+11,5.173722268136190186e+11
2.757575757575757638e-02,4.428396785182525358e+20,4.075130788667144960e+17,4.817431539186646250e+14,5.958995901018922119e+11,5.958995901018922119e+11,5.958995901018922119e+11,5.958995901018922119e+11,5.958995901018922119e+11,5.958995901018922119e+11
2.818181818181818288e-02,3.360878262611393905e+20,3.014773958377310080e+17,3.558015187213173125e+14,4.400118640679436646e+11,4.400118640679436646e+11,4.400118640679436646e+11,4.400118640679436646e+11,4.400118640679436646e+11,4.400118640679436646e+11
2.787878787878787790e-02,3.897544891485801677e+20,3.541646109288721280e+17,4.183111484876276875e+14,5.173722268136187744e+11,5.173722268136187744e+11,5.173722268136187744e+11,5.173722268136187744e+11,5.173722268136187744e+11,5.173722268136187744e+11
2.848484848484848439e-02,2.818396471825659003e+20,2.494920519009327360e+17,2.942457807351746875e+14,3.638535988354568481e+11,3.638535988354568481e+11,3.638535988354568481e+11,3.638535988354568481e+11,3.638535988354568481e+11,3.638535988354568481e+11
2.818181818181818288e-02,3.360878262611394560e+20,3.014773958377312000e+17,3.558015187213174375e+14,4.400118640679436646e+11,4.400118640679436646e+11,4.400118640679436646e+11,4.400118640679436646e+11,4.400118640679436646e+11,4.400118640679436646e+11
2.878787878787878937e-02,2.270099087774058742e+20,1.982496388948325440e+17,2.336746463220818750e+14,2.889315194628402710e+11,2.889315194628402710e+11,2.889315194628402710e+11,2.889315194628402710e+11,2.889315194628402710e+11,2.889315194628402710e+11
2.848484848484848439e-02,2.818396471825658675e+20,2.494920519009326080e+17,2.942457807351743750e+14,3.638535988354569092e+11,3.638535988354569092e+11,3.638535988354569092e+11,3.638535988354569092e+11,3.638535988354569092e+11,3.638535988354569092e+11
2.909090909090909088e-02,1.715985674479588803e+20,1.477916581404192320e+17,1.741179859499203125e+14,2.152786823259337463e+11,2.152786823259337463e+11,2.152786823259337463e+11,2.152786823259337463e+11,2.152786823259337463e+11,2.152786823259337463e+11
2.878787878787878937e-02,2.270099087774058742e+20,1.982496388948325120e+17,2.336746463220818438e+14,2.889315194628403320e+11,2.889315194628403320e+11,2.889315194628403320e+11,2.889315194628403320e+11,2.889315194628403320e+11,2.889315194628403320e+11
2.939393939393939240e-02,1.156055791347478692e+20,9.816005258017145600e+16,1.156047913604831875e+14,1.429270893807843323e+11,1.429270893807843323e+11,1.429270893807843323e+11,1.429270893807843323e+11,1.429270893807843323e+11,1.429270893807843323e+11
2.909090909090909088e-02,1.715985674479588475e+20,1.477916581404192320e+17,1.741179859499203750e+14,2.152786823259338684e+11,2.152786823259338684e+11,2.152786823259338684e+11,2.152786823259338684e+11,2.152786823259338684e+11,2.152786823259338684e+11
2.969696969696969738e-02,5.903089931573553562e+19,4.939720685550728000e+16,5.816313776835082031e+13,7.190766664836180115e+10,7.190766664836180115e+10,7.190766664836180115e+10,7.190766664836180115e+10,7.190766664836180115e+10,7.190766664836180115e+10
2.939393939393939240e-02,1.156055791347477873e+20,9.816005258017140800e+16,1.156047913604830625e+14,1.429270893807842407e+11,1.429270893807842407e+11,1.429270893807842407e+11,1.429270893807842407e+11,1.429270893807842407e+11,1.429270893807842407e+11
2.999999999999999889e-02,1.874483006480696576e+18,1.545947385013284000e+15,1.820145660373274658e+12,2.250243671057102680e+09,2.250243671057102680e+09,2.250243671057102680e+09,2.250243671057102680e+09,2.250243671057102680e+09,2.250243671057102680e+09
2.969696969696969738e-02,5.903089931573547008e+19,4.939720685550728000e+16,5.816313776835081250e+13,7.190766664836172485e+10,7.190766664836172485e+10,7.190766664836172485e+10,7.190766664836172485e+10,7.190766664836172485e+10,7.190766664836172485e+10
