x,t=1.00e+00s,t=2.00e+00s,t=3.00e+00s,t=4.00e+00s,t=5.00e+00s,t=6.00e+00s,t=7.00e+00s,t=8.00e+00s,t=9.00e+00s
3.030303030303030300e-04,1.380314279449983531e+24,1.380314916417693398e+24,1.380315554944763082e+24,1.380316194161779265e+24,1.380316833727926898e+24,1.380317473351052909e+24,1.380318112492928102e+24,1.380318749885424730e+24,1.380319382595760076e+24
0.000000000000000000e+00,1.380314275105740880e+24,1.380314912062433619e+24,1.380315550578839973e+24,1.380316189791109949e+24,1.380316829354859648e+24,1.380317468977587569e+24,1.380318108122736870e+24,1.380318745527156864e+24,1.380319378269415359e+24
6.060606060606060601e-04,1.380314325129980891e+24,1.380314962474188396e+24,1.380315601110611169e+24,1.380316240376804191e+24,1.380316879967910147e+24,1.380317519594909145e+24,1.380318158701530442e+24,1.380318795966466272e+24,1.380319428335782020e+24
3.030303030303030300e-04,1.380314279449983531e+24,1.380314916417693666e+24,1.380315554944763082e+24,1.380316194161778460e+24,1.380316833727925287e+24,1.380317473351052909e+24,1.380318112492928102e+24,1.380318749885425267e+24,1.380319382595760076e+24
9.090909090909090901e-04,1.380314397158963468e+24,1.380315034941042620e+24,1.380315673728384907e+24,1.380316313066882898e+24,1.380316952695158038e+24,1.380317592326396436e+24,1.380318231374109572e+24,1.380318868430230267e+24,1.380319500244262846e+24
6.060606060606060601e-04,1.380314325129980354e+24,1.380314962474189202e+24,1.380315601110610901e+24,1.380316240376804191e+24,1.380316879967910147e+24,1.380317519594908339e+24,1.380318158701530442e+24,1.380318795966466004e+24,1.380319428335781483e+24
1.212121212121212120e-03,1.380314497524590585e+24,1.380315135720371457e+24,1.380315774684969728e+24,1.380316414115062728e+24,1.380317053791003415e+24,1.380317693424357085e+24,1.380318332382908579e+24,1.380318969131493510e+24,1.380319600133741300e+24
9.090909090909090901e-04,1.380314397158962394e+24,1.380315034941042620e+24,1.380315673728385712e+24,1.380316313066882629e+24,1.380316952695158843e+24,1.380317592326396436e+24,1.380318231374108499e+24,1.380318868430230536e+24,1.380319500244263383e+24
1.515151515151515150e-03,1.380314626527386206e+24,1.380315265103020696e+24,1.380315904257259490e+24,1.380316543792408196e+24,1.380317183523292252e+24,1.380317823152984462e+24,1.380318461984401703e+24,1.380319098307940027e+24,1.380319728198268834e+24
1.212121212121212120e-03,1.380314497524589780e+24,1.380315135720372530e+24,1.380315774684969996e+24,1.380316414115062728e+24,1.380317053791003147e+24,1.380317693424357085e+24,1.380318332382908848e+24,1.380318969131493241e+24,1.380319600133742373e+24
1.818181818181818180e-03,1.380314784273827132e+24,1.380315423191739109e+24,1.380316062537832481e+24,1.380316702185815615e+24,1.380317341975178335e+24,1.380317981590686685e+24,1.380318620246635453e+24,1.380319256002432518e+24,1.380319884422630796e+24
1.515151515151515150e-03,1.380314626527385937e+24,1.380315265103021233e+24,1.380315904257259221e+24,1.380316543792407390e+24,1.380317183523291178e+24,1.380317823152984194e+24,1.380318461984402240e+24,1.380319098307939490e+24,1.380319728198268565e+24
2.121212121212120993e-03,1.380314970817032446e+24,1.380315610039148635e+24,1.380316249572173748e+24,1.380316889335697139e+24,1.380317529183047018e+24,1.380318168767896817e+24,1.380318807186383823e+24,1.380319442198347045e+24,1.380320068713445469e+24
1.818181818181818180e-03,1.380314784273827669e+24,1.380315423191740451e+24,1.380316062537833555e+24,1.380316702185816421e+24,1.380317341975178872e+24,1.380317981590686685e+24,1.380318620246636258e+24,1.380319256002434129e+24,1.380319884422630259e+24
2.424242424242424240e-03,1.380315186188388695e+24,1.380315825678151676e+24,1.380316465388413715e+24,1.380317105265871583e+24,1.380317745166475298e+24,1.380318384696843437e+24,1.380319022798125096e+24,1.380319656846497105e+24,1.380320280921583269e+24
2.121212121212120993e-03,1.380314970817031641e+24,1.380315610039148635e+24,1.380316249572172674e+24,1.380316889335697676e+24,1.380317529183047287e+24,1.380318168767895207e+24,1.380318807186384091e+24,1.380319442198348387e+24,1.380320068713444396e+24
2.727272727272727487e-03,1.380315430408135106e+24,1.380316070131625913e+24,1.380316710006462240e+24,1.380317349992658480e+24,1.380317989937308427e+24,1.380318629380287671e+24,1.380319267061715876e+24,1.380319899870187735e+24,1.380320520841531352e+24
2.424242424242424240e-03,1.380315186188387621e+24,1.380315825678151408e+24,1.380316465388413715e+24,1.380317105265871851e+24,1.380317745166475030e+24,1.380318384696842632e+24,1.380319022798125096e+24,1.380319656846497642e+24,1.380320280921581927e+24
3.030303030303030300e-03,1.380315703489896928e+24,1.380316343416346414e+24,1.380316983441445930e+24,1.380317623528213661e+24,1.380318263502865833e+24,1.380318902814255333e+24,1.380319539943712057e+24,1.380320171163121984e+24,1.380320788201997571e+24
2.727272727272727487e-03,1.380315430408135643e+24,1.380316070131625108e+24,1.380316710006463582e+24,1.380317349992659822e+24,1.380317989937308427e+24,1.380318629380289013e+24,1.380319267061715339e+24,1.380319899870187198e+24,1.380320520841530547e+24
3.333333333333333114e-03,1.380316005443020008e+24,1.380316645544934746e+24,1.380317285705250838e+24,1.380317925881899886e+24,1.380318565867093519e+24,1.380319204988499704e+24,1.380319841395968936e+24,1.380320470583575595e+24,1.380321082650721327e+24
3.030303030303030300e-03,1.380315703489896391e+24,1.380316343416345877e+24,1.380316983441447541e+24,1.380317623528213661e+24,1.380318263502865565e+24,1.380318902814255870e+24,1.380319539943711789e+24,1.380320171163120910e+24,1.380320788201996498e+24
3.636363636363636360e-03,1.380316336273897942e+24,1.380316976526966538e+24,1.380317616807309518e+24,1.380318257060872572e+24,1.380318897030833566e+24,1.380319535885845478e+24,1.380320171352524136e+24,1.380320797945564674e+24,1.380321403733686188e+24
3.333333333333333114e-03,1.380316005443018665e+24,1.380316645544934477e+24,1.380317285705251107e+24,1.380317925881898812e+24,1.380318565867093251e+24,1.380319204988499704e+24,1.380319841395967057e+24,1.380320470583573985e+24,1.380321082650721327e+24
3.939393939393939607e-03,1.380316695986844220e+24,1.380317336369681226e+24,1.380317976755063537e+24,1.380318617070321917e+24,1.380319256991609121e+24,1.380319895480750486e+24,1.380320529724965755e+24,1.380321153006827563e+24,1.380321750867842293e+24
3.636363636363636360e-03,1.380316336273898210e+24,1.380316976526966538e+24,1.380317616807308712e+24,1.380318257060872035e+24,1.380318897030833566e+24,1.380319535885845210e+24,1.380320171352524405e+24,1.380320797945565211e+24,1.380321403733686994e+24
4.242424242424241987e-03,1.380317084584623726e+24,1.380317725078483221e+24,1.380318365554263856e+24,1.380319005913510486e+24,1.380319645743093964e+24,1.380320283737132437e+24,1.380320916396071520e+24,1.380321535452987420e+24,1.380322123305876873e+24
3.939393939393939607e-03,1.380316695986843146e+24,1.380317336369680152e+24,1.380317976755062731e+24,1.380318617070321648e+24,1.380319256991609121e+24,1.380319895480750486e+24,1.380320529724965487e+24,1.380321153006827026e+24,1.380321750867842024e+24
4.545454545454545234e-03,1.380317502068870160e+24,1.380318142657310472e+24,1.380318783209170547e+24,1.380319423591685967e+24,1.380320063274259157e+24,1.380320700605379897e+24,1.380321331211390111e+24,1.380321944876935302e+24,1.380322520090967047e+24
4.242424242424241987e-03,1.380317084584624800e+24,1.380317725078483490e+24,1.380318365554263588e+24,1.380319005913510754e+24,1.380319645743095038e+24,1.380320283737133242e+24,1.380320916396071788e+24,1.380321535452988226e+24,1.380322123305877678e+24
4.848484848484848481e-03,1.380317948440342925e+24,1.380318589108905851e+24,1.380319229722687275e+24,1.380319870103875282e+24,1.380320509568165349e+24,1.380321146018314746e+24,1.380321773968163638e+24,1.380322380752130497e+24,1.380322939998812255e+24
4.545454545454545234e-03,1.380317502068870160e+24,1.380318142657309130e+24,1.380318783209170010e+24,1.380319423591687041e+24,1.380320063274259426e+24,1.380320700605379360e+24,1.380321331211390111e+24,1.380321944876935302e+24,1.380322520090966778e+24
5.151515151515151728e-03,1.380318423699140267e+24,1.380319064435031638e+24,1.380319705096435660e+24,1.380320345446539646e+24,1.380320984600316463e+24,1.380321619885860244e+24,1.380322244400851186e+24,1.380322842398071944e+24,1.380323381463518422e+24
4.848484848484848481e-03,1.380317948440343730e+24,1.380318589108905851e+24,1.380319229722686202e+24,1.380319870103875282e+24,1.380320509568165618e+24,1.380321146018315014e+24,1.380321773968163907e+24,1.380322380752130497e+24,1.380322939998812791e+24
5.454545454545454974e-03,1.380318927844844771e+24,1.380319568636626820e+24,1.380320209330771646e+24,1.380320849613057562e+24,1.380321488336423626e+24,1.380322122087972056e+24,1.380322742162208674e+24,1.380323328935719963e+24,1.380323842482898767e+24
5.151515151515151728e-03,1.380318423699140267e+24,1.380319064435031638e+24,1.380319705096435123e+24,1.380320345446539378e+24,1.380320984600316463e+24,1.380321619885860512e+24,1.380322244400850649e+24,1.380322842398071139e+24,1.380323381463518154e+24
5.757575757575757354e-03,1.380319460876631803e+24,1.380320101713922251e+24,1.380320742424738529e+24,1.380321382592987158e+24,1.380322020729406750e+24,1.380322652465290788e+24,1.380323266798617763e+24,1.380323839229986905e+24,1.380324320497567244e+24
5.454545454545454974e-03,1.380318927844843698e+24,1.380319568636626283e+24,1.380320209330771109e+24,1.380320849613055951e+24,1.380321488336423358e+24,1.380322122087971519e+24,1.380322742162207868e+24,1.380323328935720231e+24,1.380323842482897693e+24
6.060606060606060601e-03,1.380320022793356485e+24,1.380320663666525748e+24,1.380321304375928713e+24,1.380321944371041036e+24,1.380322581715369874e+24,1.380323210806831006e+24,1.380323817717904469e+24,1.380324371815566026e+24,1.380324812236725064e+24
5.757575757575757354e-03,1.380319460876631534e+24,1.380320101713922788e+24,1.380320742424738798e+24,1.380321382592987426e+24,1.380322020729407018e+24,1.380322652465291594e+24,1.380323266798618031e+24,1.380323839229987442e+24,1.380324320497567244e+24
6.363636363636363848e-03,1.380320613593609530e+24,1.380321254493453761e+24,1.380321895180250435e+24,1.380322534925646380e+24,1.380323171208209105e+24,1.380323796833712428e+24,1.380324394147400148e+24,1.380324924801356382e+24,1.380325313521548630e+24
6.060606060606060601e-03,1.380320022793356485e+24,1.380320663666525211e+24,1.380321304375927639e+24,1.380321944371040767e+24,1.380322581715369874e+24,1.380323210806830737e+24,1.380323817717903663e+24,1.380324371815566026e+24,1.380324812236724795e+24
6.666666666666666227e-03,1.380321233275768248e+24,1.380321874193156615e+24,1.380322514831575314e+24,1.380323154226986185e+24,1.380323789092404049e+24,1.380324410177722409e+24,1.380324995079303877e+24,1.380325495747366382e+24,1.380325819014761006e+24
6.363636363636363848e-03,1.380320613593610067e+24,1.380321254493454030e+24,1.380321895180250166e+24,1.380322534925644769e+24,1.380323171208208031e+24,1.380323796833710817e+24,1.380324394147398805e+24,1.380324924801356113e+24,1.380325313521548094e+24
6.969696969696969474e-03,1.380321881838027408e+24,1.380322522763479040e+24,1.380323163321193424e+24,1.380323802234323491e+24,1.380324435213386351e+24,1.380325050353060955e+24,1.380325619199537932e+24,1.380326081506277279e+24,1.380326321901880104e+24
6.666666666666666227e-03,1.380321233275769321e+24,1.380321874193157152e+24,1.380322514831576119e+24,1.380323154226987259e+24,1.380323789092404049e+24,1.380324410177722945e+24,1.380324995079303609e+24,1.380325495747366919e+24,1.380325819014762079e+24
7.272727272727272721e-03,1.380322559278409985e+24,1.380323200201578573e+24,1.380323840637045840e+24,1.380324478892350126e+24,1.380325109364662840e+24,1.380325716719092892e+24,1.380326264795142386e+24,1.380326678019643477e+24,1.380326813485849482e+24
6.969696969696969474e-03,1.380321881838027140e+24,1.380322522763479577e+24,1.380323163321193692e+24,1.380323802234323491e+24,1.380324435213385814e+24,1.380325050353060686e+24,1.380325619199537664e+24,1.380326081506277010e+24,1.380326321901880641e+24
7.575757575757575968e-03,1.380323265594794801e+24,1.380323906503804224e+24,1.380324546762655725e+24,1.380325184126232727e+24,1.380325811270641571e+24,1.380326408431304169e+24,1.380326929633835097e+24,1.380327280055952412e+24,1.380327282671992833e+24
7.272727272727272721e-03,1.380322559278409448e+24,1.380323200201578842e+24,1.380323840637045840e+24,1.380324478892350126e+24,1.380325109364662034e+24,1.380325716719092086e+24,1.380326264795143191e+24,1.380326678019642403e+24,1.380326813485850018e+24
7.878787878787879215e-03,1.380324000784899887e+24,1.380324641665473942e+24,1.380325281675622677e+24,1.380325917834919572e+24,1.380326540563705556e+24,1.380327124376740449e+24,1.380327610807441097e+24,1.380327880874246472e+24,1.380327715314229779e+24
7.575757575757575968e-03,1.380323265594793996e+24,1.380323906503803956e+24,1.380324546762654920e+24,1.380325184126233264e+24,1.380325811270640497e+24,1.380326408431303632e+24,1.380326929633835634e+24,1.380327280055952412e+24,1.380327282671992296e+24
8.181818181818182462e-03,1.380324764846281137e+24,1.380325405680579604e+24,1.380326045345552286e+24,1.380326679882036054e+24,1.380327296753653535e+24,1.380327863089057214e+24,1.380328304528502263e+24,1.380328471792446836e+24,1.380328093386050002e+24
7.878787878787879215e-03,1.380324000784899618e+24,1.380324641665474210e+24,1.380325281675622945e+24,1.380325917834919572e+24,1.380326540563704483e+24,1.380327124376739643e+24,1.380327610807440292e+24,1.380327880874247546e+24,1.380327715314229779e+24
8.484848484848483974e-03,1.380325557776299025e+24,1.380326198541327723e+24,1.380326837731195418e+24,1.380327470083624428e+24,1.380328079186951741e+24,1.380328622636809283e+24,1.380329005866265411e+24,1.380329041633986400e+24,1.380328393930383544e+24
8.181818181818182462e-03,1.380324764846281137e+24,1.380325405680578798e+24,1.380326045345553091e+24,1.380326679882036591e+24,1.380327296753653804e+24,1.380327863089056946e+24,1.380328304528502800e+24,1.380328471792447641e+24,1.380328093386050808e+24
8.787878787878787221e-03,1.380326379572074583e+24,1.380327020237516947e+24,1.380327658776522345e+24,1.380328288191521753e+24,1.380328886992467527e+24,1.380329400476664125e+24,1.380329708404249654e+24,1.380329576019055081e+24,1.380328587730971460e+24
8.484848484848483974e-03,1.380325557776299562e+24,1.380326198541326649e+24,1.380326837731196223e+24,1.380327470083623623e+24,1.380328079186951473e+24,1.380328622636808477e+24,1.380329005866265948e+24,1.380329041633985864e+24,1.380328393930383544e+24
9.090909090909090468e-03,1.380327230230423090e+24,1.380327870755654636e+24,1.380328508405316189e+24,1.380329133870925664e+24,1.380329719009182648e+24,1.380330193260599707e+24,1.380330403796464878e+24,1.380330056457820280e+24,1.380328637633376670e+24
8.787878787878787221e-03,1.380326379572074851e+24,1.380327020237517215e+24,1.380327658776522345e+24,1.380328288191520411e+24,1.380328886992466721e+24,1.380329400476663319e+24,1.380329708404249922e+24,1.380329576019054276e+24,1.380328587730971192e+24
9.393939393939393714e-03,1.380328109747746439e+24,1.380328750077705686e+24,1.380329386513775911e+24,1.380330006670107340e+24,1.380330573690023042e+24,1.380330996582907027e+24,1.380331081192821624e+24,1.380330459191542970e+24,1.380328496426017551e+24
9.090909090909090468e-03,1.380327230230423358e+24,1.380327870755654368e+24,1.380328508405316189e+24,1.380329133870925933e+24,1.380329719009182648e+24,1.380330193260599438e+24,1.380330403796464609e+24,1.380330056457820549e+24,1.380328637633375597e+24
9.696969696969696961e-03,1.380329018119885758e+24,1.380329658179357361e+24,1.380330292960347711e+24,1.380330905979490929e+24,1.380331448973899401e+24,1.380331804648392888e+24,1.380331726495894781e+24,1.380330753713226945e+24,1.380328104169528546e+24
9.393939393939393714e-03,1.380328109747746170e+24,1.380328750077705149e+24,1.380329386513775106e+24,1.380330006670107340e+24,1.380330573690022237e+24,1.380330996582907027e+24,1.380331081192821087e+24,1.380330459191542702e+24,1.380328496426017014e+24
1.000000000000000021e-02,1.380329955341902910e+24,1.380330595027602031e+24,1.380331227551810137e+24,1.380331830976466714e+24,1.380332342115644454e+24,1.380332609837641425e+24,1.380332321400512796e+24,1.380330900881522857e+24,1.380327384835627210e+24
9.696969696969696961e-03,1.380329018119885221e+24,1.380329658179357629e+24,1.380330292960347443e+24,1.380330905979490123e+24,1.380331448973899401e+24,1.380331804648391815e+24,1.380331726495893707e+24,1.380330753713226945e+24,1.380328104169528546e+24
1.030303030303030346e-02,1.380330921407778497e+24,1.380331560577353277e+24,1.380332190024180808e+24,1.380332780550929531e+24,1.380333249460050445e+24,1.380333402137856047e+24,1.380332842154071733e+24,1.380330850519183289e+24,1.380326242083345124e+24
1.000000000000000021e-02,1.380329955341902910e+24,1.380330595027602031e+24,1.380331227551810137e+24,1.380331830976465909e+24,1.380332342115644723e+24,1.380332609837641425e+24,1.380332321400511453e+24,1.380330900881523662e+24,1.380327384835627747e+24
1.060606060606060670e-02,1.380331916309968410e+24,1.380332554766737264e+24,1.380333180016576172e+24,1.380333753204910215e+24,1.380334166141908074e+24,1.380334168398435304e+24,1.380333257958232993e+24,1.380330538359370809e+24,1.380324553959589884e+24
1.030303030303030346e-02,1.380330921407778497e+24,1.380331560577353009e+24,1.380332190024181077e+24,1.380332780550929531e+24,1.380333249460050445e+24,1.380333402137856315e+24,1.380332842154071196e+24,1.380330850519184094e+24,1.380326242083344319e+24
1.090909090909090995e-02,1.380332940038784812e+24,1.380333577510536740e+24,1.380334197035396843e+24,1.380334746917290570e+24,1.380335085688055770e+24,1.380334891358240104e+24,1.380333528910735518e+24,1.380329882168396911e+24,1.380322166261195567e+24
1.060606060606060670e-02,1.380331916309967873e+24,1.380332554766737532e+24,1.380333180016576172e+24,1.380333753204910215e+24,1.380334166141908074e+24,1.380334168398435841e+24,1.380333257958232724e+24,1.380330538359370272e+24,1.380324553959589884e+24
1.121212121212121146e-02,1.380333992581512185e+24,1.380334628691049737e+24,1.380335240405286864e+24,1.380335758961608179e+24,1.380335999489878786e+24,1.380335548375870653e+24,1.380333603358442617e+24,1.380328776830226434e+24,1.380318884234864613e+24
1.090909090909090995e-02,1.380332940038784544e+24,1.380333577510536740e+24,1.380334197035397112e+24,1.380334746917290302e+24,1.380335085688056575e+24,1.380334891358240641e+24,1.380333528910736323e+24,1.380329882168396375e+24,1.380322166261195299e+24
1.151515151515151471e-02,1.380335073921155075e+24,1.380335708145354992e+24,1.380336309201993699e+24,1.380336785660790677e+24,1.380336896104634790e+24,1.380336109774118693e+24,1.380333414497856023e+24,1.380327088124789814e+24,1.380314462217901854e+24
1.121212121212121146e-02,1.380333992581511112e+24,1.380334628691049737e+24,1.380335240405286058e+24,1.380335758961608447e+24,1.380335999489878518e+24,1.380335548375870921e+24,1.380333603358443959e+24,1.380328776830225897e+24,1.380318884234864613e+24
1.181818181818181795e-02,1.380336184034656218e+24,1.380336815647578296e+24,1.380337402160499424e+24,1.380337822057180401e+24,1.380337760330920277e+24,1.380336536683861447e+24,1.380332876015345055e+24,1.380324644866231479e+24,1.380308590733771602e+24
1.151515151515151471e-02,1.380335073921155075e+24,1.380335708145354992e+24,1.380336309201993430e+24,1.380336785660791214e+24,1.380336896104634790e+24,1.380336109774118693e+24,1.380333414497855755e+24,1.380327088124789277e+24,1.380314462217901854e+24
1.212121212121212120e-02,1.380337322890378349e+24,1.380337950884178178e+24,1.380338517549298980e+24,1.380338861468899160e+24,1.380338571986400723e+24,1.380336778239545409e+24,1.380331876504392436e+24,1.380321228986475140e+24,1.380300880449694987e+24
1.181818181818181795e-02,1.380336184034657024e+24,1.380336815647578833e+24,1.380337402160497813e+24,1.380337822057180401e+24,1.380337760330919740e+24,1.380336536683861716e+24,1.380332876015344250e+24,1.380324644866231747e+24,1.380308590733771334e+24
1.242424242424242445e-02,1.380338490444507431e+24,1.380339113419538654e+24,1.380339652998505381e+24,1.380339894893803144e+24,1.380339304293561625e+24,1.380336767936055499e+24,1.380330272328130933e+24,1.380316563050423881e+24,1.380290842275662365e+24
1.212121212121212120e-02,1.380337322890378349e+24,1.380337950884178984e+24,1.380338517549298443e+24,1.380338861468898891e+24,1.380338571986399918e+24,1.380336778239545140e+24,1.380331876504391630e+24,1.380321228986475677e+24,1.380300880449694987e+24
1.272727272727272770e-02,1.380339686635969299e+24,1.380340302648014038e+24,1.380340805264827222e+24,1.380340910209277635e+24,1.380339921750076611e+24,1.380336418902717739e+24,1.380327878509579213e+24,1.380310294568485536e+24,1.380277862731954331e+24
1.242424242424242445e-02,1.380338490444506626e+24,1.380339113419539460e+24,1.380339652998504844e+24,1.380339894893803412e+24,1.380339304293561625e+24,1.380336767936054694e+24,1.380330272328130933e+24,1.380316563050423881e+24,1.380290842275661828e+24
1.303030303030303094e-02,1.380340911379191024e+24,1.380341517727165015e+24,1.380341969910426732e+24,1.380341891098779725e+24,1.380340377322416490e+24,1.380335617781597263e+24,1.380324457125172402e+24,1.380301976325581944e+24,1.380261173531874093e+24
1.272727272727272770e-02,1.380339686635969031e+24,1.380340302648014038e+24,1.380340805264826148e+24,1.380340910209278172e+24,1.380339921750076342e+24,1.380336418902716396e+24,1.380327878509579481e+24,1.380310294568484731e+24,1.380277862731953258e+24
1.333333333333333245e-02,1.380342164553824939e+24,1.380342757484759989e+24,1.380343140864325224e+24,1.380342815613066416e+24,1.380340608752134962e+24,1.380334216810114811e+24,1.380319702544926049e+24,1.380291041768780608e+24,1.380239814114004068e+24
1.303030303030303094e-02,1.380340911379191830e+24,1.380341517727165284e+24,1.380341969910427000e+24,1.380341891098779457e+24,1.380340377322416490e+24,1.380335617781597800e+24,1.380324457125172134e+24,1.380301976325581944e+24,1.380261173531874093e+24
1.363636363636363570e-02,1.380343445990130445e+24,1.380344020289289059e+24,1.380344309823653252e+24,1.380343654243546647e+24,1.380340533700478689e+24,1.380332023597981954e+24,1.380313222699440996e+24,1.380276774282751950e+24,1.380212585609713307e+24
1.333333333333333245e-02,1.380342164553824670e+24,1.380342757484760526e+24,1.380343140864323882e+24,1.380342815613067222e+24,1.380340608752133889e+24,1.380334216810115080e+24,1.380319702544925512e+24,1.380291041768780876e+24,1.380239814114003263e+24
1.393939393939393895e-02,1.380344755448200603e+24,1.380345303869662641e+24,1.380345465436807958e+24,1.380344367344799481e+24,1.380340043374645893e+24,1.380328787949756640e+24,1.380304515353543042e+24,1.380258268927713052e+24,1.380177994443067796e+24
1.363636363636363570e-02,1.380343445990130445e+24,1.380344020289289328e+24,1.380344309823653521e+24,1.380343654243547721e+24,1.380340533700479494e+24,1.380332023597981686e+24,1.380313222699440996e+24,1.380276774282752487e+24,1.380212585609713307e+24
1.424242424242424220e-02,1.380346092588410604e+24,1.380346605064234511e+24,1.380346592189685374e+24,1.380344901689997443e+24,1.380338994172889290e+24,1.380324184910137129e+24,1.380292938121308065e+24,1.380234384911863674e+24,1.380134183427555426e+24
1.393939393939393895e-02,1.380344755448200603e+24,1.380345303869662641e+24,1.380345465436806884e+24,1.380344367344799212e+24,1.380340043374645893e+24,1.380328787949755835e+24,1.380304515353541700e+24,1.380258268927713589e+24,1.380177994443067260e+24
1.454545454545454544e-02,1.380347456929380782e+24,1.380347919471493194e+24,1.380347668888113321e+24,1.380345185872602336e+24,1.380337196749325343e+24,1.380317792991239471e+24,1.380277670659112573e+24,1.380203686712953855e+24,1.380078847844406614e+24
1.424242424242424220e-02,1.380346092588410335e+24,1.380346605064233706e+24,1.380346592189685910e+24,1.380344901689996906e+24,1.380338994172889290e+24,1.380324184910135787e+24,1.380292938121308602e+24,1.380234384911863674e+24,1.380134183427556231e+24
1.484848484848484869e-02,1.380348847788147987e+24,1.380349240964019839e+24,1.380348666591539691e+24,1.380345124175088429e+24,1.380334401724656984e+24,1.380309066269546554e+24,1.380257667112436018e+24,1.380164371344714373e+24,1.380009133558060601e+24
1.454545454545454544e-02,1.380347456929380245e+24,1.380347919471493731e+24,1.380347668888113857e+24,1.380345185872602873e+24,1.380337196749326417e+24,1.380317792991238934e+24,1.380277670659111768e+24,1.380203686712953855e+24,1.380078847844405809e+24
1.515151515151515194e-02,1.380350264195022420e+24,1.380350561012352725e+24,1.380349545801689931e+24,1.380344588403822006e+24,1.380330281045865766e+24,1.380297298703396851e+24,1.380231596458201340e+24,1.380114178776883565e+24,1.379921513745373314e+24
1.484848484848484869e-02,1.380348847788148256e+24,1.380349240964020376e+24,1.380348666591539691e+24,1.380345124175088697e+24,1.380334401724656984e+24,1.380309066269546823e+24,1.380257667112435481e+24,1.380164371344714642e+24,1.380009133558059795e+24
1.545454545454545518e-02,1.380351704772340976e+24,1.380351867744688192e+24,1.380350252640738713e+24,1.380343407029864165e+24,1.380324403714062111e+24,1.380281578605913930e+24,1.380197767865634197e+24,1.380050281956633804e+24,1.379811640287918201e+24
1.515151515151515194e-02,1.380350264195022152e+24,1.380350561012351920e+24,1.380349545801689395e+24,1.380344588403821469e+24,1.380330281045864961e+24,1.380297298703396851e+24,1.380231596458201340e+24,1.380114178776884371e+24,1.379921513745373314e+24
1.575757575757575843e-02,1.380353167561825395e+24,1.380353144639685063e+24,1.380350713660345349e+24,1.380341350767176351e+24,1.380316204239604614e+24,1.380260730697415077e+24,1.380154037583214258e+24,1.379969152240106535e+24,1.379674165306342014e+24
1.545454545454545518e-02,1.380351704772340707e+24,1.380351867744688192e+24,1.380350252640738713e+24,1.380343407029863359e+24,1.380324403714062111e+24,1.380281578605913930e+24,1.380197767865633660e+24,1.380050281956634610e+24,1.379811640287918469e+24
1.606060606060605994e-02,1.380354649778632574e+24,1.380354368709798977e+24,1.380350828797734823e+24,1.380338113448141113e+24,1.380304941728822750e+24,1.380233242537327988e+24,1.380097693135288505e+24,1.379866395323608498e+24,1.379502527711832133e+24
1.575757575757575843e-02,1.380353167561824859e+24,1.380353144639685868e+24,1.380350713660345349e+24,1.380341350767176620e+24,1.380316204239604882e+24,1.380260730697415345e+24,1.380154037583214526e+24,1.379969152240108146e+24,1.379674165306342819e+24
1.636363636363636492e-02,1.380356147460958245e+24,1.380355507977649794e+24,1.380350461827046240e+24,1.380333286703508239e+24,1.380289646934932318e+24,1.380197171378479379e+24,1.380025309767798907e+24,1.379736551966612210e+24,1.379288699027420374e+24
1.606060606060605994e-02,1.380354649778631500e+24,1.380354368709798977e+24,1.380350828797735360e+24,1.380338113448141918e+24,1.380304941728823287e+24,1.380233242537328525e+24,1.380097693135287699e+24,1.379866395323607693e+24,1.379502527711832669e+24
1.666666666666666644e-02,1.380357654970667842e+24,1.380356517971834557e+24,1.380349427429339679e+24,1.380326326496632896e+24,1.380269053890113590e+24,1.380150026574076750e+24,1.379932573109382344e+24,1.379572856930534141e+24,1.379022882114196765e+24
1.636363636363636492e-02,1.380356147460958782e+24,1.380355507977650600e+24,1.380350461827047850e+24,1.380333286703509849e+24,1.380289646934933392e+24,1.380197171378481258e+24,1.380025309767799981e+24,1.379736551966613283e+24,1.379288699027421716e+24
1.696969696969696795e-02,1.380359164281481102e+24,1.380357336863522343e+24,1.380347473704108654e+24,1.380316508971709510e+24,1.380241511844927913e+24,1.380088621576967277e+24,1.379814060905681257e+24,1.379366948632773641e+24,1.378693155856633121e+24
1.666666666666666644e-02,1.380357654970667574e+24,1.380356517971834826e+24,1.380349427429339948e+24,1.380326326496634776e+24,1.380269053890113858e+24,1.380150026574077287e+24,1.379932573109382613e+24,1.379572856930534947e+24,1.379022882114197571e+24
1.727272727272727293e-02,1.380360663964138399e+24,1.380357878720182704e+24,1.380344258544645257e+24,1.380302872316516229e+24,1.380204872138928530e+24,1.380008888278434372e+24,1.379662975441302177e+24,1.379108521059789736e+24,1.378285058361122586e+24
1.696969696969696795e-02,1.380359164281480297e+24,1.380357336863521806e+24,1.380347473704108117e+24,1.380316508971710047e+24,1.380241511844928450e+24,1.380088621576966740e+24,1.379814060905681526e+24,1.379366948632773372e+24,1.378693155856633926e+24
1.757575757575757444e-02,1.380362137739209101e+24,1.380358024152865151e+24,1.380339317766689617e+24,1.380284140367844789e+24,1.380156343270820012e+24,1.379905644918649284e+24,1.379470816893930297e+24,1.378784908533630165e+24,1.377781100859891305e+24
1.727272727272727293e-02,1.380360663964138936e+24,1.380357878720182973e+24,1.380344258544646599e+24,1.380302872316516766e+24,1.380204872138929604e+24,1.380008888278436788e+24,1.379662975441302714e+24,1.379108521059789736e+24,1.378285058361123928e+24
1.787878787878787942e-02,1.380363562412950149e+24,1.380357607358098408e+24,1.380332022173064277e+24,1.380258622447901947e+24,1.380092305782286435e+24,1.379772307045843215e+24,1.379226986389852257e+24,1.378380593038152706e+24,1.377160204362861800e+24
1.757575757575757444e-02,1.380362137739209369e+24,1.380358024152864883e+24,1.380339317766689886e+24,1.380284140367845326e+24,1.380156343270820012e+24,1.379905644918649821e+24,1.379470816893930029e+24,1.378784908533629360e+24,1.377781100859891573e+24
1.818181818181818094e-02,1.380364904932631116e+24,1.380356398176809943e+24,1.380321519802117735e+24,1.380224082347121311e+24,1.380008076567127135e+24,1.379600528997375902e+24,1.378918305987949947e+24,1.377876623059358530e+24,1.376397051254754280e+24
1.787878787878787942e-02,1.380363562412952296e+24,1.380357607358099750e+24,1.380332022173065351e+24,1.380258622447904363e+24,1.380092305782286972e+24,1.379772307045842946e+24,1.379226986389853063e+24,1.378380593038153243e+24,1.377160204362863142e+24
1.848484848484848592e-02,1.380366118184862188e+24,1.380354077272390073e+24,1.380306658375026306e+24,1.380177567384385509e+24,1.379897609816506947e+24,1.379379761127330832e+24,1.378528441271512507e+24,1.377249932379519189e+24,1.375461344606465099e+24
1.818181818181818094e-02,1.380364904932632458e+24,1.380356398176809943e+24,1.380321519802116662e+24,1.380224082347121579e+24,1.380008076567127404e+24,1.379600528997375902e+24,1.378918305987949142e+24,1.377876623059358530e+24,1.376397051254753743e+24
1.878787878787878743e-02,1.380367134999269259e+24,1.380350201816536079e+24,1.380285881337334517e+24,1.380115185988150443e+24,1.379753118964355843e+24,1.379096705536601872e+24,1.378037210766172949e+24,1.376472547117828661e+24,1.374316969092789253e+24
1.848484848484848592e-02,1.380366118184864067e+24,1.380354077272391952e+24,1.380306658375027380e+24,1.380177567384386583e+24,1.379897609816508289e+24,1.379379761127331637e+24,1.378528441271512239e+24,1.377249932379520263e+24,1.375461344606466173e+24
1.909090909090909241e-02,1.380367859589390495e+24,1.380344158094291320e+24,1.380257088769793865e+24,1.380031819145287962e+24,1.379564600665042376e+24,1.378734650426533303e+24,1.377419765157901915e+24,1.375510669695974464e+24,1.372921049238317228e+24
1.878787878787878743e-02,1.380367134999270333e+24,1.380350201816536884e+24,1.380285881337334249e+24,1.380115185988149638e+24,1.379753118964355843e+24,1.379096705536602677e+24,1.378037210766172412e+24,1.376472547117828661e+24,1.374316969092789790e+24
1.939393939393939392e-02,1.380368155333321231e+24,1.380335096103933162e+24,1.380217451680198736e+24,1.379920747241217066e+24,1.379319237996755722e+24,1.378272660490893232e+24,1.376645618436403806e+24,1.374323629529280671e+24,1.371222903426023648e+24
1.909090909090909241e-02,1.380367859589392911e+24,1.380344158094292930e+24,1.380257088769795207e+24,1.380031819145288230e+24,1.379564600665042644e+24,1.378734650426534914e+24,1.377419765157902451e+24,1.375510669695975537e+24,1.372921049238318839e+24
1.969696969696969543e-02,1.380367827325799105e+24,1.380321839404796617e+24,1.380163164603046253e+24,1.379773169138020655e+24,1.379000655746244398e+24,1.377684598134054226e+24,1.375677512872517140e+24,1.372862692347064281e+24,1.369162895890222621e+24
1.939393939393939392e-02,1.380368155333322842e+24,1.380335096103934504e+24,1.380217451680198736e+24,1.379920747241217603e+24,1.379319237996758138e+24,1.378272660490894575e+24,1.376645618436404075e+24,1.374323629529281476e+24,1.371222903426022843e+24
2.000000000000000042e-02,1.380366597460294155e+24,1.380302760984915260e+24,1.380089116808637346e+24,1.379577584678694942e+24,1.378587995848555161e+24,1.376937947980247310e+24,1.374470100458955946e+24,1.371069723415830455e+24,1.366671193978143058e+24
1.969696969696969543e-02,1.380367827325799105e+24,1.380321839404796617e+24,1.380163164603045716e+24,1.379773169138019850e+24,1.379000655746244666e+24,1.377684598134055568e+24,1.375677512872517945e+24,1.372862692347064281e+24,1.369162895890222621e+24
2.030303030303030193e-02,1.380364068837100712e+24,1.380275612550376949e+24,1.379988456491542643e+24,1.379319005047695522e+24,1.378054775954737184e+24,1.375992415438547590e+24,1.372968425484130842e+24,1.368875704899644324e+24,1.363666444500475622e+24
2.000000000000000042e-02,1.380366597460294961e+24,1.380302760984916603e+24,1.380089116808638689e+24,1.379577584678694673e+24,1.378587995848555966e+24,1.376937947980248652e+24,1.374470100458958093e+24,1.371069723415832334e+24,1.366671193978145474e+24
2.060606060606060691e-02,1.380359674916878774e+24,1.380237290073523550e+24,1.379852014754055001e+24,1.378977947473127823e+24,1.377367488907760978e+24,1.374798269448655018e+24,1.371106196736821063e+24,1.366199114496869854e+24,1.360054391180453113e+24
2.030303030303030193e-02,1.380364068837100981e+24,1.380275612550378291e+24,1.379988456491542374e+24,1.379319005047695253e+24,1.378054775954737184e+24,1.375992415438547859e+24,1.372968425484131378e+24,1.368875704899644055e+24,1.363666444500476428e+24
2.090909090909090842e-02,1.380352606870273153e+24,1.380183512272492388e+24,1.379667546656655523e+24,1.378529161597589138e+24,1.376483895990610590e+24,1.373294400535204949e+24,1.368803844008878702e+24,1.362944181709315722e+24,1.355726465191395369e+24
2.060606060606060691e-02,1.380359674916879848e+24,1.380237290073526234e+24,1.379852014754055001e+24,1.378977947473129970e+24,1.377367488907761783e+24,1.374798269448655554e+24,1.371106196736821869e+24,1.366199114496870927e+24,1.360054391180454456e+24
2.121212121212121340e-02,1.380341709757767381e+24,1.380108380397261199e+24,1.379418734663377927e+24,1.377940024550709558e+24,1.375350962730171384e+24,1.371406068694496208e+24,1.365966362710002132e+24,1.358999049984622763e+24,1.350558392611336054e+24
2.090909090909090842e-02,1.380352606870272884e+24,1.380183512272491852e+24,1.379667546656656060e+24,1.378529161597589406e+24,1.376483895990611396e+24,1.373294400535204949e+24,1.368803844008878702e+24,1.362944181709315454e+24,1.355726465191394832e+24
2.151515151515151492e-02,1.380325334144667326e+24,1.380003776572804380e+24,1.379083885028370415e+24,1.377168530573805362e+24,1.373902383606971230e+24,1.369042322369952415e+24,1.362480963232974303e+24,1.354233887835155585e+24,1.344408876280929136e+24
2.121212121212121340e-02,1.380341709757769260e+24,1.380108380397262005e+24,1.379418734663380343e+24,1.377940024550711705e+24,1.375350962730171921e+24,1.371406068694497551e+24,1.365966362710003474e+24,1.358999049984623837e+24,1.350558392611337128e+24
2.181818181818181990e-02,1.380301123990746372e+24,1.379858543099565964e+24,1.378634229622445242e+24,1.376160789479127186e+24,1.372055642366858628e+24,1.366093080988659745e+24,1.358214558940724623e+24,1.348499010087122436e+24,1.337118424835673893e+24
2.151515151515151492e-02,1.380325334144667326e+24,1.380003776572804380e+24,1.379083885028370683e+24,1.377168530573807241e+24,1.373902383606970962e+24,1.369042322369953221e+24,1.362480963232974303e+24,1.354233887835155853e+24,1.344408876280928331e+24
2.212121212121212141e-02,1.380265713403986337e+24,1.379657365388545046e+24,1.378031724030798141e+24,1.374847937153877183e+24,1.369708559287160647e+24,1.362425890580776780e+24,1.353011148994539948e+24,1.341623091698333580e+24,1.328508418204333261e+24
2.181818181818181990e-02,1.380301123990747714e+24,1.379858543099568380e+24,1.378634229622446852e+24,1.376160789479129870e+24,1.372055642366859433e+24,1.366093080988660819e+24,1.358214558940726502e+24,1.348499010087124046e+24,1.337118424835674966e+24
2.242424242424242292e-02,1.380214293040322574e+24,1.379379255167738159e+24,1.377226207289990061e+24,1.373142352157581368e+24,1.366735287724526147e+24,1.357882386409559492e+24,1.346689180301614264e+24,1.333411580898978424e+24,1.318380515974856384e+24
2.212121212121212141e-02,1.380265713403986874e+24,1.379657365388545315e+24,1.378031724030799752e+24,1.374847937153877989e+24,1.369708559287161989e+24,1.362425890580776511e+24,1.353011148994540485e+24,1.341623091698334117e+24,1.328508418204333261e+24
2.272727272727272790e-02,1.380139990030889649e+24,1.378995496454781412e+24,1.376151759548139556e+24,1.370933067363264246e+24,1.362981742116905909e+24,1.352274529929910009e+24,1.339039006995863132e+24,1.323645445205150172e+24,1.306516531773409096e+24
2.242424242424242292e-02,1.380214293040322306e+24,1.379379255167737353e+24,1.377226207289991403e+24,1.373142352157580563e+24,1.366735287724526147e+24,1.357882386409560029e+24,1.346689180301613995e+24,1.333411580898978961e+24,1.318380515974856116e+24
2.303030303030302942e-02,1.380032981125130120e+24,1.378466872398499121e+24,1.374722062008304070e+24,1.368080267696828894e+24,1.358260471465308980e+24,1.345380731373737017e+24,1.329820606050084573e+24,1.312080412114222194e+24,1.292678911871333693e+24
2.272727272727272790e-02,1.380139990030890991e+24,1.378995496454781948e+24,1.376151759548141166e+24,1.370933067363263709e+24,1.362981742116907252e+24,1.352274529929910815e+24,1.339039006995863401e+24,1.323645445205151514e+24,1.306516531773409365e+24
2.333333333333333440e-02,1.379879224101812637e+24,1.377739933955844842e+24,1.372824530526217810e+24,1.364408778754986680e+24,1.352345039889348191e+24,1.336942025210728873e+24,1.318761753220519729e+24,1.298446894415691016e+24,1.276611967934092792e+24
2.303030303030302942e-02,1.380032981125130925e+24,1.378466872398498853e+24,1.374722062008302996e+24,1.368080267696829968e+24,1.358260471465309249e+24,1.345380731373736212e+24,1.329820606050085110e+24,1.312080412114221657e+24,1.292678911871333425e+24
2.363636363636363591e-02,1.379658642907168485e+24,1.376741998753614586e+24,1.370312963505699166e+24,1.359700482454901888e+24,1.344964043300545808e+24,1.326658534500225885e+24,1.305556913060648919e+24,1.282450815742226737e+24,1.258044020068878610e+24
2.333333333333333440e-02,1.379879224101813711e+24,1.377739933955846184e+24,1.372824530526217810e+24,1.364408778754988827e+24,1.352345039889349265e+24,1.336942025210728873e+24,1.318761753220520803e+24,1.298446894415691553e+24,1.276611967934094134e+24
2.393939393939394089e-02,1.379342530963787265e+24,1.375374477662250145e+24,1.366998421934447109e+24,1.353685652841736352e+24,1.335794982929298283e+24,1.314186541615391112e+24,1.289867147577623285e+24,1.263775572153378070e+24,1.236690604672562948e+24
2.363636363636363591e-02,1.379658642907168216e+24,1.376741998753613512e+24,1.370312963505698898e+24,1.359700482454903230e+24,1.344964043300544734e+24,1.326658534500226153e+24,1.305556913060648919e+24,1.282450815742226469e+24,1.258044020068878341e+24
2.424242424242424240e-02,1.378889835391298247e+24,1.373504015396616530e+24,1.362638053622215275e+24,1.346033297890374849e+24,1.324458336440020726e+24,1.299136575325387312e+24,1.271321396155911275e+24,1.242085376264610586e+24,1.212258889326135832e+24
2.393939393939394089e-02,1.379342530963788070e+24,1.375374477662251219e+24,1.366998421934447914e+24,1.353685652841738499e+24,1.335794982929298551e+24,1.314186541615392454e+24,1.289867147577624359e+24,1.263775572153378607e+24,1.236690604672564022e+24
2.454545454545454392e-02,1.378241839214498100e+24,1.370950799182003654e+24,1.356921598911132652e+24,1.336340733981443242e+24,1.310512318625444994e+24,1.281073023834182910e+24,1.249519518810282893e+24,1.217030226988534310e+24,1.184453411327132045e+24
2.424242424242424240e-02,1.378889835391298247e+24,1.373504015396617604e+24,1.362638053622216349e+24,1.346033297890375385e+24,1.324458336440020994e+24,1.299136575325388117e+24,1.271321396155912886e+24,1.242085376264611392e+24,1.212258889326136369e+24
2.484848484848484890e-02,1.377314549982266386e+24,1.367473238744250175e+24,1.349455392037066578e+24,1.324122823079154313e+24,1.293449006776319346e+24,1.259515883031479095e+24,1.224037517874420926e+24,1.188252724997071988e+24,1.152983214759236151e+24
2.454545454545454392e-02,1.378241839214498368e+24,1.370950799182003117e+24,1.356921598911133725e+24,1.336340733981443779e+24,1.310512318625445262e+24,1.281073023834183178e+24,1.249519518810282624e+24,1.217030226988534310e+24,1.184453411327131911e+24
2.515151515151515041e-02,1.375987804315314029e+24,1.362748060323468651e+24,1.339743830675183930e+24,1.308801583894318601e+24,1.272692717202766660e+24,1.233945337768578994e+24,1.194435350104475808e+24,1.155396905904820688e+24,1.117570401141641315e+24
2.484848484848484890e-02,1.377314549982267192e+24,1.367473238744250712e+24,1.349455392037068188e+24,1.324122823079155118e+24,1.293449006776320419e+24,1.259515883031479900e+24,1.224037517874420926e+24,1.188252724997073062e+24,1.152983214759237091e+24
2.545454545454545539e-02,1.374089669662560525e+24,1.356344706818353115e+24,1.327168567377459767e+24,1.289697261910385138e+24,1.247601748848839701e+24,1.203809935305123236e+24,1.160267700338413609e+24,1.118119184541405510e+24,1.077960029517123179e+24
2.515151515151515041e-02,1.375987804315312686e+24,1.362748060323468651e+24,1.339743830675183930e+24,1.308801583894318601e+24,1.272692717202766123e+24,1.233945337768578994e+24,1.194435350104475137e+24,1.155396905904819615e+24,1.117570401141641315e+24
2.575757575757575690e-02,1.371374110955239176e+24,1.347692834233334352e+24,1.310966136185389519e+24,1.266022418852317168e+24,1.217474837543803479e+24,1.168539122420432870e+24,1.121097996656794522e+24,1.076101390225156658e+24,1.033931203659965653e+24
2.545454545454545539e-02,1.374089669662561599e+24,1.356344706818354188e+24,1.327168567377460573e+24,1.289697261910387017e+24,1.247601748848841849e+24,1.203809935305123773e+24,1.160267700338414414e+24,1.118119184541406181e+24,1.077960029517124253e+24
2.606060606060606188e-02,1.367489010597743380e+24,1.336041711678928745e+24,1.290205437251356180e+24,1.236881178928258436e+24,1.181563856737713368e+24,1.127560853574290839e+24,1.076515792936253667e+24,1.029065722525596063e+24,9.853090693162860418e+23
2.575757575757575690e-02,1.371374110955240518e+24,1.347692834233333546e+24,1.310966136185390056e+24,1.266022418852317168e+24,1.217474837543803211e+24,1.168539122420432736e+24,1.121097996656794522e+24,1.076101390225156256e+24,1.033931203659965787e+24
2.636363636363636340e-02,1.361930370190280728e+24,1.320410590483520697e+24,1.263767548862134072e+24,1.201276425430323209e+24,1.139094406701022223e+24,1.080324804736538892e+24,1.026157417408345678e+24,9.767912709313004191e+23,9.319773180544071175e+23
2.606060606060606188e-02,1.367489010597744454e+24,1.336041711678930356e+24,1.290205437251357522e+24,1.236881178928258973e+24,1.181563856737714307e+24,1.127560853574292181e+24,1.076515792936254472e+24,1.029065722525596466e+24,9.853090693162869813e+23
2.666666666666666491e-02,1.353976716460640006e+24,1.299529813361857338e+24,1.230331816601987519e+24,1.158128420753106956e+24,1.089295882435094032e+24,1.026331411827392730e+24,9.697294799574231239e+23,9.191315263709522921e+23,8.738906644702909306e+23
2.636363636363636340e-02,1.361930370190281533e+24,1.320410590483521233e+24,1.263767548862134340e+24,1.201276425430323209e+24,1.139094406701022223e+24,1.080324804736539563e+24,1.026157417408345946e+24,9.767912709313001507e+23,9.319773180544072517e+23
2.696969696969696989e-02,1.342595145380691731e+24,1.271773926128273169e+24,1.188374173966711025e+24,1.106308914691199820e+24,1.031442307118673787e+24,9.651664629342017893e+23,9.070344497324780117e+23,8.560320802493099409e+23,8.110866414419112404e+23
2.666666666666666491e-02,1.353976716460639469e+24,1.299529813361856801e+24,1.230331816601986982e+24,1.158128420753106687e+24,1.089295882435093496e+24,1.026331411827392462e+24,9.697294799574229896e+23,9.191315263709518894e+23,8.738906644702907964e+23
2.727272727272727140e-02,1.326306727908599963e+24,1.235090881355235300e+24,1.136186226266157313e+24,1.044695118867800147e+24,9.649045500834426567e+23,8.965402898307635279e+23,8.379970745608889906e+23,7.875474775190456165e+23,7.436959580954577674e+23
2.696969696969696989e-02,1.342595145380692805e+24,1.271773926128273437e+24,1.188374173966711696e+24,1.106308914691200759e+24,1.031442307118674190e+24,9.651664629342019235e+23,9.070344497324786828e+23,8.560320802493107462e+23,8.110866414419117773e+23
2.757575757575757638e-02,1.302993681412915192e+24,1.186936463628952429e+24,1.071926717103448128e+24,9.722476582103879128e+23,8.892133960545112739e+23,8.203297306234264811e+23,7.626899484224984250e+23,7.138559919294310735e+23,6.719506035095598520e+23
2.727272727272727140e-02,1.326306727908600768e+24,1.235090881355234763e+24,1.136186226266156642e+24,1.044695118867799610e+24,9.649045500834426567e+23,8.965402898307629911e+23,8.379970745608893933e+23,7.875474775190454823e+23,7.436959580954573647e+23
2.787878787878787790e-02,1.269623084382522192e+24,1.124231708424153946e+24,9.937202890247153899e+23,8.881153247807709622e+23,8.041311937054685056e+23,7.366200147762610302e+23,6.813560975073617033e+23,6.352709582073517404e+23,5.961888729232914336e+23
2.757575757575757638e-02,1.302993681412916534e+24,1.186936463628953503e+24,1.071926717103448665e+24,9.722476582103885839e+23,8.892133960545112739e+23,8.203297306234270180e+23,7.626899484224990961e+23,7.138559919294316104e+23,6.719506035095597178e+23
2.818181818181818288e-02,1.221850977013611478e+24,1.043375508966408389e+24,8.998211670822438411e+23,7.917665678954967681e+23,7.097274481356244391e+23,6.457426549263612280e+23,5.944261254325805735e+23,5.522472655028957752e+23,5.168565576468268937e+23
2.787878787878787790e-02,1.269623084382520313e+24,1.124231708424154349e+24,9.937202890247147188e+23,8.881153247807709622e+23,8.041311937054682372e+23,7.366200147762607617e+23,6.813560975073617033e+23,6.352709582073514720e+23,5.961888729232908967e+23
2.848484848484848439e-02,1.153455010086243059e+24,9.403681984542203603e+23,7.888598764131452474e+23,6.831424596692064000e+23,6.064508316855909178e+23,5.483044910675533601e+23,5.025273279656843700e+23,4.653817255196624106e+23,4.345036857395631043e+23
2.818181818181818288e-02,1.221850977013611478e+24,1.043375508966409060e+24,8.998211670822441095e+23,7.917665678954970365e+23,7.097274481356245733e+23,6.457426549263618990e+23,5.944261254325809090e+23,5.522472655028963791e+23,5.168565576468270951e+23
2.878787878787878937e-02,1.055521318289848310e+24,8.111399053707530878e+23,6.601861248508477298e+23,5.628177168959466772e+23,4.951870074746530955e+23,4.452024766323188071e+23,4.064823573295777909e+23,3.754063049921720620e+23,3.497764307389217317e+23
2.848484848484848439e-02,1.153455010086242388e+24,9.403681984542199576e+23,7.888598764131447105e+23,6.831424596692062658e+23,6.064508316855902468e+23,5.483044910675533601e+23,5.025273279656841687e+23,4.653817255196624777e+23,4.345036857395631043e+23
2.909090909090909088e-02,9.152790451040871441e+23,6.522379834791154585e+23,5.143045915649916357e+23,4.321449913623384288e+23,3.772890891386043907e+23,3.376189427308799795e+23,3.072955716667375553e+23,2.831736650978474569e+23,2.634041123935305555e+23
2.878787878787878937e-02,1.055521318289849115e+24,8.111399053707536247e+23,6.601861248508479983e+23,5.628177168959468785e+23,4.951870074746532297e+23,4.452024766323188742e+23,4.064823573295778580e+23,3.754063049921719949e+23,3.497764307389221343e+23
2.939393939393939240e-02,7.144296922609358157e+23,4.621231904878576659e+23,3.533619936704725705e+23,2.933440398868032426e+23,2.545666638191360968e+23,2.269932565546959551e+23,2.061261876288892615e+23,1.896350620691955932e+23,1.761815757947136775e+23
2.909090909090909088e-02,9.152790451040874125e+23,6.522379834791149217e+23,5.143045915649916357e+23,4.321449913623386972e+23,3.772890891386043236e+23,3.376189427308803150e+23,3.072955716667373540e+23,2.831736650978472556e+23,2.634041123935306562e+23
2.969696969696969738e-02,4.267521206541509491e+23,2.434734170635257711e+23,1.815651581495832530e+23,1.494853816618498633e+23,1.292216959622481833e+23,1.149682298937950098e+23,1.042487238080401234e+23,9.581138159961658255e+22,8.894762004687366809e+22
2.939393939393939240e-02,7.144296922609363525e+23,4.621231904878573304e+23,3.533619936704723692e+23,2.933440398868031755e+23,2.545666638191359290e+23,2.269932565546959551e+23,2.061261876288889595e+23,1.896350620691954926e+23,1.761815757947134762e+23
2.999999999999999889e-02,1.466885658852632140e+22,7.125374756379024163e+21,5.259856586054617268e+21,4.317408502583648584e+21,3.726986708928775062e+21,3.313279826859013439e+21,3.002828875238747931e+21,2.758817923109605081e+21,2.560511180196250911e+21
2.969696969696969738e-02,4.267521206541514860e+23,2.434734170635259389e+23,1.815651581495832530e+23,1.494853816618499808e+23,1.292216959622482504e+23,1.149682298937950433e+23,1.042487238080400563e+23,9.581138159961646511e+22,8.894762004687363454e+22
