x,t=1.00e+01s,t=2.00e+01s,t=3.00e+01s,t=4.00e+01s,t=5.00e+01s,t=6.00e+01s,t=7.00e+01s,t=8.00e+01s,t=9.00e+01s
3.030303030303030300e-04,1.535681898549638919e+25,1.531671586719438463e+25,1.521181644276815929e+25,1.501181114804740335e+25,1.469927818571322215e+25,1.427285577061902068e+25,1.374460502875607190e+25,1.313482624559356234e+25,1.246697076193551531e+25
0.000000000000000000e+00,1.535682381071820222e+25,1.531673896923977732e+25,1.521187687579106893e+25,1.501192637827568199e+25,1.469945825515531985e+25,1.427310146754650091e+25,1.374490940602356060e+25,1.313517760716574060e+25,1.246735559488300182e+25
6.060606060606060601e-04,1.535676789473153186e+25,1.531647132704997545e+25,1.521117689856824347e+25,1.501059193995385014e+25,1.469737324022570136e+25,1.427025688716343246e+25,1.374138577679482112e+25,1.313111036463680916e+25,1.246290116025256582e+25
3.030303030303030300e-04,1.535681898549638275e+25,1.531671586719437604e+25,1.521181644276814641e+25,1.501181114804739690e+25,1.469927818571320927e+25,1.427285577061901424e+25,1.374460502875605687e+25,1.313482624559354731e+25,1.246697076193551531e+25
9.090909090909090901e-04,1.535668716109181842e+25,1.531608528573861301e+25,1.521016811083120842e+25,1.500867010334751105e+25,1.469437210787953011e+25,1.426616428678015957e+25,1.373631802228492678e+25,1.312526244181832207e+25,1.245649797339362582e+25
6.060606060606060601e-04,1.535676789473152112e+25,1.531647132704996901e+25,1.521117689856822199e+25,1.501059193995383511e+25,1.469737324022569492e+25,1.427025688716342601e+25,1.374138577679480394e+25,1.313111036463680057e+25,1.246290116025256368e+25
1.212121212121212120e-03,1.535657415874876295e+25,1.531554573113127251e+25,1.520875986271204144e+25,1.500598990154393875e+25,1.469019006759607399e+25,1.426046497821824104e+25,1.372926436501173088e+25,1.311712622837509211e+25,1.244759211192153116e+25
9.090909090909090901e-04,1.535668716109180768e+25,1.531608528573860872e+25,1.521016811083119339e+25,1.500867010334749172e+25,1.469437210787952152e+25,1.426616428678014239e+25,1.373631802228491819e+25,1.312526244181831993e+25,1.245649797339362797e+25
1.515151515151515150e-03,1.535642782427592547e+25,1.531484835927134508e+25,1.520694258548944348e+25,1.500253571463957835e+25,1.468480602402024391e+25,1.425313380232889573e+25,1.372019721347996595e+25,1.310667314550719810e+25,1.243615510384343987e+25
1.212121212121212120e-03,1.535657415874875436e+25,1.531554573113126392e+25,1.520875986271203070e+25,1.500598990154392586e+25,1.469019006759606540e+25,1.426046497821821957e+25,1.372926436501171585e+25,1.311712622837509211e+25,1.244759211192154190e+25
1.818181818181818180e-03,1.535624706715036400e+25,1.531398898331401853e+25,1.520470753583688735e+25,1.499829428870113492e+25,1.467820356421860022e+25,1.424415305313390785e+25,1.370909924881340624e+25,1.309388741568910109e+25,1.242217330789199061e+25
1.515151515151515150e-03,1.535642782427592118e+25,1.531484835927133220e+25,1.520694258548942415e+25,1.500253571463956117e+25,1.468480602402023317e+25,1.425313380232887640e+25,1.372019721347995306e+25,1.310667314550718736e+25,1.243615510384344417e+25
2.121212121212120993e-03,1.535603060891412590e+25,1.531296278021280562e+25,1.520204485278424058e+25,1.499325106283611686e+25,1.467036524702518525e+25,1.423350470751182678e+25,1.369595381192344284e+25,1.307875497223264053e+25,1.240563576794552787e+25
1.818181818181818180e-03,1.535624706715036615e+25,1.531398898331402498e+25,1.520470753583687876e+25,1.499829428870113278e+25,1.467820356421860237e+25,1.424415305313391429e+25,1.370909924881340839e+25,1.309388741568910109e+25,1.242217330789199920e+25
2.424242424242424240e-03,1.535577693957087655e+25,1.531176410272117184e+25,1.519894309981509485e+25,1.498738933499195506e+25,1.466127133438647701e+25,1.422116871985400215e+25,1.368074280627861676e+25,1.306126104517682661e+25,1.238653156992332491e+25
2.121212121212120993e-03,1.535603060891411731e+25,1.531296278021280133e+25,1.520204485278423628e+25,1.499325106283609968e+25,1.467036524702517022e+25,1.423350470751181389e+25,1.369595381192342781e+25,1.307875497223263194e+25,1.240563576794551928e+25
2.727272727272727487e-03,1.535548429496424224e+25,1.531038639628304135e+25,1.519538908827414129e+25,1.498068997178986362e+25,1.465089937948943370e+25,1.420712249046338625e+25,1.366344605745715824e+25,1.304138942996820454e+25,1.236484904187071178e+25
2.424242424242424240e-03,1.535577693957086796e+25,1.531176410272116110e+25,1.519894309981509270e+25,1.498738933499193574e+25,1.466127133438645769e+25,1.422116871985398282e+25,1.368074280627861032e+25,1.306126104517681802e+25,1.238653156992331417e+25
3.030303030303030300e-03,1.535515063841155930e+25,1.530882214106290832e+25,1.519136777384130873e+25,1.497313126558496304e+25,1.463922405167751266e+25,1.419134066171184069e+25,1.364404108136630848e+25,1.301912222893748088e+25,1.234057547190390011e+25
2.727272727272727487e-03,1.535548429496424009e+25,1.531038639628304135e+25,1.519538908827413914e+25,1.498068997178986362e+25,1.465089937948943370e+25,1.420712249046337552e+25,1.366344605745716468e+25,1.304138942996821313e+25,1.236484904187070319e+25
3.333333333333333114e-03,1.535477364227498979e+25,1.530706279883050457e+25,1.518686217343626271e+25,1.496468883867240990e+25,1.462621704184790183e+25,1.417379502862618863e+25,1.362250299672959508e+25,1.299443976023763975e+25,1.231369700949551776e+25
3.030303030303030300e-03,1.535515063841156789e+25,1.530882214106290832e+25,1.519136777384131517e+25,1.497313126558496304e+25,1.463922405167750837e+25,1.419134066171184069e+25,1.364404108136630848e+25,1.301912222893748732e+25,1.234057547190389366e+25
3.636363636363636360e-03,1.535435066799133663e+25,1.530509875808321869e+25,1.518185328574532058e+25,1.495533556292384283e+25,1.461184699887422475e+25,1.415445449636691332e+25,1.359880449805001719e+25,1.296732053738759349e+25,1.228419864391706847e+25
3.333333333333333114e-03,1.535477364227497906e+25,1.530706279883049384e+25,1.518686217343624983e+25,1.496468883867240131e+25,1.462621704184788894e+25,1.417379502862618004e+25,1.362250299672958864e+25,1.299443976023763546e+25,1.231369700949550273e+25
3.939393939393939607e-03,1.535387874389674302e+25,1.530291927475832016e+25,1.517632000901799153e+25,1.494504148311678103e+25,1.459607947883397989e+25,1.413328505967746540e+25,1.357291585803787453e+25,1.293774128348470398e+25,1.225206422037151405e+25
3.636363636363636360e-03,1.535435066799133663e+25,1.530509875808321654e+25,1.518185328574531414e+25,1.495533556292382350e+25,1.461184699887421831e+25,1.415445449636690043e+25,1.359880449805000860e+25,1.296732053738758490e+25,1.228419864391706418e+25
4.242424242424241987e-03,1.535335454044521650e+25,1.530051240723109256e+25,1.517023905337288838e+25,1.493377373911411397e+25,1.457887689960207760e+25,1.411024979408481556e+25,1.354480494669166428e+25,1.290567696514541598e+25,1.221727647733679954e+25
3.939393939393939607e-03,1.535387874389674302e+25,1.530291927475831801e+25,1.517632000901798509e+25,1.494504148311677029e+25,1.459607947883397774e+25,1.413328505967746755e+25,1.357291585803786594e+25,1.293774128348469539e+25,1.225206422037150761e+25
4.545454545454545234e-03,1.535277434250740629e+25,1.529786494479727364e+25,1.516358484624564819e+25,1.492149648474740986e+25,1.456019849759311712e+25,1.408530885437808041e+25,1.351443726132224753e+25,1.287110083941765591e+25,1.217981709759709341e+25
4.242424242424241987e-03,1.535335454044521006e+25,1.530051240723109256e+25,1.517023905337288194e+25,1.493377373911410753e+25,1.457887689960207331e+25,1.411024979408480482e+25,1.354480494669166642e+25,1.290567696514541169e+25,1.221727647733679954e+25
4.848484848484848481e-03,1.535213401845627264e+25,1.529496232903179827e+25,1.515632943020350418e+25,1.490817080242803302e+25,1.454000028526606959e+25,1.405841947837534415e+25,1.348177596486687817e+25,1.283398451042210673e+25,1.213966676927684555e+25
4.545454545454545234e-03,1.535277434250739984e+25,1.529786494479726075e+25,1.516358484624563316e+25,1.492149648474740342e+25,1.456019849759311712e+25,1.408530885437807182e+25,1.351443726132224753e+25,1.287110083941764947e+25,1.217981709759709341e+25
5.151515151515151728e-03,1.535142898573868056e+25,1.529178856748608637e+25,1.514844235262218522e+25,1.489375461306683415e+25,1.451823500887447217e+25,1.402953599515554104e+25,1.344678193126562464e+25,1.279429799410985657e+25,1.209680525496964949e+25
4.848484848484848481e-03,1.535213401845625976e+25,1.529496232903178753e+25,1.515632943020350633e+25,1.490817080242802873e+25,1.454000028526606744e+25,1.405841947837532911e+25,1.348177596486686313e+25,1.283398451042210029e+25,1.213966676927683481e+25
5.454545454545454974e-03,1.535065417261090909e+25,1.528832613919952049e+25,1.513989054685203909e+25,1.487820258117322083e+25,1.449485210639558270e+25,1.399860983752614848e+25,1.340941379738541364e+25,1.275200979033075595e+25,1.205121146792870528e+25
5.151515151515151728e-03,1.535142898573867198e+25,1.529178856748607778e+25,1.514844235262218092e+25,1.489375461306682342e+25,1.451823500887446144e+25,1.402953599515552386e+25,1.344678193126562034e+25,1.279429799410984154e+25,1.209680525496963876e+25
5.757575757575757354e-03,1.534980397568597262e+25,1.528455589148883900e+25,1.513063820456893087e+25,1.486146601517350846e+25,1.446979766582865456e+25,1.396558955882171247e+25,1.336962802135547419e+25,1.270708696182862306e+25,1.200286355473856833e+25
5.454545454545454974e-03,1.535065417261088976e+25,1.528832613919950546e+25,1.513989054685203694e+25,1.487820258117321438e+25,1.449485210639556981e+25,1.399860983752613774e+25,1.340941379738540290e+25,1.275200979033074521e+25,1.205121146792870099e+25
6.060606060606060601e-03,1.534887221290605903e+25,1.528045692745273782e+25,1.512064663904372284e+25,1.484349276309874253e+25,1.444301438421325643e+25,1.393042085432140642e+25,1.332737894739233346e+25,1.265949522000920239e+25,1.195173898413176381e+25
5.757575757575757354e-03,1.534980397568595759e+25,1.528455589148882826e+25,1.513063820456893087e+25,1.486146601517350846e+25,1.446979766582863738e+25,1.396558955882171033e+25,1.336962802135547419e+25,1.270708696182862092e+25,1.200286355473856833e+25
6.363636363636363848e-03,1.534785207151197302e+25,1.527600648359480461e+25,1.510987413908851853e+25,1.482422710387468038e+25,1.441444152783232861e+25,1.389304658769656142e+25,1.328261887731799299e+25,1.260919901745696428e+25,1.189781464174834949e+25
6.060606060606060601e-03,1.534887221290604185e+25,1.528045692745272709e+25,1.512064663904370566e+25,1.484349276309873609e+25,1.444301438421323925e+25,1.393042085432140642e+25,1.332737894739232273e+25,1.265949522000919595e+25,1.195173898413175093e+25
6.666666666666666227e-03,1.534673605053763217e+25,1.527117979692886616e+25,1.509827581345761046e+25,1.480360963451697491e+25,1.438401489415353510e+25,1.385340682298623821e+25,1.323529814905495713e+25,1.255616164725180630e+25,1.184106693071144403e+25
6.363636363636363848e-03,1.534785207151196014e+25,1.527600648359481320e+25,1.510987413908850780e+25,1.482422710387467179e+25,1.441444152783231573e+25,1.389304658769655712e+25,1.328261887731798655e+25,1.260919901745696857e+25,1.189781464174833875e+25
6.969696969696969474e-03,1.534551589730653158e+25,1.526594996088819359e+25,1.508580342549846118e+25,1.478157715359949692e+25,1.435166677613775465e+25,1.381143886266301552e+25,1.318536522243223644e+25,1.250034534917918569e+25,1.178147187793199049e+25
6.666666666666666227e-03,1.534673605053762573e+25,1.527117979692886401e+25,1.509827581345760402e+25,1.480360963451696202e+25,1.438401489415352866e+25,1.385340682298622103e+25,1.323529814905495498e+25,1.255616164725180630e+25,1.184106693071144188e+25
7.272727272727272721e-03,1.534418253735285848e+25,1.526028776931521552e+25,1.507240521786803206e+25,1.475806254142909197e+25,1.431732592961373176e+25,1.376707729240428752e+25,1.313276677267087504e+25,1.244171142295129842e+25,1.171900524607586076e+25
6.969696969696969474e-03,1.534551589730652299e+25,1.526594996088818285e+25,1.508580342549844830e+25,1.478157715359948403e+25,1.435166677613774606e+25,1.381143886266300908e+25,1.318536522243222141e+25,1.250034534917918354e+25,1.178147187793197760e+25
7.575757575757575968e-03,1.534272599712878835e+25,1.525416154776136597e+25,1.505802572715330604e+25,1.473299463742759265e+25,1.428091754448419508e+25,1.372025403322800636e+25,1.307744779194095197e+25,1.238022034856718759e+25,1.165364265113395321e+25
7.272727272727272721e-03,1.534418253735285419e+25,1.526028776931520264e+25,1.507240521786802991e+25,1.475806254142908123e+25,1.431732592961371243e+25,1.376707729240427893e+25,1.313276677267086001e+25,1.244171142295128554e+25,1.171900524607585432e+25
7.878787878787879215e-03,1.534113531879255490e+25,1.524753697127820782e+25,1.504260558826179536e+25,1.470629811529362271e+25,1.424236322059521927e+25,1.367089840169136042e+25,1.301935169939632832e+25,1.231583191394238024e+25,1.158535968553341006e+25
7.575757575757575968e-03,1.534272599712877547e+25,1.525416154776136382e+25,1.505802572715330390e+25,1.473299463742757762e+25,1.428091754448418649e+25,1.372025403322798918e+25,1.307744779194094123e+25,1.238022034856717685e+25,1.165364265113395321e+25
8.181818181818182462e-03,1.533939846629867881e+25,1.524037686783106738e+25,1.502608132848269365e+25,1.467789335659415680e+25,1.420158094916639488e+25,1.361893717888548330e+25,1.295842046010272764e+25,1.224850534993360110e+25,1.151413204672073921e+25
7.878787878787879215e-03,1.534113531879254417e+25,1.524753697127819279e+25,1.504260558826178248e+25,1.470629811529360982e+25,1.424236322059519995e+25,1.367089840169134539e+25,1.301935169939631544e+25,1.231583191394238024e+25,1.158535968553340147e+25
8.484848484848483974e-03,1.533750222192999576e+25,1.523264100641637698e+25,1.500838515115940633e+25,1.464769632351873778e+25,1.415848510074726762e+25,1.356429468899071702e+25,1.289459471327861101e+25,1.217819947287516287e+25,1.143993567113536687e+25
8.181818181818182462e-03,1.533939846629867666e+25,1.524037686783105879e+25,1.502608132848268721e+25,1.467789335659414821e+25,1.420158094916639059e+25,1.361893717888547901e+25,1.295842046010272979e+25,1.224850534993360540e+25,1.151413204672073706e+25
8.787878787878787221e-03,1.533543207232259897e+25,1.522428586891226061e+25,1.498944470896303736e+25,1.461561843161999084e+25,1.411298642073356215e+25,1.350689288818545229e+25,1.282781391026667215e+25,1.210487283472892480e+25,1.136274687347580756e+25
8.484848484848483974e-03,1.533750222192999147e+25,1.523264100641636839e+25,1.500838515115939344e+25,1.464769632351872919e+25,1.415848510074726118e+25,1.356429468899070199e+25,1.289459471327860457e+25,1.217819947287515428e+25,1.143993567113536257e+25
9.090909090909090468e-03,1.533317208293561454e+25,1.521526440464078953e+25,1.496918286681444871e+25,1.458156642346150104e+25,1.406499203354673070e+25,1.344665146472685082e+25,1.275801646264891778e+25,1.202848388093211472e+25,1.128254249114174859e+25
8.787878787878787221e-03,1.533543207232259038e+25,1.522428586891224773e+25,1.498944470896302877e+25,1.461561843161998655e+25,1.411298642073355141e+25,1.350689288818544370e+25,1.282781391026667215e+25,1.210487283472892050e+25,1.136274687347580326e+25
9.393939393939393714e-03,1.533070475981013276e+25,1.520552576656990124e+25,1.494751745456991161e+25,1.454544224419970389e+25,1.401440545665132834e+25,1.338348795104353683e+25,1.268513990090790489e+25,1.194899111600487275e+25,1.119930003371382625e+25
9.090909090909090468e-03,1.533317208293561239e+25,1.521526440464077020e+25,1.496918286681443582e+25,1.458156642346149675e+25,1.406499203354670922e+25,1.344665146472684438e+25,1.275801646264891134e+25,1.202848388093210613e+25,1.128254249114174215e+25
9.696969696969696961e-03,1.532801089734133364e+25,1.519501502803273477e+25,1.492436100966519087e+25,1.450714292024097680e+25,1.396112662565658857e+25,1.331731784869862821e+25,1.260912104402226902e+25,1.186635327695427095e+25,1.111299783730851840e+25
9.393939393939393714e-03,1.533070475981011987e+25,1.520552576656988621e+25,1.494751745456990087e+25,1.454544224419969745e+25,1.401440545665131116e+25,1.338348795104352824e+25,1.268513990090789845e+25,1.194899111600486845e+25,1.119930003371382195e+25
1.000000000000000021e-02,1.532506941065690847e+25,1.518367287879420773e+25,1.489962051000407264e+25,1.446656044223711134e+25,1.390505193182106985e+25,1.324805476709587941e+25,1.252989618036536941e+25,1.178052951448177738e+25,1.102361522361956800e+25
9.696969696969696961e-03,1.532801089734132720e+25,1.519501502803272618e+25,1.492436100966517369e+25,1.450714292024096391e+25,1.396112662565657998e+25,1.331731784869861962e+25,1.260912104402226902e+25,1.186635327695427095e+25,1.111299783730851840e+25
1.030303030303030346e-02,1.532185715104891692e+25,1.517143529924904571e+25,1.487319709748370034e+25,1.442358165381475374e+25,1.384607427335184593e+25,1.317561057681118632e+25,1.244740126025137661e+25,1.169147958196888880e+25,1.093113266342875384e+25
1.000000000000000021e-02,1.532506941065689988e+25,1.518367287879419914e+25,1.489962051000405761e+25,1.446656044223709846e+25,1.390505193182106555e+25,1.324805476709587297e+25,1.252989618036536941e+25,1.178052951448178167e+25,1.102361522361955941e+25
1.060606060606060670e-02,1.531834870274672788e+25,1.515823321149358624e+25,1.484498579266992854e+25,1.437808814757517694e+25,1.378408312196210008e+25,1.309989557843637935e+25,1.236157210044374802e+25,1.159916403217860983e+25,1.083553194433898569e+25
1.030303030303030346e-02,1.532185715104891262e+25,1.517143529924903712e+25,1.487319709748369175e+25,1.442358165381474300e+25,1.384607427335184163e+25,1.317561057681117988e+25,1.244740126025137661e+25,1.169147958196888021e+25,1.093113266342874311e+25
1.090909090909090995e-02,1.531451615914157615e+25,1.514399210597603985e+25,1.481487520127431444e+25,1.432995617005102235e+25,1.371896460622195981e+25,1.302081868782118648e+25,1.227234460090573039e+25,1.150354442157094708e+25,1.073679634245013858e+25
1.060606060606060670e-02,1.531834870274672358e+25,1.515823321149357550e+25,1.484498579266991565e+25,1.437808814757515762e+25,1.378408312196209149e+25,1.309989557843637076e+25,1.236157210044373944e+25,1.159916403217859910e+25,1.083553194433897495e+25
1.121212121212121146e-02,1.531032887637860210e+25,1.512863164239925130e+25,1.478274721324135185e+25,1.427905653746723794e+25,1.365060161330688843e+25,1.293828763859135871e+25,1.217965497403174299e+25,1.140458352208642788e+25,1.063491079766487748e+25
1.090909090909090995e-02,1.531451615914157615e+25,1.514399210597604630e+25,1.481487520127430585e+25,1.432995617005102450e+25,1.371896460622197055e+25,1.302081868782118218e+25,1.227234460090572825e+25,1.150354442157094493e+25,1.073679634245014502e+25
1.151515151515151471e-02,1.530575320201745023e+25,1.511206522352610399e+25,1.474847669543215803e+25,1.422525456432236489e+25,1.357887391081424903e+25,1.285220920280696789e+25,1.208343998655136678e+25,1.130224554020475906e+25,1.052986209227592942e+25
1.121212121212121146e-02,1.531032887637858922e+25,1.512863164239925559e+25,1.478274721324133897e+25,1.427905653746723150e+25,1.365060161330688198e+25,1.293828763859135871e+25,1.217965497403173654e+25,1.140458352208642358e+25,1.063491079766487748e+25
1.181818181818181795e-02,1.530075217622503131e+25,1.509419954052422923e+25,1.471193117909061059e+25,1.416841000698567631e+25,1.350365829038187411e+25,1.276248943060145125e+25,1.198363721424405499e+25,1.119649634303443079e+25,1.042163903244992650e+25
1.151515151515151471e-02,1.530575320201743734e+25,1.511206522352610185e+25,1.474847669543214944e+25,1.422525456432235415e+25,1.357887391081423614e+25,1.285220920280696574e+25,1.208343998655135819e+25,1.130224554020474402e+25,1.052986209227592083e+25
1.212121212121212120e-02,1.529528520270255424e+25,1.507493408848499569e+25,1.467297054350294087e+25,1.410837702469385334e+25,1.342482873490002438e+25,1.266903390961148099e+25,1.188018530954315640e+25,1.108730369113526156e+25,1.031023263218492256e+25
1.181818181818181795e-02,1.530075217622501628e+25,1.509419954052421205e+25,1.471193117909060200e+25,1.416841000698566987e+25,1.350365829038186337e+25,1.276248943060142978e+25,1.198363721424405284e+25,1.119649634303442649e+25,1.042163903244992650e+25
1.242424242424242445e-02,1.528930768626014170e+25,1.505416065076435863e+25,1.463144669751282428e+25,1.404500416052737458e+25,1.334225661116017758e+25,1.257174804496662096e+25,1.177302428203986226e+25,1.097463747771733107e+25,1.019563629927959730e+25
1.212121212121212120e-02,1.529528520270254350e+25,1.507493408848498280e+25,1.467297054350294087e+25,1.410837702469384260e+25,1.342482873490001794e+25,1.266903390961146166e+25,1.188018530954314351e+25,1.108730369113526586e+25,1.031023263218492256e+25
1.272727272727272770e-02,1.528277063363356531e+25,1.503176275082338869e+25,1.458720326083449770e+25,1.397813434515242258e+25,1.325581088982791390e+25,1.247053736055647909e+25,1.166209579182474170e+25,1.085846997379903412e+25,1.007784602281220157e+25
1.242424242424242445e-02,1.528930768626013096e+25,1.505416065076434575e+25,1.463144669751281354e+25,1.404500416052736813e+25,1.334225661116017113e+25,1.257174804496662096e+25,1.177302428203985367e+25,1.097463747771732677e+25,1.019563629927958656e+25
1.303030303030303094e-02,1.527562021378578325e+25,1.500761507029784006e+25,1.454007524741842247e+25,1.390760492632591762e+25,1.316535839466250365e+25,1.236530782223038727e+25,1.154734345552176017e+25,1.073877607884248067e+25,9.956860561587087914e+24
1.272727272727272770e-02,1.528277063363356101e+25,1.503176275082338010e+25,1.458720326083448267e+25,1.397813434515241614e+25,1.325581088982791605e+25,1.247053736055647694e+25,1.166209579182473311e+25,1.085846997379903198e+25,1.007784602281218654e+25
1.333333333333333245e-02,1.526779727354787257e+25,1.498158283210239424e+25,1.448988875346980130e+25,1.383324772738048033e+25,1.307076408292940350e+25,1.225596618351026690e+25,1.142871316478174681e+25,1.061553357631688111e+25,9.832681632965288463e+24
1.303030303030303094e-02,1.527562021378579399e+25,1.500761507029783577e+25,1.454007524741842462e+25,1.390760492632591977e+25,1.316535839466250579e+25,1.236530782223039157e+25,1.154734345552176661e+25,1.073877607884249356e+25,9.956860561587077177e+24
1.363636363636363570e-02,1.525923680402496244e+25,1.495352114748139778e+25,1.443646065310227799e+25,1.375488913812962430e+25,1.297189135896345358e+25,1.214242035430865347e+25,1.130615341690499975e+25,1.048872339357052038e+25,9.705314101454714318e+24
1.333333333333333245e-02,1.526779727354786613e+25,1.498158283210238136e+25,1.448988875346978412e+25,1.383324772738047389e+25,1.307076408292940350e+25,1.225596618351026046e+25,1.142871316478174251e+25,1.061553357631687896e+25,9.832681632965282020e+24
1.393939393939393895e-02,1.524986735271994414e+25,1.492327432605938237e+25,1.437959830503133727e+25,1.367235024186034405e+25,1.286860242283622525e+25,1.202457979304216616e+25,1.117961565715875663e+25,1.035832986531912251e+25,9.574766166394419569e+24
1.363636363636363570e-02,1.525923680402495385e+25,1.495352114748139993e+25,1.443646065310226726e+25,1.375488913812962001e+25,1.297189135896344714e+25,1.214242035430863629e+25,1.130615341690498901e+25,1.048872339357050965e+25,9.705314101454707876e+24
1.424242424242424220e-02,1.523961037580497778e+25,1.489067514812684371e+25,1.431909927417463848e+25,1.358544698230899239e+25,1.276075865606061343e+25,1.190235592241327938e+25,1.104905463224344249e+25,1.022434099998378411e+25,9.441049548027085445e+24
1.393939393939393895e-02,1.524986735271994199e+25,1.492327432605937593e+25,1.437959830503132439e+25,1.367235024186033761e+25,1.286860242283621666e+25,1.202457979304215972e+25,1.117961565715875233e+25,1.035832986531911392e+25,9.574766166394412053e+24
1.454545454545454544e-02,1.522837952439398680e+25,1.485554409862821576e+25,1.425475107253476599e+25,1.349399037474313903e+25,1.264822104622446281e+25,1.177566256899994210e+25,1.091442875424189771e+25,1.008674874803428619e+25,9.304179671213780014e+24
1.424242424242424220e-02,1.523961037580497134e+25,1.489067514812683727e+25,1.431909927417462989e+25,1.358544698230898165e+25,1.276075865606060699e+25,1.190235592241327938e+25,1.104905463224344249e+25,1.022434099998376908e+25,9.441049548027079002e+24
1.484848484848484869e-02,1.521607985803263452e+25,1.481768856260584857e+25,1.418633092429468600e+25,1.339778676549587006e+25,1.253085065238247585e+25,1.164441642664294086e+25,1.077570047425928480e+25,9.945549271416627444e+24,9.164175846006797913e+24
1.454545454545454544e-02,1.522837952439397391e+25,1.485554409862820073e+25,1.425475107253475526e+25,1.349399037474313259e+25,1.264822104622445637e+25,1.177566256899994210e+25,1.091442875424188482e+25,1.008674874803428619e+25,9.304179671213776793e+24
1.515151515151515194e-02,1.520260697791865402e+25,1.477690198220750773e+25,1.411360556066072226e+25,1.329663814451439131e+25,1.240850911294744718e+25,1.150853754345279984e+25,1.063283666482745802e+25,9.800743213063452616e+24,9.021061444259037678e+24
1.484848484848484869e-02,1.521607985803262163e+25,1.481768856260583998e+25,1.418633092429466882e+25,1.339778676549586362e+25,1.253085065238247155e+25,1.164441642664293871e+25,1.077570047425928266e+25,9.945549271416621001e+24,9.164175846006791470e+24
1.545454545454545518e-02,1.518784607158885536e+25,1.473296297579395280e+25,1.403633105064435150e+25,1.319034251568980821e+25,1.228105919770571986e+25,1.136794983207263814e+25,1.048580901000678830e+25,9.652335965407917394e+24,8.874864071413579668e+24
1.515151515151515194e-02,1.520260697791864113e+25,1.477690198220749914e+25,1.411360556066070723e+25,1.329663814451438272e+25,1.240850911294743859e+25,1.150853754345279555e+25,1.063283666482745802e+25,9.800743213063448321e+24,9.021061444259029088e+24
1.575757575757575843e-02,1.517167085995124664e+25,1.468563442020169644e+25,1.395425267468422093e+25,1.307869432992342203e+25,1.214836540543462022e+25,1.122258160262818899e+25,1.033459440197172669e+25,9.500337936741820143e+24,8.725615732584211989e+24
1.545454545454545518e-02,1.518784607158884248e+25,1.473296297579394206e+25,1.403633105064433862e+25,1.319034251568979747e+25,1.228105919770571342e+25,1.136794983207264459e+25,1.048580901000678186e+25,9.652335965407914173e+24,8.874864071413571078e+24
1.606060606060605994e-02,1.515394243659367587e+25,1.463466249783655910e+25,1.386710484877577647e+25,1.296148498605247430e+25,1.201029460841780230e+25,1.107236611757190215e+25,1.017917534271418215e+25,9.344764814181323627e+24,8.573352992007780353e+24
1.575757575757575843e-02,1.517167085995124879e+25,1.468563442020170288e+25,1.395425267468421879e+25,1.307869432992342632e+25,1.214836540543462237e+25,1.122258160262819114e+25,1.033459440197172884e+25,9.500337936741823364e+24,8.725615732584208767e+24
1.636363636363636492e-02,1.513450798825351729e+25,1.457977571101182745e+25,1.377461110759858464e+25,1.283850340489813251e+25,1.186671674493485518e+25,1.091724216738456723e+25,1.001954034934096656e+25,9.185637821927092329e+24,8.418117124922887102e+24
1.606060606060605994e-02,1.515394243659367157e+25,1.463466249783655910e+25,1.386710484877577218e+25,1.296148498605247000e+25,1.201029460841778941e+25,1.107236611757190215e+25,1.017917534271417786e+25,9.344764814181321480e+24,8.573352992007781427e+24
1.666666666666666644e-02,1.511319938417801357e+25,1.452068386682053628e+25,1.367648415601067975e+25,1.270953668180509842e+25,1.171750556054092067e+25,1.075715466583344346e+25,9.855684361281102179e+24,9.022983973432203328e+24,8.259954260906332989e+24
1.636363636363636492e-02,1.513450798825351729e+25,1.457977571101183175e+25,1.377461110759859323e+25,1.283850340489814110e+25,1.186671674493485089e+25,1.091724216738457582e+25,1.001954034934097515e+25,9.185637821927094477e+24,8.418117124922887102e+24
1.696969696969696795e-02,1.508983162082752526e+25,1.445707703686210411e+25,1.357242599921653718e+25,1.257437082310538186e+25,1.156253939864605646e+25,1.059205526320279395e+25,9.687609147553761219e+24,8.856836316020670762e+24,8.098915517680534069e+24
1.666666666666666644e-02,1.511319938417801357e+25,1.452068386682053199e+25,1.367648415601067760e+25,1.270953668180509842e+25,1.171750556054091208e+25,1.075715466583344775e+25,9.855684361281104326e+24,9.022983973432209770e+24,8.259954260906332989e+24
1.727272727272727293e-02,1.506420110696445748e+25,1.438862449735600713e+25,1.346212816290665509e+25,1.243279157195266041e+25,1.140170204055051644e+25,1.042190297560943973e+25,9.515323712082969102e+24,8.687234166433633563e+24,7.935057124391143363e+24
1.696969696969696795e-02,1.508983162082752096e+25,1.445707703686210411e+25,1.357242599921652859e+25,1.257437082310537972e+25,1.156253939864605001e+25,1.059205526320279395e+25,9.687609147553761219e+24,8.856836316020670762e+24,8.098915517680531922e+24
1.757575757575757444e-02,1.503608377261236608e+25,1.431497365659213073e+25,1.334527201571223140e+25,1.228458532892561204e+25,1.123488359468592084e+25,1.024666482819441886e+25,9.338844694878177332e+24,8.514223335719563971e+24,7.768440533345725336e+24
1.727272727272727293e-02,1.506420110696445318e+25,1.438862449735600498e+25,1.346212816290665939e+25,1.243279157195266685e+25,1.140170204055052289e+25,1.042190297560944832e+25,9.515323712082971250e+24,8.687234166433643227e+24,7.935057124391144437e+24
1.787878787878787942e-02,1.500523298364902242e+25,1.423574897832306634e+25,1.322152920741060748e+25,1.212954017267948733e+25,1.106198143435144963e+25,1.006631650964196693e+25,9.158196766735998443e+24,8.337856341830409187e+24,7.599132519201587824e+24
1.757575757575757444e-02,1.503608377261235319e+25,1.431497365659212214e+25,1.334527201571221422e+25,1.228458532892560989e+25,1.123488359468591225e+25,1.024666482819441027e+25,9.338844694878174111e+24,8.514223335719569340e+24,7.768440533345723189e+24
1.818181818181818094e-02,1.497137724189605540e+25,1.415055091162781579e+25,1.309056223745389660e+25,1.196744698572207860e+25,1.088290118271498070e+25,9.880843035121411538e+24,8.973413014956596636e+24,8.158192608239049001e+24,7.427205264594492400e+24
1.787878787878787942e-02,1.500523298364902887e+25,1.423574897832305561e+25,1.322152920741060962e+25,1.212954017267949592e+25,1.106198143435145822e+25,1.006631650964196048e+25,9.158196766736004885e+24,8.337856341830414555e+24,7.599132519201587824e+24
1.848484848484848592e-02,1.493421764846634963e+25,1.405895484001168143e+25,1.295202516956037702e+25,1.179810069008975026e+25,1.069755774326804951e+25,9.690239414376874998e+24,8.784535317411737345e+24,7.975298646854676184e+24,7.252736431210033729e+24
1.818181818181818094e-02,1.497137724189605111e+25,1.415055091162781149e+25,1.309056223745388586e+25,1.196744698572207431e+25,1.088290118271498285e+25,9.880843035121407243e+24,8.973413014956598784e+24,8.158192608239044706e+24,7.427205264594491327e+24
1.878787878787878743e-02,1.489342510581047810e+25,1.396051006509442988e+25,1.280556450930040075e+25,1.162130159728660302e+25,1.050587637327953226e+25,9.494511321306542566e+24,8.591614702152958591e+24,7.789248223484565795e+24,7.075809215317139352e+24
1.848484848484848592e-02,1.493421764846635178e+25,1.405895484001169002e+25,1.295202516956037702e+25,1.179810069008975455e+25,1.069755774326805810e+25,9.690239414376874998e+24,8.784535317411745935e+24,7.975298646854674036e+24,7.252736431210034803e+24
1.909090909090909241e-02,1.484863723133768129e+25,1.385473884322984949e+25,1.265082026280488067e+25,1.143685687630929507e+25,1.030779379708282941e+25,9.293675760981099378e+24,8.394711689608032963e+24,7.600122504072472834e+24,6.896512386807883595e+24
1.878787878787878743e-02,1.489342510581047596e+25,1.396051006509442558e+25,1.280556450930040290e+25,1.162130159728660088e+25,1.050587637327953441e+25,9.494511321306533976e+24,8.591614702152952148e+24,7.789248223484562574e+24,7.075809215317133983e+24
1.939393939393939392e-02,1.479945495265376380e+25,1.374113549685012824e+25,1.248742719591054264e+25,1.124458214289411101e+25,1.010325935525411084e+25,9.087761729652250328e+24,8.193896614287664281e+24,7.408010179938636268e+24,6.714940310821167216e+24
1.909090909090909241e-02,1.484863723133768773e+25,1.385473884322984949e+25,1.265082026280489570e+25,1.143685687630930581e+25,1.030779379708282941e+25,9.293675760981111189e+24,8.394711689608035110e+24,7.600122504072472834e+24,6.896512386807883595e+24
1.969696969696969543e-02,1.474543875132596673e+25,1.361916562630117689e+25,1.231501631420435433e+25,1.104430317227236315e+25,9.892236184895049217e+24,8.876810862900879955e+24,7.989249922810756777e+24,7.213007570253357573e+24,6.531192951068693904e+24
1.939393939393939392e-02,1.479945495265375951e+25,1.374113549685013038e+25,1.248742719591054479e+25,1.124458214289411101e+25,1.010325935525410869e+25,9.087761729652251402e+24,8.193896614287661060e+24,7.408010179938631973e+24,6.714940310821169363e+24
2.000000000000000042e-02,1.468610451862489934e+25,1.348826545250391021e+25,1.213321658551287286e+25,1.083585773668662558e+25,9.674702425321987860e+24,8.660878066676642827e+24,7.780862444963076061e+24,7.015218699998400992e+24,6.345375854032074056e+24
1.969696969696969543e-02,1.474543875132596243e+25,1.361916562630117259e+25,1.231501631420435433e+25,1.104430317227235456e+25,9.892236184895047070e+24,8.876810862900877808e+24,7.989249922810753556e+24,7.213007570253357573e+24,6.531192951068694977e+24
2.030303030303030193e-02,1.462091898286797297e+25,1.334784132602102527e+25,1.194165692736125896e+25,1.061909756768104452e+25,9.450652442487270219e+24,8.440032125589549551e+24,7.568835634429170702e+24,6.814755351707281275e+24,6.157600113258327852e+24
2.000000000000000042e-02,1.468610451862490148e+25,1.348826545250391021e+25,1.213321658551286857e+25,1.083585773668663417e+25,9.674702425321990007e+24,8.660878066676644975e+24,7.780862444963077135e+24,7.015218699998402066e+24,6.345375854032076203e+24
2.060606060606060691e-02,1.454929466376282394e+25,1.319726944412299427e+25,1.173996848275928253e+25,1.039389044171319715e+25,9.220098064420338779e+24,8.214356282437112051e+24,7.353281775788181472e+24,6.611737089329420539e+24,5.967982313049011421e+24
2.030303030303030193e-02,1.462091898286796867e+25,1.334784132602101668e+25,1.194165692736125252e+25,1.061909756768105096e+25,9.450652442487269146e+24,8.440032125589540961e+24,7.568835634429169628e+24,6.814755351707281275e+24,6.157600113258326779e+24
2.090909090909090842e-02,1.447058430447663803e+25,1.303589582433372885e+25,1.152778720830072636e+25,1.016012238592004853e+25,8.983069818881600010e+24,7.983948782594731838e+24,7.134324154340647132e+24,6.406291252634319126e+24,5.776644450915115956e+24
2.060606060606060691e-02,1.454929466376282609e+25,1.319726944412299427e+25,1.173996848275928253e+25,1.039389044171319715e+25,9.220098064420345221e+24,8.214356282437116346e+24,7.353281775788181472e+24,6.611737089329422687e+24,5.967982313049012495e+24
2.121212121212121340e-02,1.438407472699426594e+25,1.286303659081336445e+25,1.130475679892473117e+25,9.917699998883386592e+24,8.739618163277342385e+24,7.748923376568181566e+24,6.912097185341018787e+24,6.198552920660900730e+24,5.583713838255668755e+24
2.090909090909090842e-02,1.447058430447664018e+25,1.303589582433372456e+25,1.152778720830072421e+25,1.016012238592004209e+25,8.983069818881604305e+24,7.983948782594735060e+24,7.134324154340644984e+24,6.406291252634319126e+24,5.776644450915114883e+24
2.151515151515151492e-02,1.428898005061999041e+25,1.267797863893681646e+25,1.107053197370305062e+25,9.666552878957779223e+24,8.489814695699278146e+24,7.509409773715645616e+24,6.686746499251608595e+24,5.988664842826003971e+24,5.389322978813243598e+24
2.121212121212121340e-02,1.438407472699427668e+25,1.286303659081336015e+25,1.130475679892472902e+25,9.917699998883390887e+24,8.739618163277344532e+24,7.748923376568181566e+24,6.912097185341019861e+24,6.198552920660899657e+24,5.583713838255670903e+24
2.181818181818181990e-02,1.418443420716955959e+25,1.247998075369981096e+25,1.082478214659198323e+25,9.406636150124979732e+24,8.233753334738917989e+24,7.265554039900551776e+24,6.458428979711096016e+24,5.776777336433322253e+24,5.193609424563013954e+24
2.151515151515151492e-02,1.428898005061999471e+25,1.267797863893681646e+25,1.107053197370305277e+25,9.666552878957770633e+24,8.489814695699271704e+24,7.509409773715644542e+24,6.686746499251601079e+24,5.988664842826001823e+24,5.389322978813242524e+24
2.212121212121212141e-02,1.406948267942463261e+25,1.226827526930009553e+25,1.056719550511104243e+25,9.137933072403005574e+24,7.971551454500345166e+24,7.017518931645410610e+24,6.227312751028855435e+24,5.563048149472278745e+24,4.996715608804544980e+24
2.181818181818181990e-02,1.418443420716955529e+25,1.247998075369981311e+25,1.082478214659198968e+25,9.406636150124976510e+24,8.233753334738916915e+24,7.265554039900556071e+24,6.458428979711097090e+24,5.776777336433321179e+24,5.193609424563019322e+24
2.242424242424242292e-02,1.394307338171300881e+25,1.204207037058980211e+25,1.029748351824853343e+25,8.860457720545643764e+24,7.703350960012845115e+24,6.765484159231818268e+24,5.993577112176038649e+24,5.347642287763656272e+24,4.798788656345638177e+24
2.212121212121212141e-02,1.406948267942462402e+25,1.226827526930010197e+25,1.056719550511104243e+25,9.137933072403005574e+24,7.971551454500344092e+24,7.017518931645407389e+24,6.227312751028854361e+24,5.563048149472279819e+24,4.996715608804548202e+24
2.272727272727272790e-02,1.380404659295497963e+25,1.180055315229052857e+25,1.001538589239198357e+25,8.574257711107944852e+24,7.429319287050126408e+24,6.509646571143590031e+24,5.757412414450780137e+24,5.130731805697040695e+24,4.599980170795446146e+24
2.242424242424242292e-02,1.394307338171300666e+25,1.204207037058980211e+25,1.029748351824852484e+25,8.860457720545637321e+24,7.703350960012841894e+24,6.765484159231816121e+24,5.993577112176037575e+24,5.347642287763657345e+24,4.798788656345636030e+24
2.303030303030302942e-02,1.365112384309425808e+25,1.154289356914793628e+25,9.720675990553052750e+24,8.279416953913369594e+24,7.149650309220353807e+24,6.250220252289536704e+24,5.519019880247759179e+24,4.912495560011965870e+24,4.400445999118872457e+24
2.272727272727272790e-02,1.380404659295498178e+25,1.180055315229052857e+25,1.001538589239198787e+25,8.574257711107945926e+24,7.429319287050126408e+24,6.509646571143590031e+24,5.757412414450784432e+24,5.130731805697041769e+24,4.599980170795450441e+24
2.333333333333333440e-02,1.348289564341516477e+25,1.126824942985034589e+25,9.413166725386035920e+24,7.976058399538722462e+24,6.864565134132601451e+24,5.987436528582418376e+24,5.278611360665480997e+24,4.693118926301565337e+24,4.200345973744793278e+24
2.303030303030302942e-02,1.365112384309425593e+25,1.154289356914792769e+25,9.720675990553046307e+24,8.279416953913365299e+24,7.149650309220346291e+24,6.250220252289532409e+24,5.519019880247760253e+24,4.912495560011964796e+24,4.400445999118871383e+24
2.363636363636363591e-02,1.329780793973050299e+25,1.097577260985272946e+25,9.092716930232660806e+24,7.664346749640832006e+24,6.574312769505016567e+24,5.721543870701873131e+24,5.036409030038398324e+24,4.472793478161539988e+24,3.999843632666823642e+24
2.333333333333333440e-02,1.348289564341517121e+25,1.126824942985034374e+25,9.413166725386035920e+24,7.976058399538728904e+24,6.864565134132606820e+24,5.987436528582415155e+24,5.278611360665486366e+24,4.693118926301566947e+24,4.200345973744796499e+24
2.393939393939394089e-02,1.309414715469046469e+25,1.066461668358000904e+25,8.759238204363702100e+24,7.344491091803423338e+24,6.279170639298158337e+24,5.452807690243870344e+24,4.792645015885783157e+24,4.251716629168666280e+24,3.799105918125042601e+24
2.363636363636363591e-02,1.329780793973050084e+25,1.097577260985272517e+25,9.092716930232654364e+24,7.664346749640830932e+24,6.574312769505016567e+24,5.721543870701872058e+24,5.036409030038398324e+24,4.472793478161539451e+24,3.999843632666826863e+24
2.424242424242424240e-02,1.287002367138314091e+25,1.033394620522116339e+25,8.412702218385851695e+24,7.016747415120080313e+24,5.979444929379557926e+24,5.181510021968361419e+24,4.547560963226026591e+24,4.030091238149413124e+24,3.598302854610185687e+24
2.393939393939394089e-02,1.309414715469047113e+25,1.066461668358001548e+25,8.759238204363701026e+24,7.344491091803425485e+24,6.279170639298157263e+24,5.452807690243873566e+24,4.792645015885786915e+24,4.251716629168671649e+24,3.799105918125045285e+24
2.454545454545454392e-02,1.262335359482802472e+25,9.982947899906143631e+24,8.053148453031078514e+24,6.681420957003344308e+24,5.675470741901928485e+24,4.907949086510567907e+24,4.301407532711208154e+24,3.808125178488527400e+24,3.397607207086111347e+24
2.424242424242424240e-02,1.287002367138315165e+25,1.033394620522116983e+25,8.412702218385848474e+24,7.016747415120080313e+24,5.979444929379554705e+24,5.181510021968363566e+24,4.547560963226026054e+24,4.030091238149414197e+24,3.598302854610185150e+24
2.484848484848484890e-02,1.235183861074814526e+25,9.610844063974540750e+24,7.680692328777303842e+24,6.338868325801487264e+24,5.367612037564449834e+24,4.632438728728834063e+24,4.054443832592045523e+24,3.586030872527926121e+24,3.197194120481270766e+24
2.454545454545454392e-02,1.262335359482801398e+25,9.982947899906141484e+24,8.053148453031074219e+24,6.681420957003341086e+24,5.675470741901923116e+24,4.907949086510566833e+24,4.301407532711206007e+24,3.808125178488525790e+24,3.397607207086110810e+24
2.515151515151515041e-02,1.205294374196916446e+25,9.216908514852944849e+24,7.295533664412244526e+24,5.989499337821957313e+24,5.056261345283507294e+24,4.355307727830360917e+24,3.806936785123071867e+24,3.364024792414353648e+24,2.997240741653122130e+24
2.484848484848484890e-02,1.235183861074814526e+25,9.610844063974536455e+24,7.680692328777304915e+24,6.338868325801488338e+24,5.367612037564448761e+24,4.632438728728836210e+24,4.054443832592046597e+24,3.586030872527927194e+24,3.197194120481271840e+24
2.545454545454545539e-02,1.172387278174034702e+25,8.800485478380681086e+24,6.897965379112405695e+24,5.633778501451681091e+24,4.741839219591244264e+24,4.076898976550128452e+24,3.559160428658785224e+24,3.142326929067355868e+24,2.797925825180016807e+24
2.515151515151515041e-02,1.205294374196916232e+25,9.216908514852939481e+24,7.295533664412240232e+24,5.989499337821956239e+24,5.056261345283505146e+24,4.355307727830357696e+24,3.806936785123069720e+24,3.364024792414352575e+24,2.997240741653122130e+24
2.575757575757575690e-02,1.136154115999051851e+25,8.361011854962390114e+24,6.488382324128449697e+24,5.272226075421836732e+24,4.424793427375385093e+24,3.797568527960651214e+24,3.311395157367650603e+24,2.921160231254004412e+24,2.599429324481275376e+24
2.545454545454545539e-02,1.172387278174034702e+25,8.800485478380684307e+24,6.897965379112406769e+24,5.633778501451684313e+24,4.741839219591246411e+24,4.076898976550132747e+24,3.559160428658786835e+24,3.142326929067356405e+24,2.797925825180018955e+24
2.606060606060606188e-02,1.096254597278299246e+25,7.898043366469860734e+24,6.067290095891863669e+24,4.905418623135895584e+24,4.105597847440721147e+24,3.517684509957701035e+24,3.063926901194971270e+24,2.700750017068756661e+24,2.401931969905629310e+24
2.575757575757575690e-02,1.136154115999051206e+25,8.361011854962391188e+24,6.488382324128444328e+24,5.272226075421835658e+24,4.424793427375383483e+24,3.797568527960649603e+24,3.311395157367650603e+24,2.921160231254003338e+24,2.599429324481274839e+24
2.636363636363636340e-02,1.052313287675629754e+25,7.411285154249548142e+24,5.635313641301012344e+24,4.533988980680626337e+24,3.784751068882143331e+24,3.237625909095751513e+24,2.817046249430098165e+24,2.481323360422974437e+24,2.205614835560360803e+24
2.606060606060606188e-02,1.096254597278299031e+25,7.898043366469860734e+24,6.067290095891860448e+24,4.905418623135899879e+24,4.105597847440722221e+24,3.517684509957698351e+24,3.063926901194973954e+24,2.700750017068757198e+24,2.401931969905630116e+24
2.666666666666666491e-02,1.003915951884108524e+25,6.900627475913236099e+24,5.193205416965465543e+24,4.158625553065251715e+24,3.462774677476669949e+24,2.957781227223403693e+24,2.571047521967521843e+24,2.263108455443536653e+24,2.010658896775321422e+24
2.636363636363636340e-02,1.052313287675630398e+25,7.411285154249543848e+24,5.635313641301010196e+24,4.533988980680624727e+24,3.784751068882142795e+24,3.237625909095749902e+24,2.817046249430099775e+24,2.481323360422973363e+24,2.205614835560361608e+24
2.696969696969696989e-02,9.506055136707329823e+24,6.366187235914966161e+24,4.741852805972601684e+24,3.780070851878142710e+24,3.140211223288741477e+24,2.678547016277958660e+24,2.326227793084940053e+24,2.046333961960057312e+24,1.817244580206983959e+24
2.666666666666666491e-02,1.003915951884108309e+25,6.900627475913235025e+24,5.193205416965465543e+24,4.158625553065251715e+24,3.462774677476668875e+24,2.957781227223401546e+24,2.571047521967521843e+24,2.263108455443534505e+24,2.010658896775320617e+24
2.727272727272727140e-02,8.918775926864300437e+24,5.808356183504517478e+24,4.282284426773477884e+24,3.399119188521230526e+24,2.817621867487175582e+24,2.400326298614653769e+24,2.082885873281083214e+24,1.831228335520200010e+24,1.625551308685226654e+24
2.696969696969696989e-02,9.506055136707327675e+24,6.366187235914966161e+24,4.741852805972604905e+24,3.780070851878146468e+24,3.140211223288740403e+24,2.678547016277959197e+24,2.326227793084941664e+24,2.046333961960058117e+24,1.817244580206983690e+24
2.757575757575757638e-02,8.271755734714666176e+24,5.227856722907028456e+24,3.815674887321158806e+24,3.016613441228397345e+24,2.495583712026062563e+24,2.123526882339195374e+24,1.841321255408755213e+24,1.618019145608213270e+24,1.435757042988715461e+24
2.727272727272727140e-02,8.918775926864303658e+24,5.808356183504514256e+24,4.282284426773476273e+24,3.399119188521231600e+24,2.817621867487174509e+24,2.400326298614652159e+24,2.082885873281084019e+24,1.831228335520199205e+24,1.625551308685226386e+24
2.787878787878787790e-02,7.558851573719425654e+24,4.625806406094559606e+24,3.343347441627177266e+24,2.633440822107849231e+24,2.174686822351802280e+24,1.848559583242605415e+24,1.601833031989623966e+24,1.406932385948538807e+24,1.248037822801851019e+24
2.757575757575757638e-02,8.271755734714672619e+24,5.227856722907028456e+24,3.815674887321159343e+24,3.016613441228399492e+24,2.495583712026064174e+24,2.123526882339194568e+24,1.841321255408755750e+24,1.618019145608213001e+24,1.435757042988715998e+24
2.818181818181818288e-02,6.773283428678729277e+24,4.003792320065540305e+24,2.866773893121831233e+24,2.250527583577616442e+24,1.855530960635967371e+24,1.575836367056966743e+24,1.364718791191148186e+24,1.198191780949503299e+24,1.062567309155842656e+24
2.787878787878787790e-02,7.558851573719425654e+24,4.625806406094556922e+24,3.343347441627176192e+24,2.633440822107847621e+24,2.174686822351801743e+24,1.848559583242603804e+24,1.601833031989623697e+24,1.406932385948538539e+24,1.248037822801850483e+24
2.848484848484848439e-02,5.907567740442957389e+24,3.363956740130429716e+24,2.387570956963190577e+24,1.868832623129602592e+24,1.538722055124219381e+24,1.305768427803860831e+24,1.130273499467513921e+24,9.920180924780635425e+23,8.795163306879037588e+23
2.818181818181818288e-02,6.773283428678733572e+24,4.003792320065542453e+24,2.866773893121832307e+24,2.250527583577618053e+24,1.855530960635968176e+24,1.575836367056966743e+24,1.364718791191149528e+24,1.198191780949503433e+24,1.062567309155842254e+24
2.878787878787878937e-02,4.953443905546952519e+24,2.709095600554102816e+24,1.907492138694566121e+24,1.489339972973529840e+24,1.224868439896098278e+24,1.038764219928486148e+24,8.987883792995943878e+23,7.886284312512361251e+23,6.990524360642822175e+23
2.848484848484848439e-02,5.907567740442957389e+24,3.363956740130429179e+24,2.387570956963188430e+24,1.868832623129602055e+24,1.538722055124219112e+24,1.305768427803861099e+24,1.130273499467514189e+24,9.920180924780631399e+23,8.795163306879030877e+23
2.909090909090909088e-02,3.901793053656046893e+24,2.042771536543508079e+24,1.428414005914422695e+24,1.113050198716959148e+24,9.145769084316078351e+23,7.752274636310610371e+23,6.705497907994851310e+23,5.882355771805172121e+23,5.213394549048952331e+23
2.878787878787878937e-02,4.953443905546956814e+24,2.709095600554103353e+24,1.907492138694566390e+24,1.489339972973530645e+24,1.224868439896098278e+24,1.038764219928486550e+24,8.987883792995950589e+23,7.886284312512363936e+23,6.990524360642823518e+23
2.939393939393939240e-02,2.742548287600168758e+24,1.369443479810587314e+24,9.523155188972185893e+23,7.409707811477432346e+23,6.084486335533353701e+23,5.155551442445059563e+23,4.458381261588591102e+23,3.910473130093840265e+23,3.465370695186004815e+23
2.909090909090909088e-02,3.901793053656046893e+24,2.042771536543509153e+24,1.428414005914423500e+24,1.113050198716959282e+24,9.145769084316081036e+23,7.752274636310610371e+23,6.705497907994852652e+23,5.882355771805176819e+23,5.213394549048955015e+23
2.969696969696969738e-02,1.464595484353301464e+24,6.946150469506145966e+23,4.812488408113883298e+23,3.741056201674450964e+23,3.070750151023682000e+23,2.601355275846058687e+23,2.249267260063123495e+23,1.972657755396529004e+23,1.748003997091555285e+23
2.939393939393939240e-02,2.742548287600167685e+24,1.369443479810586509e+24,9.523155188972185893e+23,7.409707811477426977e+23,6.084486335533349675e+23,5.155551442445056208e+23,4.458381261588587746e+23,3.910473130093838252e+23,3.465370695186003473e+23
2.999999999999999889e-02,5.566365970109570010e+22,2.500424920075293268e+22,1.729976308048443579e+22,1.344388326733865864e+22,1.103352448805379034e+22,9.346213836416282001e+21,8.080826687446124069e+21,7.086828648791935025e+21,6.279602842288997270e+21
2.969696969696969738e-02,1.464595484353301733e+24,6.946150469506139255e+23,4.812488408113882627e+23,3.741056201674445596e+23,3.070750151023679987e+23,2.601355275846059022e+23,2.249267260063122152e+23,1.972657755396526991e+23,1.748003997091554614e+23
