x,t=1.00e+03s,t=2.00e+03s,t=3.00e+03s,t=4.00e+03s,t=5.00e+03s,t=6.00e+03s,t=7.00e+03s,t=8.00e+03s,t=9.00e+03s
3.030303030303030300e-04,3.060631721806493741e+23,4.912372466394179672e+22,7.108442126904015716e+21,9.950594720537752371e+20,1.378856399486490051e+20,1.904999537167487386e+19,2.629661561629376512e+18,3.629109132069904640e+17,5.008074519957868000e+16
0.000000000000000000e+00,3.060719390800775836e+23,4.912582158044273364e+22,7.108785022739487392e+21,9.951093649014276751e+20,1.378926355689434317e+20,1.905096522094295040e+19,2.629795572353715712e+18,3.629294127643808000e+17,5.008329829014989600e+16
6.060606060606060601e-04,3.059704716352666206e+23,4.910155382723700169e+22,7.104816802957785825e+21,9.945319792902233129e+20,1.378116790374721454e+20,1.903974169587936870e+19,2.628244741588851712e+18,3.627153278143468160e+17,5.005375281309244800e+16
3.030303030303030300e-04,3.060631721806493070e+23,4.912372466394183028e+22,7.108442126904011522e+21,9.950594720537756303e+20,1.378856399486489887e+20,1.904999537167485747e+19,2.629661561629375488e+18,3.629109132069904640e+17,5.008074519957870400e+16
9.090909090909090901e-04,3.058246648115377388e+23,4.906669149295357618e+22,7.099116930394797113e+21,9.937026769483928699e+20,1.376954027584117146e+20,1.902362165623230464e+19,2.626017329768451072e+18,3.624078441518371840e+17,5.001131755417503200e+16
6.060606060606060601e-04,3.059704716352662851e+23,4.910155382723702686e+22,7.104816802957785825e+21,9.945319792902237061e+20,1.378116790374721782e+20,1.903974169587935642e+19,2.628244741588852224e+18,3.627153278143469440e+17,5.005375281309248000e+16
1.212121212121212120e-03,3.056219718753346839e+23,4.901824768661132830e+22,7.091198042761246802e+21,9.925506051639018783e+20,1.375338751783321108e+20,1.900122835092241203e+19,2.622923106910166528e+18,3.619807016167119360e+17,4.995236840400809600e+16
9.090909090909090901e-04,3.058246648115376717e+23,4.906669149295357618e+22,7.099116930394796065e+21,9.937026769483927388e+20,1.376954027584117637e+20,1.902362165623228416e+19,2.626017329768452096e+18,3.624078441518375040e+17,5.001131755417501600e+16
1.515151515151515150e-03,3.053618437127013317e+23,4.895611059526295985e+22,7.081043328617654780e+21,9.910734015158990930e+20,1.373267690704616161e+20,1.897251658823345357e+19,2.618955835674294272e+18,3.614330394550903680e+17,4.987678658250240000e+16
1.212121212121212120e-03,3.056219718753346168e+23,4.901824768661132830e+22,7.091198042761245753e+21,9.925506051639021404e+20,1.375338751783320453e+20,1.900122835092239155e+19,2.622923106910166528e+18,3.619807016167120640e+17,4.995236840400808800e+16
1.818181818181818180e-03,3.050440968233285835e+23,4.888026144368480800e+22,7.068651607969612431e+21,9.892710016231225426e+20,1.370740805503016632e+20,1.893748605226564813e+19,2.614115481510411264e+18,3.607648532581575040e+17,4.978457149528364000e+16
1.515151515151515150e-03,3.053618437127014659e+23,4.895611059526294307e+22,7.081043328617655828e+21,9.910734015158990930e+20,1.373267690704615997e+20,1.897251658823344947e+19,2.618955835674294784e+18,3.614330394550906880e+17,4.987678658250242400e+16
2.121212121212120993e-03,3.046686361344282471e+23,4.879070820379878071e+22,7.054026489920002982e+21,9.871440613013090468e+20,1.367759078275011871e+20,1.889615062914589491e+19,2.608403974219427840e+18,3.599764098642828800e+17,4.967575998534138400e+16
1.818181818181818180e-03,3.050440968233285835e+23,4.888026144368483317e+22,7.068651607969613480e+21,9.892710016231229358e+20,1.370740805503017288e+20,1.893748605226564403e+19,2.614115481510411776e+18,3.607648532581575040e+17,4.978457149528367200e+16
2.424242424242424240e-03,3.042353941585909242e+23,4.868747104835271551e+22,7.037173990934550938e+21,9.846936097083001405e+20,1.364324025541304484e+20,1.884853166123590861e+19,2.601824275803219968e+18,3.590681186784521600e+17,4.955040857399305600e+16
2.121212121212120993e-03,3.046686361344281800e+23,4.879070820379880587e+22,7.054026489920005079e+21,9.871440613013095711e+20,1.367759078275012198e+20,1.889615062914588672e+19,2.608403974219426816e+18,3.599764098642826240e+17,4.967575998534137600e+16
2.727272727272727487e-03,3.037443120273128392e+23,4.857057782219526898e+22,7.018101790692291379e+21,9.819209407124243743e+20,1.360437545717885501e+20,1.879465583149102285e+19,2.594380088087457792e+18,3.580404913091393920e+17,4.940858789037102400e+16
2.424242424242424240e-03,3.042353941585909242e+23,4.868747104835271551e+22,7.037173990934553035e+21,9.846936097083004027e+20,1.364324025541304484e+20,1.884853166123590861e+19,2.601824275803218944e+18,3.590681186784520960e+17,4.955040857399306400e+16
3.030303030303030300e-03,3.031953322070702052e+23,4.844006230939170295e+22,6.996818944591318221e+21,9.788275706541889290e+20,1.356101859648079135e+20,1.873455433783620813e+19,2.586075738588555264e+18,3.568941258106999040e+17,4.925038049666051200e+16
2.727272727272727487e-03,3.037443120273129063e+23,4.857057782219528575e+22,7.018101790692295574e+21,9.819209407124250296e+20,1.360437545717885174e+20,1.879465583149103514e+19,2.594380088087457280e+18,3.580404913091395200e+17,4.940858789037102400e+16
3.333333333333333114e-03,3.025883952758350686e+23,4.829596347297066648e+22,6.973335754761477030e+21,9.754152191193022464e+20,1.351319483368744550e+20,1.866826251427989094e+19,2.576916128103150592e+18,3.556296994460133760e+17,4.907587988919372800e+16
3.030303030303030300e-03,3.031953322070702723e+23,4.844006230939167778e+22,6.996818944591317172e+21,9.788275706541895844e+20,1.356101859648078643e+20,1.873455433783622042e+19,2.586075738588554240e+18,3.568941258106999040e+17,4.925038049666055200e+16
3.636363636363636360e-03,3.019234383397928263e+23,4.813832508835434909e+22,6.947663704905315516e+21,9.716857989471383060e+20,1.346093213795480863e+20,1.859581963098811187e+19,2.566906703019716096e+18,3.542479648616522880e+17,4.888518997048974400e+16
3.333333333333333114e-03,3.025883952758351358e+23,4.829596347297064970e+22,6.973335754761475981e+21,9.754152191193023775e+20,1.351319483368744387e+20,1.866826251427989094e+19,2.576916128103151104e+18,3.556296994460133760e+17,4.907587988919373600e+16
3.939393939393939607e-03,3.012003941900192559e+23,4.796719555511280730e+22,6.919815423746495218e+21,9.676414103502589788e+20,1.340426120142318797e+20,1.851726877372039987e+19,2.556053438590077440e+18,3.527497477757809280e+17,4.867842473005424800e+16
3.636363636363636360e-03,3.019234383397930276e+23,4.813832508835434070e+22,6.947663704905313419e+21,9.716857989471388303e+20,1.346093213795481682e+20,1.859581963098811187e+19,2.566906703019717632e+18,3.542479648616522240e+17,4.888518997048975200e+16
4.242424242424241987e-03,3.004191908226070080e+23,4.778262779697397183e+22,6.889804662353446306e+21,9.632843370019213804e+20,1.334321538071726653e+20,1.843265676098157568e+19,2.544362827406704640e+18,3.511359453844489600e+17,4.845570802431501600e+16
3.939393939393939607e-03,3.012003941900191552e+23,4.796719555511280730e+22,6.919815423746494169e+21,9.676414103502583235e+20,1.340426120142319288e+20,1.851726877372039168e+19,2.556053438590078976e+18,3.527497477757804800e+17,4.867842473005424000e+16
4.545454545454545234e-03,2.995797511497725835e+23,4.758467920882893534e+22,6.857646278587918057e+21,9.586170431100884091e+20,1.327783065199443968e+20,1.834203407982482842e+19,2.531841870451618304e+18,3.494075251226648320e+17,4.821717340551032800e+16
4.242424242424241987e-03,3.004191908226070416e+23,4.778262779697401378e+22,6.889804662353447354e+21,9.632843370019211182e+20,1.334321538071728128e+20,1.843265676098158182e+19,2.544362827406706176e+18,3.511359453844488320e+17,4.845570802431504000e+16
4.848484848484848481e-03,2.986819928169718271e+23,4.737341163040638658e+22,6.823356225351495713e+21,9.536421709944730419e+20,1.320814557277108961e+20,1.824545483092532224e+19,2.518498069420981760e+18,3.475655236013601920e+17,4.796296397484391200e+16
4.545454545454545234e-03,2.995797511497725835e+23,4.758467920882897728e+22,6.857646278587914912e+21,9.586170431100881469e+20,1.327783065199443968e+20,1.834203407982484070e+19,2.531841870451618816e+18,3.494075251226649600e+17,4.821717340551034400e+16
5.151515151515151728e-03,2.977258280815543515e+23,4.714889133598024139e+22,6.786951540887502455e+21,9.483625389139511214e+20,1.313420124699247575e+20,1.814297667802887578e+19,2.504339419649146368e+18,3.456110456269007360e+17,4.769323224702450400e+16
4.848484848484848481e-03,2.986819928169718942e+23,4.737341163040638658e+22,6.823356225351494664e+21,9.536421709944723866e+20,1.320814557277108961e+20,1.824545483092533248e+19,2.518498069420983808e+18,3.475655236013604480e+17,4.796296397484395200e+16
5.454545454545454974e-03,2.967111637284998684e+23,4.691118903426100180e+22,6.748450340178417943e+21,9.427811390054953124e+20,1.305604129140859699e+20,1.803466079909586534e+19,2.489374403262197760e+18,3.435452632520901120e+17,4.740814001914348000e+16
5.151515151515151728e-03,2.977258280815544521e+23,4.714889133598023300e+22,6.786951540887502455e+21,9.483625389139505971e+20,1.313420124699247739e+20,1.814297667802888192e+19,2.504339419649147392e+18,3.456110456269008640e+17,4.769323224702453600e+16
5.757575757575757354e-03,2.956379010091839012e+23,4.666037987511483813e+22,6.707871806886210699e+21,9.369011352551825080e+20,1.297371180215216701e+20,1.792057183761537843e+19,2.473611982350459904e+18,3.413694148296176000e+17,4.710785823988338400e+16
5.454545454545454974e-03,2.967111637284997678e+23,4.691118903426102696e+22,6.748450340178412700e+21,9.427811390054946570e+20,1.305604129140859372e+20,1.803466079909586739e+19,2.489374403262196224e+18,3.435452632520901120e+17,4.740814001914347200e+16
6.060606060606060601e-03,2.945059355948057425e+23,4.639654346110850302e+22,6.665236185504863486e+21,9.307258614541161595e+20,1.288726132086786130e+20,1.780077785319353139e+19,2.457061592036598784e+18,3.390848040509178880e+17,4.679256687670640800e+16
5.757575757575757354e-03,2.956379010091841697e+23,4.666037987511484652e+22,6.707871806886209651e+21,9.369011352551823770e+20,1.297371180215217193e+20,1.792057183761538662e+19,2.473611982350460928e+18,3.413694148296174720e+17,4.710785823988338400e+16
6.363636363636363848e-03,2.933151575393208736e+23,4.611976386265442628e+22,6.620564773520207249e+21,9.242588191105402798e+20,1.279674080000125993e+20,1.767535027088017818e+19,2.439733133365395968e+18,3.366927989602728960e+17,4.646245477962048800e+16
6.060606060606060601e-03,2.945059355948058768e+23,4.639654346110847785e+22,6.665236185504861389e+21,9.307258614541162906e+20,1.288726132086786949e+20,1.780077785319354163e+19,2.457061592036598784e+18,3.390848040509178880e+17,4.679256687670639200e+16
6.666666666666666227e-03,2.920654512486190709e+23,4.583012963597693223e+22,6.573879913445852185e+21,9.175036753001765929e+20,1.270220356700673638e+20,1.754436382890639565e+19,2.421636965970455552e+18,3.341948309379715840e+17,4.611771954066956800e+16
6.363636363636363848e-03,2.933151575393206387e+23,4.611976386265439273e+22,6.620564773520204104e+21,9.242588191105400177e+20,1.279674080000127140e+20,1.767535027088017203e+19,2.439733133365395456e+18,3.366927989602728960e+17,4.646245477962045600e+16
6.969696969696969474e-03,2.907566954538281311e+23,4.552773384339994549e+22,6.525204984648720974e+21,9.104642604433765827e+20,1.260370528732697231e+20,1.740789652463616205e+19,2.402783900490830336e+18,3.315923936488317440e+17,4.575856734863894400e+16
6.666666666666666227e-03,2.920654512486191381e+23,4.583012963597697417e+22,6.573879913445855330e+21,9.175036753001764618e+20,1.270220356700674785e+20,1.754436382890640998e+19,2.421636965970453504e+18,3.341948309379716480e+17,4.611771954066958400e+16
7.272727272727272721e-03,2.893887631873356385e+23,4.521267407562205037e+22,6.474564394905148326e+21,9.031445660017743626e+20,1.250130392605412229e+20,1.726602955861425971e+19,2.383185190721783808e+18,3.288870419538999680e+17,4.538521283867459200e+16
6.969696969696969474e-03,2.907566954538281311e+23,4.552773384340001260e+22,6.525204984648726217e+21,9.104642604433764516e+20,1.260370528732698051e+20,1.740789652463615590e+19,2.402783900490830336e+18,3.315923936488320000e+17,4.575856734863893600e+16
7.575757575757575968e-03,2.879615217605734490e+23,4.488505247575734380e+22,6.421983571646316806e+21,8.955487420897726300e+20,1.239505970821976719e+20,1.711884727664544973e+19,2.362852525490894848e+18,3.260803907841527680e+17,4.499787893665483200e+16
7.272727272727272721e-03,2.893887631873357392e+23,4.521267407562206714e+22,6.474564394905151472e+21,9.031445660017748869e+20,1.250130392605413048e+20,1.726602955861424128e+19,2.383185190721784832e+18,3.288870419539000320e+17,4.538521283867459200e+16
7.878787878787879215e-03,2.864748327429096698e+23,4.454497576498956861e+22,6.367488952862798512e+21,8.876810949978268631e+20,1.228503507768596234e+20,1.696643710987354522e+19,2.341798020255673344e+18,3.231741139756654720e+17,4.459679669824110400e+16
7.575757575757575968e-03,2.879615217605735497e+23,4.488505247575732702e+22,6.421983571646315758e+21,8.955487420897723679e+20,1.239505970821976719e+20,1.711884727664544563e+19,2.362852525490894848e+18,3.260803907841530880e+17,4.499787893665486400e+16
8.181818181818182462e-03,2.849285519411752217e+23,4.419255526973354541e+22,6.311107977645766214e+21,8.795460846257597317e+20,1.217129465462534636e+20,1.680888951285258445e+19,2.320034208421882880e+18,3.201699430661680000e+17,4.418220514259753600e+16
7.878787878787879215e-03,2.864748327429097369e+23,4.454497576498960217e+22,6.367488952862801658e+21,8.876810949978268631e+20,1.228503507768595251e+20,1.696643710987353907e+19,2.341798020255672832e+18,3.231741139756656640e+17,4.459679669824114400e+16
8.484848484848483974e-03,2.833225293795087320e+23,4.382790695023155138e+22,6.252869076347192869e+21,8.711483218250697277e+20,1.205390519159149527e+20,1.664629789961905357e+19,2.297574032384276736e+18,3.170696660532236160e+17,4.375435108081266400e+16
8.181818181818182462e-03,2.849285519411753895e+23,4.419255526973361252e+22,6.311107977645770408e+21,8.795460846257603871e+20,1.217129465462534963e+20,1.680888951285259264e+19,2.320034208421884928e+18,3.201699430661682560e+17,4.418220514259757600e+16
8.787878787878787221e-03,2.816566092792661541e+23,4.345115143053355935e+22,6.192801660344993841e+21,8.624925656497413161e+20,1.193293552818741084e+20,1.647875857778518630e+19,2.274430834292766208e+18,3.138751261144840960e+17,4.331348893908578400e+16
8.484848484848483974e-03,2.833225293795089334e+23,4.382790695023158493e+22,6.252869076347199160e+21,8.711483218250701210e+20,1.205390519159149855e+20,1.664629789961905562e+19,2.297574032384277760e+18,3.170696660532239360e+17,4.375435108081268000e+16
9.090909090909090468e-03,2.799306300388279111e+23,4.306241402982561848e+22,6.130936111400966160e+21,8.535837205155463823e+20,1.180845654434701148e+20,1.630637068068216627e+19,2.250618346548529664e+18,3.105882202906366720e+17,4.285988057676460800e+16
8.787878787878787221e-03,2.816566092792661541e+23,4.345115143053352580e+22,6.192801660344996987e+21,8.624925656497409229e+20,1.193293552818740593e+20,1.647875857778517606e+19,2.274430834292766208e+18,3.138751261144842880e+17,4.331348893908574400e+16
9.393939393939393714e-03,2.781444242131701864e+23,4.266182479508181457e+22,6.067303770601407119e+21,8.444268332680352891e+20,1.168054111224903598e+20,1.612923609758893875e+19,2.226150682035302144e+18,3.072108981318009600e+17,4.239379509933808800e+16
9.090909090909090468e-03,2.799306300388279111e+23,4.306241402982560170e+22,6.130936111400966160e+21,8.535837205155463823e+20,1.180845654434700984e+20,1.630637068068216627e+19,2.250618346548530944e+18,3.105882202906368000e+17,4.285988057676460000e+16
9.696969696969696961e-03,2.762978184931022796e+23,4.224951853502348604e+22,6.001936926870939369e+21,8.350270901597216440e+20,1.154926404688613048e+20,1.594745940208671744e+19,2.201042324091777024e+18,3.037451603081971200e+17,4.191550866650057600e+16
9.393939393939393714e-03,2.781444242131701864e+23,4.266182479508183135e+22,6.067303770601412362e+21,8.444268332680359444e+20,1.168054111224903434e+20,1.612923609758894080e+19,2.226150682035302144e+18,3.072108981318005760e+17,4.239379509933807200e+16
1.000000000000000021e-02,2.743906336840915123e+23,4.182563485537445452e+22,5.934868805050915881e+21,8.253898137370532250e+20,1.141470205531452867e+20,1.576114777858384896e+19,2.175308116231724544e+18,3.001930571860269440e+17,4.142530429541449600e+16
9.696969696969696961e-03,2.762978184931024474e+23,4.224951853502351960e+22,6.001936926870940418e+21,8.350270901597220372e+20,1.154926404688612229e+20,1.594745940208673178e+19,2.201042324091778560e+18,3.037451603081971840e+17,4.191550866650055200e+16
1.030303030303030346e-02,2.724226846846221959e+23,4.139031819540610469e+22,5.866133553534477533e+21,8.155204596380262728e+20,1.127693368461301187e+20,1.557041094705890714e+19,2.148963251618825984e+18,2.965566873695320320e+17,4.092347165930938400e+16
1.000000000000000021e-02,2.743906336840915123e+23,4.182563485537447130e+22,5.934868805050916930e+21,8.253898137370532250e+20,1.141470205531452703e+20,1.576114777858386330e+19,2.175308116231726080e+18,3.001930571860268800e+17,4.142530429541450400e+16
1.060606060606060670e-02,2.703937804640398082e+23,4.094371786576991407e+22,5.795766231450164134e+21,8.054246133012965622e+20,1.113603926858057155e+20,1.537536108607254528e+19,2.122023262303553792e+18,2.928381962102764800e+17,4.041030688155900000e+16
1.030303030303030346e-02,2.724226846846221623e+23,4.139031819540610469e+22,5.866133553534476485e+21,8.155204596380265349e+20,1.127693368461301842e+20,1.557041094705890509e+19,2.148963251618825984e+18,2.965566873695319040e+17,4.092347165930939200e+16
1.090909090909090995e-02,2.683037240398479643e+23,4.048598808761626683e+22,5.723802795386630832e+21,7.951079865878231122e+20,1.099210087320490803e+20,1.517611275410155725e+19,2.094504008229924352e+18,2.890397742847348480e+17,3.988611232538804800e+16
1.060606060606060670e-02,2.703937804640396069e+23,4.094371786576994763e+22,5.795766231450167280e+21,8.054246133012966932e+20,1.113603926858057810e+20,1.537536108607254733e+19,2.122023262303553024e+18,2.928381962102764800e+17,4.041030688155897600e+16
1.121212121212121146e-02,2.661523124544232174e+23,4.001728803300041556e+22,5.650280085650594071e+21,7.845764143161254871e+20,1.084520224093495788e+20,1.497278280924952576e+19,2.066421666020000512e+18,2.851636558412978880e+17,3.935119637936210400e+16
1.090909090909090995e-02,2.683037240398479308e+23,4.048598808761630877e+22,5.723802795386637124e+21,7.951079865878233743e+20,1.099210087320491131e+20,1.517611275410156954e+19,2.094504008229925632e+18,2.890397742847351040e+17,3.988611232538808800e+16
1.151515151515151471e-02,2.639393367511323902e+23,3.953778186658037262e+22,5.575235812050655511e+21,7.738358507123636961e+20,1.069542873379193815e+20,1.476549032739190170e+19,2.037792717544533760e+18,2.812121172178626560e+17,3.880587323882297600e+16
1.121212121212121146e-02,2.661523124544235194e+23,4.001728803300041556e+22,5.650280085650597216e+21,7.845764143161264046e+20,1.084520224093496771e+20,1.497278280924953805e+19,2.066421666020000512e+18,2.851636558412980480e+17,3.935119637936211200e+16
1.181818181818181795e-02,2.616645819498267998e+23,3.904763878860976764e+22,5.498708539199136465e+21,7.628923657764573020e+20,1.054286727535531786e+20,1.455435651881399501e+19,2.008633938288159744e+18,2.771874752311890240e+17,3.825046268343221600e+16
1.151515151515151471e-02,2.639393367511324237e+23,3.953778186658037262e+22,5.575235812050660753e+21,7.738358507123635651e+20,1.069542873379193815e+20,1.476549032739190784e+19,2.037792717544534272e+18,2.812121172178627520e+17,3.880587323882297600e+16
1.212121212121212120e-02,2.593278270216991167e+23,3.854703307923017590e+22,5.420737671324171764e+21,7.517521415655827702e+20,1.038760629165988086e+20,1.433950464340167475e+19,1.978962385517860608e+18,2.730920855392397760e+17,3.768528985099140000e+16
1.181818181818181795e-02,2.616645819498267998e+23,3.904763878860973408e+22,5.498708539199138562e+21,7.628923657764574331e+20,1.054286727535531459e+20,1.455435651881399706e+19,2.008633938288160256e+18,2.771874752311891520e+17,3.825046268343222400e+16
1.242424242424242445e-02,2.569288448634896368e+23,3.803614414407152435e+22,5.341363436584220754e+21,7.404214683964477276e+20,1.022973565104301834e+20,1.412105992444732621e+19,1.948795386263590144e+18,2.689283409777379520e+17,3.711068500771205600e+16
1.212121212121212120e-02,2.593278270216989825e+23,3.854703307923015074e+22,5.420737671324170715e+21,7.517521415655829012e+20,1.038760629165987594e+20,1.433950464340167885e+19,1.978962385517860608e+18,2.730920855392395840e+17,3.768528985099142400e+16
1.272727272727272770e-02,2.544674022710338126e+23,3.751515656116527694e+22,5.260626870877003186e+21,7.289067409677835305e+20,1.006934660298094346e+20,1.389914946113364787e+19,1.918150525120183040e+18,2.646986698722271680e+17,3.652698331510950400e+16
1.242424242424242445e-02,2.569288448634897375e+23,3.803614414407152435e+22,5.341363436584222851e+21,7.404214683964477276e+20,1.022973565104302326e+20,1.412105992444732211e+19,1.948795386263591936e+18,2.689283409777379200e+17,3.711068500771205600e+16
1.303030303030303094e-02,2.519432599121323203e+23,3.698426012917913197e+22,5.178569801134486061e+21,7.172144544045789348e+20,9.906531715954081792e+19,1.367390213975965082e+19,1.887045631879673344e+18,2.604055343268976960e+17,3.593452459369890000e+16
1.272727272727272770e-02,2.544674022710338126e+23,3.751515656116527694e+22,5.260626870877006332e+21,7.289067409677835305e+20,1.006934660298094838e+20,1.389914946113363968e+19,1.918150525120183808e+18,2.646986698722272640e+17,3.652698331510949600e+16
1.333333333333333245e-02,2.493561722987425227e+23,3.644364991698026942e+22,5.095234828095593644e+21,7.053512002256327148e+20,9.741384814382602650e+19,1.344544854377421005e+19,1.855498769003443712e+18,2.560514284914987840e+17,3.533365308367420800e+16
1.303030303030303094e-02,2.519432599121324210e+23,3.698426012917915714e+22,5.178569801134489207e+21,7.172144544045791969e+20,9.906531715954081792e+19,1.367390213975966925e+19,1.887045631879677184e+18,2.604055343268980160e+17,3.593452459369895600e+16
1.363636363636363570e-02,2.467058877584786430e+23,3.589352631453724810e+22,5.010665308548136698e+21,6.933236622360721490e+20,9.574000914674645402e+19,1.321392086268377498e+19,1.823528218943748608e+18,2.516388768076586560e+17,3.472471720275347600e+16
1.333333333333333245e-02,2.493561722987426905e+23,3.644364991698029878e+22,5.095234828095597838e+21,7.053512002256328458e+20,9.741384814382605926e+19,1.344544854377421619e+19,1.855498769003445760e+18,2.560514284914989440e+17,3.533365308367425200e+16
1.393939393939393895e-02,2.439921484054169932e+23,3.533409508516784662e+22,4.924905337031074251e+21,6.811386123465548104e+20,9.404476160429721190e+19,1.297945279990208512e+19,1.791152471324208896e+18,2.471704322359576000e+17,3.410806930137657200e+16
1.363636363636363570e-02,2.467058877584785424e+23,3.589352631453724810e+22,5.010665308548139844e+21,6.933236622360726733e+20,9.574000914674643763e+19,1.321392086268377498e+19,1.823528218943748608e+18,2.516388768076586560e+17,3.472471720275347600e+16
1.424242424242424220e-02,2.412146901101972302e+23,3.476556741914449150e+22,4.837999726988129993e+21,6.688029063209079276e+20,9.232907756841199206e+19,1.274217947960991539e+19,1.758390209989053696e+18,2.426486744651083200e+17,3.348406541544284400e+16
1.393939393939393895e-02,2.439921484054169261e+23,3.533409508516785082e+22,4.924905337031074251e+21,6.811386123465549414e+20,9.404476160429722829e+19,1.297945279990208922e+19,1.791152471324208640e+18,2.471704322359576000e+17,3.410806930137658000e+16
1.454545454545454544e-02,2.383732424694119562e+23,3.418815998866454951e+22,4.749993991363550511e+21,6.563234794540504187e+20,9.059393904342468198e+19,1.250223735269434778e+19,1.725260299930964224e+18,2.380762081046128640e+17,3.285306501677738000e+16
1.424242424242424220e-02,2.412146901101973980e+23,3.476556741914449150e+22,4.837999726988128944e+21,6.688029063209080586e+20,9.232907756841200845e+19,1.274217947960991539e+19,1.758390209989052928e+18,2.426486744651083840e+17,3.348406541544282000e+16
1.484848484848484869e-02,2.354675287742799319e+23,3.360209500419759328e+22,4.660934322630447071e+21,6.437073421820965683e+20,8.884033731542242099e+19,1.225976410183790387e+19,1.691781774107451392e+18,2.334556608622854720e+17,3.221543076151880400e+16
1.454545454545454544e-02,2.383732424694118891e+23,3.418815998866456209e+22,4.749993991363549463e+21,6.563234794540506808e+20,9.059393904342476390e+19,1.250223735269434778e+19,1.725260299930963968e+18,2.380762081046128000e+17,3.285306501677738800e+16
1.515151515151515194e-02,2.324972659786009564e+23,3.300760027221984910e+22,4.570867572242306302e+21,6.309615756266134569e+20,8.706927227495066829e+19,1.201489854582863258e+19,1.657973820155902976e+18,2.287896817080379200e+17,3.157152823662130000e+16
1.484848484848484869e-02,2.354675287742798648e+23,3.360209500419760167e+22,4.660934322630448120e+21,6.437073421820965683e+20,8.884033731542243738e+19,1.225976410183790182e+19,1.691781774107451648e+18,2.334556608622854400e+17,3.221543076151881200e+16
1.545454545454545518e-02,2.294621646659776833e+23,3.240490925434595600e+22,4.479841229497334497e+21,6.180933270750616617e+20,8.528175173353984819e+19,1.176778054316225331e+19,1.623855767017303296e+18,2.240809390253248960e+17,3.092172570466355600e+16
1.515151515151515194e-02,2.324972659786009228e+23,3.300760027221986168e+22,4.570867572242308923e+21,6.309615756266138501e+20,8.706927227495071744e+19,1.201489854582864077e+19,1.657973820155902720e+18,2.287896817080379200e+17,3.157152823662129600e+16
1.575757575757575843e-02,2.263619290163090041e+23,3.179426112787014536e+22,4.387903399805861757e+21,6.051098053995158569e+20,8.347879073452944589e+19,1.151855089500933734e+19,1.589447071478946048e+18,2.193321187516747200e+17,3.026639384716251200e+16
1.545454545454545518e-02,2.294621646659775826e+23,3.240490925434594761e+22,4.479841229497332924e+21,6.180933270750616617e+20,8.528175173353989734e+19,1.176778054316225536e+19,1.623855767017303040e+18,2.240809390253248640e+17,3.092172570466354400e+16
1.606060606060605994e-02,2.231962567715431530e+23,3.117590084772804375e+22,4.295102782350218494e+21,5.920182764158660116e+20,8.166141085867378278e+19,1.126735124762005914e+19,1.554767304646321920e+18,2.145459225097222080e+17,2.960590550658693200e+16
1.575757575757575843e-02,2.263619290163090377e+23,3.179426112787017892e+22,4.387903399805868573e+21,6.051098053995159880e+20,8.347879073452947866e+19,1.151855089500934349e+19,1.589447071478946816e+18,2.193321187516748480e+17,3.026639384716253200e+16
1.636363636363636492e-02,2.199648392006879171e+23,3.055007920989102775e+22,4.201488647126336406e+21,5.788260581857126646e+20,7.983063952501792768e+19,1.101432399424012083e+19,1.519836138354543360e+18,2.097250657301752320e+17,2.894063542726875200e+16
1.606060606060605994e-02,2.231962567715431530e+23,3.117590084772806472e+22,4.295102782350222164e+21,5.920182764158664049e+20,8.166141085867378278e+19,1.126735124762005709e+19,1.554767304646321920e+18,2.145459225097222720e+17,2.960590550658694800e+16
1.666666666666666644e-02,2.166673610640715090e+23,2.991705291620513061e+22,4.107110811356333343e+21,5.655405162632898806e+20,7.798750928754053939e+19,1.075961217661157581e+19,1.484673331529609728e+18,2.048722757681462080e+17,2.827095999541004800e+16
1.636363636363636492e-02,2.199648392006880178e+23,3.055007920989105291e+22,4.201488647126339027e+21,5.788260581857133855e+20,7.983063952501802598e+19,1.101432399424012083e+19,1.519836138354544128e+18,2.097250657301752960e+17,2.894063542726878000e+16
1.696969696969696795e-02,2.133035005768485317e+23,2.927708464068685726e+22,4.012019615260782100e+21,5.521690588898152940e+20,7.613305712806630195e+19,1.050335938613315994e+19,1.449298716509976832e+18,1.999902900142909440e+17,2.759725697838470400e+16
1.666666666666666644e-02,2.166673610640718110e+23,2.991705291620515578e+22,4.107110811356336488e+21,5.655405162632907325e+20,7.798750928754063770e+19,1.075961217661158400e+19,1.484673331529611008e+18,2.048722757681464640e+17,2.827095999541008000e+16
1.727272727272727293e-02,2.098729293717512703e+23,2.863044309728986189e+22,3.916265897179311243e+21,5.387191321377330954e+20,7.426832374595679027e+19,1.024570966475474739e+19,1.413732185338824960e+18,1.950818540021993920e+17,2.691990526353366000e+16
1.696969696969696795e-02,2.133035005768486323e+23,2.927708464068688242e+22,4.012019615260782625e+21,5.521690588898156216e+20,7.613305712806635110e+19,1.050335938613317632e+19,1.449298716509977856e+18,1.999902900142912000e+17,2.759725697838471200e+16
1.757575757575757444e-02,2.063753124610694007e+23,2.797740310915358235e+22,3.819900968027700593e+21,5.251982150073846333e+20,7.239435284509172531e+19,9.986807405680660480e+18,1.377993676037440512e+18,1.901497195134687680e+17,2.623928459665271600e+16
1.727272727272727293e-02,2.098729293717513374e+23,2.863044309728990803e+22,3.916265897179312816e+21,5.387191321377335542e+20,7.426832374595677389e+19,1.024570966475475558e+19,1.413732185338825728e+18,1.950818540021994880e+17,2.691990526353367600e+16
1.787878787878787942e-02,2.028103081978689508e+23,2.731824567934939614e+22,3.722976585079684334e+21,5.116138144787664077e+20,7.051219041866307174e+19,9.726797253957603328e+18,1.342103158870226432e+18,1.851966426819205120e+17,2.555577532037240800e+16
1.757575757575757444e-02,2.063753124610694678e+23,2.797740310915360752e+22,3.819900968027702690e+21,5.251982150073848955e+20,7.239435284509178266e+19,9.986807405680660480e+18,1.377993676037441024e+18,1.901497195134688640e+17,2.623928459665271200e+16
1.818181818181818094e-02,1.991775682364270958e+23,2.665325806313527889e+22,3.625544925060945936e+21,4.979734605210451313e+20,6.862288403230182605e+19,9.465824007022057472e+18,1.306080622611711488e+18,1.802253820983866880e+17,2.486975811262863200e+16
1.787878787878787942e-02,2.028103081978690850e+23,2.731824567934939614e+22,3.722976585079685906e+21,5.116138144787669975e+20,7.051219041866313728e+19,9.726797253957599232e+18,1.342103158870227712e+18,1.851966426819205440e+17,2.555577532037240800e+16
1.848484848484848592e-02,1.954767374918958721e+23,2.598273384173693357e+22,3.527658556543091606e+21,4.842847010626697298e+20,6.672748210607269478e+19,9.204032515283298304e+18,1.269946060826117120e+18,1.752386969175230400e+17,2.418161372542404000e+16
1.818181818181818094e-02,1.991775682364272301e+23,2.665325806313529567e+22,3.625544925060946985e+21,4.979734605210455900e+20,6.862288403230184243e+19,9.465824007022067712e+18,1.306080622611712512e+18,1.802253820983866560e+17,2.486975811262865600e+16
1.878787878787878743e-02,1.917074540991726643e+23,2.530697299766501232e+22,3.429370411624499249e+21,4.705550969249205453e+20,6.482703319586276147e+19,8.941567582816987136e+18,1.233719458169784576e+18,1.702393449680713600e+17,2.349172272407666800e+16
1.848484848484848592e-02,1.954767374918959728e+23,2.598273384173693357e+22,3.527658556543093703e+21,4.842847010626699264e+20,6.672748210607276851e+19,9.204032515283304448e+18,1.269946060826118400e+18,1.752386969175230400e+17,2.418161372542406000e+16
1.909090909090909241e-02,1.878693493709849147e+23,2.462628199158678081e+22,3.330733756885106688e+21,4.567922167218883133e+20,6.292258527470887731e+19,8.678573868245553152e+18,1.197420776726999808e+18,1.652300808680195520e+17,2.280046522715536400e+16
1.878787878787878743e-02,1.917074540991726978e+23,2.530697299766500393e+22,3.429370411624499249e+21,4.705550969249203487e+20,6.482703319586282701e+19,8.941567582816988160e+18,1.233719458169785600e+18,1.702393449680715520e+17,2.349172272407667600e+16
1.939393939393939392e-02,1.839620477551765734e+23,2.394097384076535765e+22,3.231802163601755079e+21,4.430036317299356467e+20,6.101518501459981107e+19,8.415195785880573952e+18,1.161069942389484544e+18,1.602136541460759680e+17,2.210822064729773200e+16
1.909090909090909241e-02,1.878693493709848812e+23,2.462628199158681436e+22,3.330733756885107212e+21,4.567922167218885100e+20,6.292258527470888550e+19,8.678573868245557248e+18,1.197420776726999552e+18,1.652300808680198080e+17,2.280046522715537200e+16
1.969696969696969543e-02,1.799851667911935022e+23,2.325136819908206448e+22,3.132629477210299826e+21,4.291969107297926513e+20,5.910587706930130944e+19,8.151577407202698240e+18,1.124686831289981184e+18,1.551928073708889920e+17,2.141536743310760400e+16
1.939393939393939392e-02,1.839620477551767412e+23,2.394097384076539960e+22,3.231802163601756652e+21,4.430036317299359089e+20,6.101518501459989299e+19,8.415195785880582144e+18,1.161069942389486080e+18,1.602136541460761920e+17,2.210822064729776400e+16
2.000000000000000042e-02,1.759383170657587749e+23,2.255779143865717070e+22,3.033269786000603218e+21,4.153796148245222523e+20,5.719570335875011379e+19,7.887862362754301952e+18,1.088291256300123648e+18,1.501702742894169600e+17,2.072228281232564400e+16
1.969696969696969543e-02,1.799851667911936699e+23,2.325136819908207287e+22,3.132629477210300875e+21,4.291969107297927823e+20,5.910587706930139136e+19,8.151577407202700288e+18,1.124686831289981952e+18,1.551928073708889920e+17,2.141536743310760800e+16
2.030303030303030193e-02,1.718211021677377052e+23,2.186057673308565930e+22,2.933777389030094143e+21,4.015592922367111987e+20,5.528570235556812390e+19,7.624193744520038400e+18,1.051902953602907904e+18,1.451487779758642560e+17,2.002934253646830400e+16
2.000000000000000042e-02,1.759383170657589091e+23,2.255779143865720006e+22,3.033269786000606364e+21,4.153796148245221212e+20,5.719570335875013018e+19,7.887862362754306048e+18,1.088291256300123648e+18,1.501702742894169600e+17,2.072228281232564000e+16
2.060606060606060691e-02,1.676331186421824676e+23,2.116006414230335206e+22,2.834206763241322840e+21,3.877434730883247636e+20,5.337690837425005363e+19,7.360714008869754880e+18,1.015541569349880704e+18,1.401310289925698240e+17,1.933692062712625200e+16
2.030303030303030193e-02,1.718211021677377723e+23,2.186057673308568027e+22,2.933777389030095716e+21,4.015592922367111987e+20,5.528570235556807475e+19,7.624193744520042496e+18,1.051902953602908672e+18,1.451487779758644160e+17,2.002934253646832800e+16
2.090909090909090842e-02,1.633739559435516164e+23,2.045660069910014224e+22,2.734612529768577892e+21,3.739396641667568108e+20,5.147035086357934080e+19,7.097564880138382336e+18,9.792266464131262720e+17,1.351197235642361120e+17,1.864538912411322800e+16
2.060606060606060691e-02,1.676331186421826689e+23,2.116006414230337303e+22,2.834206763241324937e+21,3.877434730883250258e+20,5.337690837425006182e+19,7.360714008869760000e+18,1.015541569349881728e+18,1.401310289925699200e+17,1.933692062712628000e+16
2.121212121212121340e-02,1.590431963880985272e+23,1.975054049729726277e+22,2.635049419418389971e+21,3.601553436807325942e+20,4.956705370282819584e+19,6.834887254916484096e+18,9.429776112420843520e+17,1.301175417668708160e+17,1.795511783565462000e+16
2.090909090909090842e-02,1.633739559435518177e+23,2.045660069910015482e+22,2.734612529768579465e+21,3.739396641667569418e+20,5.147035086357937357e+19,7.097564880138384384e+18,9.792266464131267840e+17,1.351197235642361920e+17,1.864538912411323600e+16
2.151515151515151492e-02,1.546404151054229244e+23,1.904224478160535473e+22,2.535572237308405481e+21,3.463979560098129510e+20,4.766803450230027059e+19,6.572821107124900864e+18,9.068137608350912000e+17,1.251271457327981120e+17,1.726647409080229400e+16
2.121212121212121340e-02,1.590431963880986614e+23,1.975054049729727116e+22,2.635049419418390495e+21,3.601553436807325942e+20,4.956705370282821222e+19,6.834887254916483072e+18,9.429776112420846080e+17,1.301175417668708640e+17,1.795511783565462000e+16
2.181818181818181990e-02,1.501651799891785653e+23,1.833208203918114711e+22,2.436235826648697537e+21,3.326749064513628406e+20,4.577430390877343744e+19,6.311505393946512384e+18,8.707542498354630400e+17,1.201511778730844320e+17,1.657982249426118200e+16
2.151515151515151492e-02,1.546404151054230251e+23,1.904224478160537151e+22,2.535572237308407054e+21,3.463979560098130821e+20,4.766803450230031155e+19,6.572821107124904960e+18,9.068137608350915840e+17,1.251271457327981440e+17,1.726647409080230400e+16
2.212121212121212141e-02,1.456170516469336066e+23,1.762042809290026333e+22,2.337095031649463960e+21,3.189935559689524347e+20,4.388686491640206131e+19,6.051077962687143936e+18,8.348180777618410240e+17,1.151922591187069440e+17,1.589552468381030600e+16
2.181818181818181990e-02,1.501651799891787498e+23,1.833208203918117228e+22,2.436235826648699109e+21,3.326749064513630372e+20,4.577430390877346202e+19,6.311505393946515456e+18,8.707542498354640640e+17,1.201511778730844800e+17,1.657982249426118800e+16
2.242424242424242292e-02,1.409955833491713079e+23,1.690766619636419422e+22,2.238204659538461458e+21,3.053612159462854492e+20,4.200671218363632845e+19,5.791675458637237248e+18,7.990240763823576320e+17,1.102529871817760640e+17,1.521393909049866000e+16
2.212121212121212141e-02,1.456170516469337911e+23,1.762042809290028011e+22,2.337095031649465532e+21,3.189935559689527624e+20,4.388686491640211046e+19,6.051077962687149056e+18,8.348180777618423040e+17,1.151922591187070400e+17,1.589552468381033200e+16
2.272727272727272790e-02,1.363003209774303480e+23,1.619418713065997415e+22,2.139619441671442268e+21,2.917851429508483645e+20,4.013483135671673651e+19,5.533433234005078016e+18,7.633908972421214720e+17,1.053359348381069280e+17,1.453542070179437800e+16
2.242424242424242292e-02,1.409955833491713415e+23,1.690766619636418583e+22,2.238204659538461196e+21,3.053612159462854492e+20,4.200671218363635302e+19,5.791675458637240320e+18,7.990240763823576320e+17,1.102529871817761120e+17,1.521393909049867200e+16
2.303030303030302942e-02,1.315308029715767865e+23,1.548038930289125648e+22,2.041393993718316138e+21,2.782725335116158075e+20,3.827219840030070374e+19,5.276485257991608320e+18,7.279369993533537280e+17,1.004436482324140160e+17,1.386032082786236600e+16
2.272727272727272790e-02,1.363003209774303480e+23,1.619418713065997625e+22,2.139619441671443055e+21,2.917851429508484956e+20,4.013483135671680205e+19,5.533433234005080064e+18,7.633908972421213440e+17,1.053359348381069120e+17,1.453542070179439000e+16
2.333333333333333440e-02,1.266865602761994661e+23,1.476667884650008832e+22,1.943582774907600634e+21,2.648305189152524861e+20,3.641977893577487565e+19,5.020964028075879424e+18,6.926806370573523200e+17,9.557864520738720000e+16,1.318898687114334600e+16
2.303030303030302942e-02,1.315308029715767697e+23,1.548038930289125858e+22,2.041393993718317711e+21,2.782725335116158075e+20,3.827219840030073651e+19,5.276485257991612416e+18,7.279369993533541120e+17,1.004436482324140640e+17,1.386032082786236600e+16
2.363636363636363591e-02,1.217671162861217257e+23,1.405346972339818778e+22,1.846240046311155958e+21,2.514661600253815030e+20,3.457852758780700672e+19,4.767000482579300352e+18,6.576398480673553920e+17,9.074341365787929600e+16,1.252176209940405000e+16
2.333333333333333440e-02,1.266865602761995164e+23,1.476667884650009880e+22,1.943582774907602207e+21,2.648305189152525517e+20,3.641977893577489613e+19,5.020964028075885568e+18,6.926806370573527040e+17,9.557864520738723200e+16,1.318898687114334600e+16
2.393939393939394089e-02,1.167719867910279974e+23,1.334118382792848336e+22,1.749419828151070491e+21,2.381864421296226304e+20,3.274938733968673997e+19,4.514723914575963136e+18,6.228324417011955200e+17,8.594040991142371200e+16,1.185898542242549000e+16
2.363636363636363591e-02,1.217671162861218767e+23,1.405346972339819826e+22,1.846240046311156744e+21,2.514661600253816340e+20,3.457852758780702720e+19,4.767000482579305472e+18,6.576398480673556480e+17,9.074341365787929600e+16,1.252176209940405400e+16
2.424242424242424240e-02,1.117006799191871691e+23,1.263025109267575210e+22,1.653175856110011154e+21,2.249982698192317317e+20,3.093328889800165376e+19,4.264261887214940160e+18,5.882759873124622080e+17,8.117205713626763200e+16,1.120099117249269000e+16
2.393939393939394089e-02,1.167719867910280310e+23,1.334118382792848966e+22,1.749419828151070491e+21,2.381864421296226959e+20,3.274938733968677274e+19,4.514723914575966208e+18,6.228324417011960320e+17,8.594040991142374400e+16,1.185898542242550200e+16
2.454545454545454392e-02,1.065526960802777782e+23,1.192110959614827587e+22,1.557561536626143265e+21,2.119084619063057777e+20,2.913115006719127142e+19,4.015740150519812096e+18,5.539878029287722880e+17,7.644074377809075200e+16,1.054810888884688800e+16
2.424242424242424240e-02,1.117006799191872194e+23,1.263025109267576468e+22,1.653175856110013514e+21,2.249982698192318628e+20,3.093328889800170291e+19,4.264261887214945280e+18,5.882759873124631040e+17,8.117205713626769600e+16,1.120099117249270400e+16
2.484848484848484890e-02,1.013275279073000219e+23,1.121420567234996286e+22,1.462629901153195000e+21,1.989237463836625797e+20,2.734387513451808358e+19,3.769282559728980992e+18,5.199849441055028480e+17,7.174882202655043200e+16,9.900663106256606000e+15
2.454545454545454392e-02,1.065526960802778118e+23,1.192110959614827587e+22,1.557561536626144575e+21,2.119084619063059415e+20,2.913115006719130829e+19,4.015740150519813120e+18,5.539878029287724160e+17,7.644074377809080000e+16,1.054810888884689800e+16
2.515151515151515041e-02,9.602466019757159717e+22,1.050999402226528341e+22,1.368433559366054445e+21,1.860507554326343516e+20,2.557235426598714573e+19,3.525010995239516160e+18,4.862841930032163840e+17,6.709860631276977600e+16,9.258973147861436000e+15
2.484848484848484890e-02,1.013275279073000722e+23,1.121420567234996286e+22,1.462629901153195262e+21,1.989237463836626452e+20,2.734387513451809997e+19,3.769282559728983040e+18,5.199849441055035520e+17,7.174882202655052800e+16,9.900663106256614000e+15
2.545454545454545539e-02,9.064356985279602911e+22,9.808937827277819871e+21,1.275024651291712029e+21,1.732960204841706455e+20,2.381746291374329856e+19,3.283045284215619072e+18,4.529020476967937280e+17,6.249237183885947200e+16,8.623352922438280000e+15
2.515151515151515041e-02,9.602466019757169784e+22,1.050999402226528970e+22,1.368433559366055756e+21,1.860507554326345155e+20,2.557235426598714982e+19,3.525010995239519232e+18,4.862841930032165120e+17,6.709860631276984800e+16,9.258973147861440000e+15
2.575757575757575690e-02,8.518372581819751491e+22,9.111508864544351977e+21,1.182454798345083814e+21,1.606659673387819663e+20,2.208006123546510950e+19,3.043503123921650176e+18,4.198547117240691200e+17,5.793235314053413600e+16,7.994110726235832000e+15
2.545454545454545539e-02,9.064356985279609622e+22,9.808937827277828260e+21,1.275024651291712029e+21,1.732960204841709076e+20,2.381746291374330675e+19,3.283045284215620096e+18,4.529020476967937920e+17,6.249237183885951200e+16,8.623352922438285000e+15
2.606060606060606188e-02,7.964458902071723373e+22,8.418187624347479310e+21,1.090775053248879395e+21,1.481669113510205850e+20,2.036099352627109888e+19,2.806500006838221312e+18,3.871580838816312960e+17,5.342074268386144000e+16,7.371549049520139000e+15
2.575757575757575690e-02,8.518372581819761558e+22,9.111508864544355123e+21,1.182454798345084076e+21,1.606659673387821302e+20,2.208006123546512998e+19,3.043503123921652224e+18,4.198547117240691200e+17,5.793235314053418400e+16,7.994110726235839000e+15
2.636363636363636340e-02,7.402561230625794372e+22,7.729463429448534589e+21,1.000035848816175612e+21,1.358050526843340227e+20,1.866108766364322202e+19,2.572149147618204160e+18,3.548277482751521280e+17,4.895968949714687200e+16,6.755964387968540000e+15
2.606060606060606188e-02,7.964458902071728407e+22,8.418187624347482456e+21,1.090775053248880312e+21,1.481669113510206505e+20,2.036099352627110298e+19,2.806500006838222848e+18,3.871580838816314880e+17,5.342074268386148800e+16,7.371549049520144000e+15
2.666666666666666491e-02,6.832624037597574228e+22,7.045834556464334635e+21,9.102869455740545270e+20,1.235864716423015956e+20,1.698115456586551501e+19,2.340561411938163200e+18,3.228789646314656000e+17,4.455129783893121600e+16,6.147647059046942000e+15
2.636363636363636340e-02,7.402561230625800244e+22,7.729463429448542978e+21,1.000035848816176529e+21,1.358050526843343176e+20,1.866108766364323840e+19,2.572149147618207744e+18,3.548277482751525760e+17,4.895968949714691200e+16,6.755964387968544000e+15
2.696969696969696989e-02,6.254590972160063517e+22,6.367808359291192082e+21,8.215773782061809664e+20,1.115171240824102748e+20,1.532198766446646272e+19,2.111845247299012608e+18,2.913266588793549440e+17,4.019762590304724000e+16,5.546881023499612000e+15
2.666666666666666491e-02,6.832624037597573389e+22,7.045834556464340926e+21,9.102869455740547891e+20,1.235864716423016612e+20,1.698115456586551501e+19,2.340561411938163712e+18,3.228789646314658560e+17,4.455129783893119200e+16,6.147647059046937000e+15
2.727272727272727140e-02,5.668404855979312048e+22,5.695901394599786054e+21,7.339554007918531052e+20,9.960283691870750310e+19,1.368436239114324787e+19,1.886106615828091904e+18,2.601854140057972800e+17,3.590068456164914400e+16,4.953943712077649000e+15
2.696969696969696989e-02,6.254590972160066034e+22,6.367808359291195228e+21,8.215773782061816218e+20,1.115171240824103076e+20,1.532198766446647706e+19,2.111845247299013632e+18,2.913266588793550720e+17,4.019762590304727200e+16,5.546881023499616000e+15
2.757575757575757638e-02,5.074007676551102569e+22,5.030639549425127522e+21,6.474684308185283297e+20,8.784930371982447411e+19,1.206903567963511808e+19,1.663448929133059584e+18,2.294694611941734720e+17,3.166243614709701600e+16,4.369105857626875500e+15
2.727272727272727140e-02,5.668404855979310370e+22,5.695901394599790248e+21,7.339554007918529741e+20,9.960283691870750310e+19,1.368436239114324992e+19,1.886106615828092416e+18,2.601854140057974400e+17,3.590068456164917200e+16,4.953943712077656000e+15
2.787878787878787790e-02,4.471340580439421511e+22,4.372558170876557656e+21,5.621629919445247590e+20,7.626208040904926822e+19,1.047674548300244173e+19,1.443972985256432896e+18,1.991926712507180160e+17,2.748479327354738000e+16,3.792631332652148500e+15
2.757575757575757638e-02,5.074007676551105085e+22,5.030639549425128571e+21,6.474684308185283297e+20,8.784930371982453965e+19,1.206903567963512422e+19,1.663448929133059840e+18,2.294694611941736000e+17,3.166243614709706000e+16,4.369105857626879500e+15
2.818181818181818288e-02,3.860343866414444262e+22,3.722202197992073069e+21,4.780846554880534118e+20,6.484658107329517158e+19,8.908210306754154496e+18,1.227776907777508608e+18,1.693685463252334400e+17,2.336961769906482800e+16,3.224776992470000500e+15
2.787878787878787790e-02,4.471340580439424867e+22,4.372558170876558705e+21,5.621629919445244314e+20,7.626208040904926822e+19,1.047674548300245402e+19,1.443972985256432128e+18,1.991926712507180800e+17,2.748479327354740400e+16,3.792631332652149000e+15
2.848484848484848439e-02,3.240956978490318940e+22,3.080126295763107971e+21,3.952779806183600947e+20,5.360807388800307200e+19,7.364128758254320640e+18,1.014956087106866432e+18,1.400102119318589600e+17,1.931871922903928800e+16,2.665792524057275500e+15
2.818181818181818288e-02,3.860343866414448456e+22,3.722202197992075166e+21,4.780846554880534774e+20,6.484658107329518797e+19,8.908210306754164736e+18,1.227776907777508608e+18,1.693685463252335680e+17,2.336961769906483600e+16,3.224776992469999500e+15
2.878787878787878937e-02,2.613118498861178736e+22,2.446894991355054916e+21,3.137864532242838323e+20,4.255167716519301120e+19,5.845179112823231488e+18,8.056031240164705280e+17,1.111304092754116480e+17,1.533385466165544000e+16,2.115920300698295000e+15
2.848484848484848439e-02,3.240956978490321876e+22,3.080126295763110593e+21,3.952779806183602913e+20,5.360807388800308019e+19,7.364128758254327808e+18,1.014956087106867200e+18,1.400102119318590080e+17,1.931871922903930400e+16,2.665792524057277500e+15
2.909090909090909088e-02,1.976766140734577521e+22,1.823082812550034227e+21,2.336524234350857093e+20,3.168235553207583539e+19,4.352018896934109696e+18,5.998077754465957120e+17,8.274148788857763200e+16,1.141672677612867400e+16,1.575395242528540000e+15
2.878787878787878937e-02,2.613118498861180414e+22,2.446894991355057537e+21,3.137864532242839634e+20,4.255167716519303578e+19,5.845179112823234560e+18,8.056031240164705280e+17,1.111304092754116960e+17,1.533385466165545200e+16,2.115920300698296750e+15
2.939393939393939240e-02,1.331836741061911668e+22,1.209274428438389457e+21,1.549170417679374418e+20,2.100491624782900429e+19,2.885284488889847808e+18,3.976569026287470720e+17,5.485539858495737600e+16,7.568983364384528000e+15,1.044444683067865375e+15
2.909090909090909088e-02,1.976766140734580038e+22,1.823082812550036324e+21,2.336524234350860370e+20,3.168235553207586816e+19,4.352018896934112256e+18,5.998077754465964800e+17,8.274148788857777600e+16,1.141672677612869000e+16,1.575395242528541750e+15
2.969696969696969738e-02,6.782662531641957679e+21,6.060647923860224082e+20,7.762019387599739290e+19,1.052400566633865626e+19,1.445590737347416320e+18,1.992344215617101120e+17,2.748368673270814000e+16,3.792216306823223500e+15,5.232882418312266875e+14
2.939393939393939240e-02,1.331836741061911878e+22,1.209274428438389981e+21,1.549170417679374746e+20,2.100491624782901248e+19,2.885284488889845760e+18,3.976569026287470720e+17,5.485539858495736800e+16,7.568983364384533000e+15,1.044444683067866125e+15
2.999999999999999889e-02,1.598973925287636500e+20,1.405928730508216934e+19,1.800433870518006528e+18,2.441058529159433280e+17,3.353059803950336800e+16,4.621255875802473000e+15,6.374858532605933750e+14,8.796069277438578125e+13,1.213770310002906641e+13
2.969696969696969738e-02,6.782662531641954533e+21,6.060647923860218839e+20,7.762019387599731098e+19,1.052400566633866035e+19,1.445590737347416064e+18,1.992344215617099840e+17,2.748368673270812000e+16,3.792216306823225000e+15,5.232882418312266250e+14
