x,t=1.00e+00s,t=2.00e+00s,t=3.00e+00s,t=4.00e+00s,t=5.00e+00s,t=6.00e+00s,t=7.00e+00s,t=8.00e+00s,t=9.00e+00s
3.030303030303030300e-04,1.256822000521744317e+25,1.256822062356353044e+25,1.256822124344365333e+25,1.256822186395132248e+25,1.256822248454371630e+25,1.256822310419400475e+25,1.256822372010592145e+25,1.256822432491885239e+25,1.256822490095228766e+25
0.000000000000000000e+00,1.256822000087351969e+25,1.256822061920891035e+25,1.256822123907824642e+25,1.256822185958146169e+25,1.256822248017323274e+25,1.256822309983011826e+25,1.256822371576827292e+25,1.256822432065911886e+25,1.256822489689465167e+25
6.060606060606060601e-04,1.256822005088624704e+25,1.256822066961341173e+25,1.256822128960424384e+25,1.256822191015786270e+25,1.256822253075607191e+25,1.256822315033527435e+25,1.256822376596627442e+25,1.256822436994603539e+25,1.256822494382037986e+25
3.030303030303030300e-04,1.256822000521744103e+25,1.256822062356352830e+25,1.256822124344365548e+25,1.256822186395132463e+25,1.256822248454371201e+25,1.256822310419399831e+25,1.256822372010591931e+25,1.256822432491885239e+25,1.256822490095228551e+25
9.090909090909090901e-04,1.256822012290224003e+25,1.256822074207112922e+25,1.256822136221411699e+25,1.256822198283440018e+25,1.256822260343817352e+25,1.256822322289855999e+25,1.256822383806854901e+25,1.256822444068743026e+25,1.256822501104479566e+25
6.060606060606060601e-04,1.256822005088624275e+25,1.256822066961341173e+25,1.256822128960424169e+25,1.256822191015785411e+25,1.256822253075606546e+25,1.256822315033527435e+25,1.256822376596627872e+25,1.256822436994603539e+25,1.256822494382038201e+25
1.212121212121212120e-03,1.256822022325561119e+25,1.256822084283969057e+25,1.256822146316038691e+25,1.256822208386334392e+25,1.256822270446762621e+25,1.256822332374809865e+25,1.256822393823661595e+25,1.256822453885693510e+25,1.256822510406962762e+25
9.090909090909090901e-04,1.256822012290223573e+25,1.256822074207113136e+25,1.256822136221411699e+25,1.256822198283440018e+25,1.256822260343817781e+25,1.256822322289855784e+25,1.256822383806854901e+25,1.256822444068743455e+25,1.256822501104479566e+25
1.515151515151515150e-03,1.256822035224717789e+25,1.256822097221077561e+25,1.256822159272028300e+25,1.256822221351511152e+25,1.256822283410817535e+25,1.256822345313186244e+25,1.256822406667397080e+25,1.256822466454085299e+25,1.256822522270060792e+25
1.212121212121212120e-03,1.256822022325560689e+25,1.256822084283969057e+25,1.256822146316038906e+25,1.256822208386333748e+25,1.256822270446762621e+25,1.256822332374809436e+25,1.256822393823661165e+25,1.256822453885693940e+25,1.256822510406962332e+25
1.818181818181818180e-03,1.256822050998349826e+25,1.256822113028768045e+25,1.256822175098666891e+25,1.256822237187565385e+25,1.256822299243723343e+25,1.256822361110598012e+25,1.256822422337649684e+25,1.256822481757717133e+25,1.256822536640065949e+25
1.515151515151515150e-03,1.256822035224717789e+25,1.256822097221077346e+25,1.256822159272028300e+25,1.256822221351511581e+25,1.256822283410817321e+25,1.256822345313185385e+25,1.256822406667397510e+25,1.256822466454085299e+25,1.256822522270059718e+25
2.121212121212120993e-03,1.256822069651773327e+25,1.256822131712343719e+25,1.256822193800516148e+25,1.256822255898392197e+25,1.256822317948328895e+25,1.256822379767056336e+25,1.256822440826347875e+25,1.256822499767435631e+25,1.256822553438040384e+25
1.818181818181818180e-03,1.256822050998350900e+25,1.256822113028768259e+25,1.256822175098668395e+25,1.256822237187566029e+25,1.256822299243724631e+25,1.256822361110598656e+25,1.256822422337650758e+25,1.256822481757718636e+25,1.256822536640066808e+25
2.424242424242424240e-03,1.256822091188117604e+25,1.256822153275113856e+25,1.256822215380379826e+25,1.256822277486159259e+25,1.256822339525512513e+25,1.256822401279708070e+25,1.256822462119935876e+25,1.256822520441924712e+25,1.256822572557535912e+25
2.121212121212120993e-03,1.256822069651772253e+25,1.256822131712342645e+25,1.256822193800514430e+25,1.256822255898390909e+25,1.256822317948328895e+25,1.256822379767055907e+25,1.256822440826346801e+25,1.256822499767435416e+25,1.256822553438040170e+25
2.727272727272727487e-03,1.256822115609400218e+25,1.256822177719380559e+25,1.256822239840219865e+25,1.256822301952193070e+25,1.256822363974998674e+25,1.256822425643390234e+25,1.256822486199214110e+25,1.256822543725758683e+25,1.256822593858754567e+25
2.424242424242424240e-03,1.256822091188116745e+25,1.256822153275113212e+25,1.256822215380378967e+25,1.256822277486157541e+25,1.256822339525511439e+25,1.256822401279706782e+25,1.256822462119935876e+25,1.256822520441923639e+25,1.256822572557534409e+25
3.030303030303030300e-03,1.256822142916972796e+25,1.256822205046817146e+25,1.256822267181492045e+25,1.256822329297286912e+25,1.256822391295557086e+25,1.256822452850483341e+25,1.256822513038220359e+25,1.256822569545975496e+25,1.256822617160103414e+25
2.727272727272727487e-03,1.256822115609400433e+25,1.256822177719380129e+25,1.256822239840220295e+25,1.256822301952193500e+25,1.256822363974999319e+25,1.256822425643390449e+25,1.256822486199214754e+25,1.256822543725758683e+25,1.256822593858754567e+25
3.333333333333333114e-03,1.256822173111759186e+25,1.256822235258677748e+25,1.256822297405293086e+25,1.256822359521791254e+25,1.256822421484952647e+25,1.256822482890400082e+25,1.256822542602459378e+25,1.256822597807285935e+25,1.256822642226956120e+25
3.030303030303030300e-03,1.256822142916973011e+25,1.256822205046817575e+25,1.256822267181492689e+25,1.256822329297288201e+25,1.256822391295558160e+25,1.256822452850484415e+25,1.256822513038221003e+25,1.256822569545975496e+25,1.256822617160104702e+25
3.636363636363636360e-03,1.256822206194388169e+25,1.256822268355901460e+25,1.256822330512429368e+25,1.256822392625624921e+25,1.256822454539749384e+25,1.256822515748770569e+25,1.256822574846429211e+25,1.256822628385697730e+25,1.256822668756971684e+25
3.333333333333333114e-03,1.256822173111758971e+25,1.256822235258677104e+25,1.256822297405291368e+25,1.256822359521790610e+25,1.256822421484953077e+25,1.256822482890399223e+25,1.256822542602457875e+25,1.256822597807285076e+25,1.256822642226955476e+25
3.939393939393939607e-03,1.256822242165282157e+25,1.256822304339184066e+25,1.256822366503454082e+25,1.256822428608220762e+25,1.256822490454992621e+25,1.256822551406299877e+25,1.256822609710324154e+25,1.256822661120152183e+25,1.256822696361128290e+25
3.636363636363636360e-03,1.256822206194388169e+25,1.256822268355900601e+25,1.256822330512428509e+25,1.256822392625624062e+25,1.256822454539748739e+25,1.256822515748769710e+25,1.256822574846427922e+25,1.256822628385696871e+25,1.256822668756970825e+25
4.242424242424241987e-03,1.256822281024704646e+25,1.256822343209027863e+25,1.256822405378677540e+25,1.256822467468435457e+25,1.256822529223757369e+25,1.256822589837248483e+25,1.256822647115666782e+25,1.256822695801626980e+25,1.256822724539244998e+25
3.939393939393939607e-03,1.256822242165281083e+25,1.256822304339183637e+25,1.256822366503453223e+25,1.256822428608219903e+25,1.256822490454991762e+25,1.256822551406299233e+25,1.256822609710323295e+25,1.256822661120151324e+25,1.256822696361127001e+25
4.545454545454545234e-03,1.256822322772811757e+25,1.256822384965778167e+25,1.256822447138161161e+25,1.256822509204405634e+25,1.256822570836531135e+25,1.256822631007369389e+25,1.256822686959564279e+25,1.256822732158953349e+25,1.256822752648482456e+25
4.242424242424241987e-03,1.256822281024705075e+25,1.256822343209028508e+25,1.256822405378677540e+25,1.256822467468434598e+25,1.256822529223757369e+25,1.256822589837248268e+25,1.256822647115666352e+25,1.256822695801626336e+25,1.256822724539245427e+25
4.848484848484848481e-03,1.256822367409667700e+25,1.256822429609635981e+25,1.256822491781693846e+25,1.256822553813341928e+25,1.256822615280369315e+25,1.256822674871195644e+25,1.256822729107160042e+25,1.256822769840390003e+25,1.256822779862817307e+25
4.545454545454545234e-03,1.256822322772811112e+25,1.256822384965777308e+25,1.256822447138160302e+25,1.256822509204404775e+25,1.256822570836531135e+25,1.256822631007369175e+25,1.256822686959563635e+25,1.256822732158951417e+25,1.256822752648482241e+25
5.151515151515151728e-03,1.256822414935270543e+25,1.256822477140687419e+25,1.256822539308754186e+25,1.256822601291250019e+25,1.256822662537773999e+25,1.256822721368412592e+25,1.256822773381740863e+25,1.256822808389714779e+25,1.256822805120986754e+25
4.848484848484848481e-03,1.256822367409667271e+25,1.256822429609634692e+25,1.256822491781693416e+25,1.256822553813341928e+25,1.256822615280369100e+25,1.256822674871194570e+25,1.256822729107160042e+25,1.256822769840388500e+25,1.256822779862816018e+25
5.454545454545454974e-03,1.256822465349567243e+25,1.256822527558896620e+25,1.256822589718443674e+25,1.256822651632542797e+25,1.256822712585169252e+25,1.256822770419076932e+25,1.256822819551744438e+25,1.256822847215182330e+25,1.256822827059637826e+25
5.151515151515151728e-03,1.256822414935270328e+25,1.256822477140685701e+25,1.256822539308753542e+25,1.256822601291249589e+25,1.256822662537772926e+25,1.256822721368412377e+25,1.256822773381740648e+25,1.256822808389713706e+25,1.256822805120986754e+25
5.757575757575757354e-03,1.256822518652459875e+25,1.256822580864116479e+25,1.256822643009384915e+25,1.256822704829498986e+25,1.256822765390868524e+25,1.256822821917240197e+25,1.256822867313731974e+25,1.256822885549282644e+25,1.256822843927535189e+25
5.454545454545454974e-03,1.256822465349565740e+25,1.256822527558895546e+25,1.256822589718442386e+25,1.256822651632540864e+25,1.256822712585167749e+25,1.256822770419075858e+25,1.256822819551742935e+25,1.256822847215181686e+25,1.256822827059636538e+25
6.060606060606060601e-03,1.256822574843814005e+25,1.256822637056070617e+25,1.256822699179586976e+25,1.256822760871554041e+25,1.256822820912343692e+25,1.256822875722526749e+25,1.256822916270078832e+25,1.256822922396567286e+25,1.256822853475543841e+25
5.757575757575757354e-03,1.256822518652458157e+25,1.256822580864115405e+25,1.256822643009384486e+25,1.256822704829498342e+25,1.256822765390868095e+25,1.256822821917239553e+25,1.256822867313731974e+25,1.256822885549282000e+25,1.256822843927534759e+25
6.363636363636363848e-03,1.256822633923462131e+25,1.256822696134330609e+25,1.256822758226236653e+25,1.256822819744294050e+25,1.256822879092539552e+25,1.256822931648941957e+25,1.256822965899728171e+25,1.256822956466059924e+25,1.256822852815637578e+25
6.060606060606060601e-03,1.256822574843812287e+25,1.256822637056068899e+25,1.256822699179585687e+25,1.256822760871553397e+25,1.256822820912342618e+25,1.256822875722525890e+25,1.256822916270079262e+25,1.256822922396566641e+25,1.256822853475543411e+25
6.666666666666666227e-03,1.256822695891209476e+25,1.256822758098291296e+25,1.256822820145424239e+25,1.256822881428116998e+25,1.256822939854964240e+25,1.256822989450066795e+25,1.256823015519895512e+25,1.256822986083734564e+25,1.256822838240329977e+25
6.363636363636363848e-03,1.256822633923460843e+25,1.256822696134328891e+25,1.256822758226235794e+25,1.256822819744293191e+25,1.256822879092538908e+25,1.256822931648941742e+25,1.256822965899727742e+25,1.256822956466058421e+25,1.256822852815636719e+25
6.969696969696969474e-03,1.256822760746829264e+25,1.256822822947108071e+25,1.256822884931755682e+25,1.256822945896398168e+25,1.256823003097069613e+25,1.256823048799416748e+25,1.256823064235938091e+25,1.256823009079268855e+25,1.256822804991622769e+25
6.666666666666666227e-03,1.256822695891209905e+25,1.256822758098290651e+25,1.256822820145424239e+25,1.256822881428116998e+25,1.256822939854964240e+25,1.256822989450066366e+25,1.256823015519895512e+25,1.256822986083733705e+25,1.256822838240329333e+25
7.272727272727272721e-03,1.256822828490058645e+25,1.256822890679624945e+25,1.256822952577803268e+25,1.256823013112989826e+25,1.256823068681387941e+25,1.256823109264441150e+25,1.256823110875752892e+25,1.256823022639568953e+25,1.256822746965572641e+25
6.969696969696969474e-03,1.256822760746828835e+25,1.256822822947107427e+25,1.256822884931755468e+25,1.256822945896396879e+25,1.256823003097068324e+25,1.256823048799415460e+25,1.256823064235937661e+25,1.256823009079267781e+25,1.256822804991623198e+25
7.575757575757575968e-03,1.256822899120594824e+25,1.256822961294264375e+25,1.256823023073370743e+25,1.256823083028843017e+25,1.256823136423641935e+25,1.256823170272103960e+25,1.256823153903993474e+25,1.256823023119523817e+25,1.256822656334900626e+25
7.272727272727272721e-03,1.256822828490057786e+25,1.256822890679624086e+25,1.256822952577802624e+25,1.256823013112989611e+25,1.256823068681386438e+25,1.256823109264441150e+25,1.256823110875752247e+25,1.256823022639568309e+25,1.256822746965572641e+25
7.878787878787879215e-03,1.256822972638083894e+25,1.256823034788865779e+25,1.256823096404458018e+25,1.256823155577385747e+25,1.256823206076806121e+25,1.256823231063318458e+25,1.256823191309951570e+25,1.256823005797603529e+25,1.256822523067332135e+25
7.575757575757575968e-03,1.256822899120594609e+25,1.256822961294262228e+25,1.256823023073370314e+25,1.256823083028842372e+25,1.256823136423639573e+25,1.256823170272103316e+25,1.256823153903992615e+25,1.256823023119522744e+25,1.256822656334899767e+25
8.181818181818182462e-03,1.256823049042101942e+25,1.256823111160472716e+25,1.256823172551838456e+25,1.256823230668274453e+25,1.256823277309744534e+25,1.256823290632685842e+25,1.256823220461115882e+25,1.256822964560563811e+25,1.256822334311514557e+25
7.878787878787879215e-03,1.256822972638083250e+25,1.256823034788864276e+25,1.256823096404456515e+25,1.256823155577384888e+25,1.256823206076805262e+25,1.256823231063317599e+25,1.256823191309950711e+25,1.256823005797602456e+25,1.256822523067329987e+25
8.484848484848483974e-03,1.256823128332134003e+25,1.256823190405018711e+25,1.256823251489108102e+25,1.256823308178878799e+25,1.256823349678583900e+25,1.256823347648821225e+25,1.256823237912060853e+25,1.256822891497028518e+25,1.256822073614910805e+25
8.181818181818182462e-03,1.256823049042101513e+25,1.256823111160472931e+25,1.256823172551838027e+25,1.256823230668273809e+25,1.256823277309744105e+25,1.256823290632684983e+25,1.256823220461115667e+25,1.256822964560563596e+25,1.256822334311513913e+25
8.787878787878787221e-03,1.256823210507536904e+25,1.256823272516894966e+25,1.256823333179977919e+25,1.256823387942733800e+25,1.256823422588380624e+25,1.256823400349082056e+25,1.256823239155181799e+25,1.256822776374102345e+25,1.256821719928848877e+25
8.484848484848483974e-03,1.256823128332133359e+25,1.256823190405019140e+25,1.256823251489106814e+25,1.256823308178877940e+25,1.256823349678582611e+25,1.256823347648819937e+25,1.256823237912059994e+25,1.256822891497028088e+25,1.256822073614910376e+25
9.090909090909090468e-03,1.256823295567486442e+25,1.256823357488341548e+25,1.256823417574553914e+25,1.256823469733850300e+25,1.256823495241797007e+25,1.256823446400563862e+25,1.256823218295927090e+25,1.256822605964075867e+25,1.256821246344311767e+25
8.787878787878787221e-03,1.256823210507536689e+25,1.256823272516895180e+25,1.256823333179976845e+25,1.256823387942733155e+25,1.256823422588379336e+25,1.256823400349082056e+25,1.256823239155181799e+25,1.256822776374101486e+25,1.256821719928848448e+25
9.393939393939393714e-03,1.256823383510911880e+25,1.256823445308595270e+25,1.256823504604215182e+25,1.256823553245418171e+25,1.256823566570436525e+25,1.256823482716663269e+25,1.256823167629942515e+25,1.256822363179183325e+25,1.256820618487646699e+25
9.090909090909090468e-03,1.256823295567485583e+25,1.256823357488341333e+25,1.256823417574553700e+25,1.256823469733849656e+25,1.256823495241796363e+25,1.256823446400563003e+25,1.256823218295926016e+25,1.256822605964074149e+25,1.256821246344310264e+25
9.696969696969696961e-03,1.256823474336378486e+25,1.256823535962699982e+25,1.256823594174541162e+25,1.256823638060902895e+25,1.256823635142996174e+25,1.256823505215212291e+25,1.256823077093115750e+25,1.256822025961032321e+25,1.256819792487458615e+25
9.393939393939393714e-03,1.256823383510910162e+25,1.256823445308594411e+25,1.256823504604214109e+25,1.256823553245417527e+25,1.256823566570435022e+25,1.256823482716662410e+25,1.256823167629941441e+25,1.256822363179182251e+25,1.256820618487645840e+25
1.000000000000000021e-02,1.256823568041956101e+25,1.256823629429832824e+25,1.256823686155575805e+25,1.256823723614833801e+25,1.256823699042505562e+25,1.256823508499808717e+25,1.256822933546976267e+25,1.256821565856800469e+25,1.256818712401664909e+25
9.696969696969696961e-03,1.256823474336377842e+25,1.256823535962698909e+25,1.256823594174539444e+25,1.256823638060902251e+25,1.256823635142994456e+25,1.256823505215211432e+25,1.256823077093114891e+25,1.256822025961029959e+25,1.256819792487457111e+25
1.030303030303030346e-02,1.256823664624999025e+25,1.256823725680976137e+25,1.256823780368423632e+25,1.256823809139620992e+25,1.256823755702352578e+25,1.256823485440307760e+25,1.256822719851190913e+25,1.256820946196281837e+25,1.256817306966283359e+25
1.000000000000000021e-02,1.256823568041956316e+25,1.256823629429832609e+25,1.256823686155575161e+25,1.256823723614832083e+25,1.256823699042504703e+25,1.256823508499808287e+25,1.256822933546975408e+25,1.256821565856798107e+25,1.256818712401664909e+25
1.060606060606060670e-02,1.256823764081844724e+25,1.256823824675635037e+25,1.256823876566769771e+25,1.256823893593467107e+25,1.256823801687361819e+25,1.256823426621079178e+25,1.256822413661082595e+25,1.256820119761020652e+25,1.256815485493528336e+25
1.030303030303030346e-02,1.256823664624997736e+25,1.256823725680974849e+25,1.256823780368422129e+25,1.256823809139619918e+25,1.256823755702351719e+25,1.256823485440307546e+25,1.256822719851190054e+25,1.256820946196280334e+25,1.256817306966282500e+25
1.090909090909090995e-02,1.256823866407386698e+25,1.256823926357257690e+25,1.256823974411442158e+25,1.256823975562674426e+25,1.256823832401784060e+25,1.256823319616045781e+25,1.256821985870542927e+25,1.256819025808265968e+25,1.256813132705195567e+25
1.060606060606060670e-02,1.256823764081843651e+25,1.256823824675633319e+25,1.256823876566768483e+25,1.256823893593466248e+25,1.256823801687360745e+25,1.256823426621078534e+25,1.256822413661082381e+25,1.256820119761018934e+25,1.256815485493527692e+25
1.121212121212121146e-02,1.256823971594472537e+25,1.256824030646822066e+25,1.256824073435388440e+25,1.256824053129345061e+25,1.256823841700045303e+25,1.256823148037094347e+25,1.256821398598323067e+25,1.256817586276962055e+25,1.256810102236225602e+25
1.090909090909090995e-02,1.256823866407387128e+25,1.256823926357257046e+25,1.256823974411442158e+25,1.256823975562673567e+25,1.256823832401784275e+25,1.256823319616045137e+25,1.256821985870543142e+25,1.256819025808265968e+25,1.256813132705195997e+25
1.151515151515151471e-02,1.256824079633020021e+25,1.256824137433836910e+25,1.256824172995458954e+25,1.256824123692288977e+25,1.256823821368324892e+25,1.256822890286393416e+25,1.256820602587318710e+25,1.256815700958570707e+25,1.256806208480999174e+25
1.121212121212121146e-02,1.256823971594471893e+25,1.256824030646820133e+25,1.256824073435388011e+25,1.256824053129343773e+25,1.256823841700044015e+25,1.256823148037093058e+25,1.256821398598321994e+25,1.256817586276960766e+25,1.256810102236224099e+25
1.181818181818181795e-02,1.256824190508785104e+25,1.256824246563761568e+25,1.256824272206060435e+25,1.256824183724749828e+25,1.256823760434704525e+25,1.256822517922371054e+25,1.256819533850512872e+25,1.256813241360632210e+25,1.256801216379192214e+25
1.151515151515151471e-02,1.256824079633018947e+25,1.256824137433836266e+25,1.256824172995458310e+25,1.256824123692287259e+25,1.256823821368323603e+25,1.256822890286391912e+25,1.256820602587318710e+25,1.256815700958569203e+25,1.256806208480998529e+25
1.212121212121212120e-02,1.256824304201588958e+25,1.256824357820365911e+25,1.256824369847882805e+25,1.256824228446856147e+25,1.256823644252059168e+25,1.256821993522345422e+25,1.256818109351832865e+25,1.256810042922855449e+25,1.256794828646126841e+25
1.181818181818181795e-02,1.256824190508785104e+25,1.256824246563760923e+25,1.256824272206059361e+25,1.256824183724747895e+25,1.256823760434703881e+25,1.256822517922369121e+25,1.256819533850513086e+25,1.256813241360630492e+25,1.256801216379191999e+25
1.242424242424242445e-02,1.256824420682791450e+25,1.256824470901029336e+25,1.256824464242381979e+25,1.256824251383093475e+25,1.256823453280030949e+25,1.256821267890404546e+25,1.256816221453035259e+25,1.256805895161752595e+25,1.256786669841937930e+25
1.212121212121212120e-02,1.256824304201588099e+25,1.256824357820364623e+25,1.256824369847882161e+25,1.256824228446854644e+25,1.256823644252058524e+25,1.256821993522344348e+25,1.256818109351832650e+25,1.256810042922855020e+25,1.256794828646126196e+25
1.272727272727272770e-02,1.256824539911672427e+25,1.256824585382151244e+25,1.256824553079234488e+25,1.256824243764865169e+25,1.256823161469092175e+25,1.256820276414930453e+25,1.256813730785975290e+25,1.256800529216822222e+25,1.256776266540977250e+25
1.242424242424242445e-02,1.256824420682790162e+25,1.256824470901027618e+25,1.256824464242381549e+25,1.256824251383092401e+25,1.256823453280030520e+25,1.256821267890403687e+25,1.256816221453034400e+25,1.256805895161752380e+25,1.256786669841936641e+25
1.303030303030303094e-02,1.256824661830291921e+25,1.256824700670703595e+25,1.256824633179250136e+25,1.256824193724563699e+25,1.256822734119107274e+25,1.256818934323719450e+25,1.256810457119825988e+25,1.256793602145410618e+25,1.256763022704280505e+25
1.272727272727272770e-02,1.256824539911671783e+25,1.256824585382149740e+25,1.256824553079233629e+25,1.256824243764864095e+25,1.256823161469091316e+25,1.256820276414930239e+25,1.256813730785974431e+25,1.256800529216821363e+25,1.256776266540976176e+25
1.333333333333333245e-02,1.256824786356108819e+25,1.256824815936384817e+25,1.256824700168757639e+25,1.256824085209304481e+25,1.256822125044889532e+25,1.256817130512473177e+25,1.256806167680882398e+25,1.256784677160126296e+25,1.256746189169547952e+25
1.303030303030303094e-02,1.256824661830291491e+25,1.256824700670702951e+25,1.256824633179250136e+25,1.256824193724562840e+25,1.256822734119106415e+25,1.256818934323719450e+25,1.256810457119826203e+25,1.256793602145409759e+25,1.256763022704280505e+25
1.363636363636363570e-02,1.256824913371462709e+25,1.256824930016625215e+25,1.256824748032627597e+25,1.256823896518124658e+25,1.256821272829257233e+25,1.256814719530740529e+25,1.256800562243518276e+25,1.256773198816940195e+25,1.256724825950891500e+25
1.333333333333333245e-02,1.256824786356108604e+25,1.256824815936383743e+25,1.256824700168756995e+25,1.256824085209303622e+25,1.256822125044889102e+25,1.256817130512472533e+25,1.256806167680881754e+25,1.256784677160125223e+25,1.256746189169547522e+25
1.393939393939393895e-02,1.256825042708517004e+25,1.256825041283589449e+25,1.256824768501051449e+25,1.256823598334031230e+25,1.256820095876471081e+25,1.256811511192941530e+25,1.256793254138841000e+25,1.256758461938310933e+25,1.256697755780087567e+25
1.363636363636363570e-02,1.256824913371461420e+25,1.256824930016624141e+25,1.256824748032627597e+25,1.256823896518123799e+25,1.256821272829257448e+25,1.256814719530739670e+25,1.256800562243517202e+25,1.256773198816939336e+25,1.256724825950890641e+25
1.424242424242424220e-02,1.256825174127737730e+25,1.256825147458014181e+25,1.256824750208756100e+25,1.256823151079145594e+25,1.256818485891265236e+25,1.256807257135005443e+25,1.256783746115713507e+25,1.256739572787420477e+25,1.256663507018097695e+25
1.393939393939393895e-02,1.256825042708515716e+25,1.256825041283588160e+25,1.256824768501051449e+25,1.256823598334029727e+25,1.256820095876470007e+25,1.256811511192940457e+25,1.256793254138840785e+25,1.256758461938309645e+25,1.256697755780086493e+25
1.454545454545454544e-02,1.256825307287106331e+25,1.256825245348664837e+25,1.256824677542941006e+25,1.256822501364022722e+25,1.256816299295356251e+25,1.256801633451751805e+25,1.256771399729006681e+25,1.256715400690149996e+25,1.256620243716115097e+25
1.424242424242424220e-02,1.256825174127737730e+25,1.256825147458013107e+25,1.256824750208755456e+25,1.256823151079144735e+25,1.256818485891264377e+25,1.256807257135005014e+25,1.256783746115712434e+25,1.256739572787418973e+25,1.256663507018096836e+25
1.484848484848484869e-02,1.256825441698058682e+25,1.256825330487789520e+25,1.256824529065836113e+25,1.256821577226407186e+25,1.256813345947077395e+25,1.256794218317577214e+25,1.256755396613236236e+25,1.256684517923635853e+25,1.256565680206128473e+25
1.454545454545454544e-02,1.256825307287105258e+25,1.256825245348663763e+25,1.256824677542939717e+25,1.256822501364022078e+25,1.256816299295355177e+25,1.256801633451751376e+25,1.256771399729005178e+25,1.256715400690149566e+25,1.256620243716114024e+25
1.515151515151515194e-02,1.256825576662442910e+25,1.256825396621180548e+25,1.256824275356428181e+25,1.256820281754604306e+25,1.256809374341902542e+25,1.256784463202390458e+25,1.256734689615534863e+25,1.256645125246776123e+25,1.256496977149841861e+25
1.484848484848484869e-02,1.256825441698058467e+25,1.256825330487788017e+25,1.256824529065834610e+25,1.256821577226407186e+25,1.256813345947076107e+25,1.256794218317576569e+25,1.256755396613235162e+25,1.256684517923635424e+25,1.256565680206127829e+25
1.545454545454545518e-02,1.256825711182244335e+25,1.256825434995057198e+25,1.256823876059882670e+25,1.256818484558617415e+25,1.256804052230816975e+25,1.256771655933236991e+25,1.256707941299035303e+25,1.256594959932305259e+25,1.256410615471467848e+25
1.515151515151515194e-02,1.256825576662441836e+25,1.256825396621179474e+25,1.256824275356425818e+25,1.256820281754603447e+25,1.256809374341901254e+25,1.256784463202389169e+25,1.256734689615535077e+25,1.256645125246775049e+25,1.256496977149840787e+25
1.575757575757575843e-02,1.256825843830339385e+25,1.256825433359149896e+25,1.256823275857349159e+25,1.256816010378545756e+25,1.256796941286095664e+25,1.256754873404740403e+25,1.256673446773730723e+25,1.256531182565730499e+25,1.256302244046955915e+25
1.545454545454545518e-02,1.256825711182243046e+25,1.256825434995056339e+25,1.256823876059881811e+25,1.256818484558615697e+25,1.256804052230815687e+25,1.256771655933235917e+25,1.256707941299035303e+25,1.256594959932304829e+25,1.256410615471466559e+25
1.606060606060605994e-02,1.256825972565362746e+25,1.256825374573515904e+25,1.256822398966216420e+25,1.256812623892010194e+25,1.256787464053093936e+25,1.256732921190823285e+25,1.256629037154057457e+25,1.256450238199762000e+25,1.256166496425737351e+25
1.575757575757575843e-02,1.256825843830338955e+25,1.256825433359148823e+25,1.256823275857348730e+25,1.256816010378545111e+25,1.256796941286094590e+25,1.256754873404739544e+25,1.256673446773731367e+25,1.256531182565730499e+25,1.256302244046955486e+25
1.636363636363636492e-02,1.256826094466478744e+25,1.256825234662385699e+25,1.256821141642506122e+25,1.256808009484363333e+25,1.256774860931615810e+25,1.256704256636615285e+25,1.256571959168028022e+25,1.256347686692359065e+25,1.255996771232500343e+25
1.606060606060605994e-02,1.256825972565361243e+25,1.256825374573515260e+25,1.256822398966215991e+25,1.256812623892010194e+25,1.256787464053093292e+25,1.256732921190821782e+25,1.256629037154057457e+25,1.256450238199760927e+25,1.256166496425737136e+25
1.666666666666666644e-02,1.256826205353331501e+25,1.256824980096682835e+25,1.256819361970595899e+25,1.256801744356989384e+25,1.256758134306349552e+25,1.256666891190866299e+25,1.256498725540255647e+25,1.256217996215589006e+25,1.255784970253845829e+25
1.636363636363636492e-02,1.256826094466477671e+25,1.256825234662385055e+25,1.256821141642506122e+25,1.256808009484363333e+25,1.256774860931615595e+25,1.256704256636614426e+25,1.256571959168028022e+25,1.256347686692359065e+25,1.255996771232499913e+25
1.696969696969696795e-02,1.256826299241315518e+25,1.256824564001369608e+25,1.256816865974758624e+25,1.256793262844000330e+25,1.256735976163276385e+25,1.256618266751956615e+25,1.256404929731442931e+25,1.256054293010486792e+25,1.255521187584525019e+25
1.666666666666666644e-02,1.256826205353331715e+25,1.256824980096682406e+25,1.256819361970596113e+25,1.256801744356988310e+25,1.256758134306348907e+25,1.256666891190865226e+25,1.256498725540255647e+25,1.256217996215589221e+25,1.255784970253844755e+25
1.727272727272727293e-02,1.256826367560657853e+25,1.256823920864946713e+25,1.256813388750722326e+25,1.256781809153837173e+25,1.256706674552935556e+25,1.256555099620013863e+25,1.256285017435130443e+25,1.255848059498407370e+25,1.255193342627707921e+25
1.696969696969696795e-02,1.256826299241314444e+25,1.256824564001369608e+25,1.256816865974758624e+25,1.256793262843999901e+25,1.256735976163276385e+25,1.256618266751956186e+25,1.256404929731443575e+25,1.256054293010486363e+25,1.255521187584524375e+25
1.757575757575757444e-02,1.256826398036683855e+25,1.256822959163745204e+25,1.256808568865315754e+25,1.256766374908979171e+25,1.256667993051821859e+25,1.256473184249414263e+25,1.256132005911000862e+25,1.255588771871915011e+25,1.254786749263831883e+25
1.727272727272727293e-02,1.256826367560657638e+25,1.256823920864946713e+25,1.256813388750721897e+25,1.256781809153838032e+25,1.256706674552935127e+25,1.256555099620013648e+25,1.256285017435130873e+25,1.255848059498407370e+25,1.255193342627707277e+25
1.787878787878787942e-02,1.256826373083890447e+25,1.256821551085498694e+25,1.256801913671503064e+25,1.256745616774163871e+25,1.256617015884469288e+25,1.256367147358514487e+25,1.255937140785509482e+25,1.255263467323011011e+25,1.254283613189151349e+25
1.757575757575757444e-02,1.256826398036682781e+25,1.256822959163744774e+25,1.256808568865314895e+25,1.256766374908978527e+25,1.256667993051821429e+25,1.256473184249414263e+25,1.256132005911001291e+25,1.255588771871913937e+25,1.254786749263831453e+25
1.818181818181818094e-02,1.256826267502332049e+25,1.256819518221002328e+25,1.256792752386225379e+25,1.256717748079874230e+25,1.256549949550932825e+25,1.256230141060922612e+25,1.255689478402750177e+25,1.254856230188327584e+25,1.253662449362565861e+25
1.787878787878787942e-02,1.256826373083890662e+25,1.256821551085498049e+25,1.256801913671503708e+25,1.256745616774162583e+25,1.256617015884469074e+25,1.256367147358514487e+25,1.255937140785508623e+25,1.255263467323010367e+25,1.254283613189150920e+25
1.848484848484848592e-02,1.256826045172488186e+25,1.256816611656508368e+25,1.256780172717100278e+25,1.256680396589256533e+25,1.256461869604408744e+25,1.256053461529484928e+25,1.255375380209496806e+25,1.254347585587772094e+25,1.252897411792465755e+25
1.818181818181818094e-02,1.256826267502331404e+25,1.256819518221001469e+25,1.256792752386226023e+25,1.256717748079873371e+25,1.256549949550932825e+25,1.256230141060923041e+25,1.255689478402749103e+25,1.254856230188327154e+25,1.253662449362565216e+25
1.878787878787878743e-02,1.256825654312388451e+25,1.256812484297699540e+25,1.256762935420093676e+25,1.256630418334976357e+25,1.256346398588804295e+25,1.255826077301671880e+25,1.254977904084038515e+25,1.253713788722804112e+25,1.251957528671684746e+25
1.848484848484848592e-02,1.256826045172487327e+25,1.256816611656509013e+25,1.256780172717100493e+25,1.256680396589256103e+25,1.256461869604408315e+25,1.256053461529485572e+25,1.255375380209497235e+25,1.254347585587771880e+25,1.252897411792465755e+25
1.909090909090909241e-02,1.256825020670261346e+25,1.256806652426970064e+25,1.256739359320374559e+25,1.256563654664780913e+25,1.256195298028124660e+25,1.255534048719246622e+25,1.254476076080104257e+25,1.252925998034249910e+25,1.250805837278902122e+25
1.878787878787878743e-02,1.256825654312388451e+25,1.256812484297699540e+25,1.256762935420093676e+25,1.256630418334976143e+25,1.256346398588804295e+25,1.255826077301672310e+25,1.254977904084038086e+25,1.253713788722803683e+25,1.251957528671684746e+25
1.939393939393939392e-02,1.256824037752365280e+25,1.256798442355645682e+25,1.256707166900808461e+25,1.256474616163468264e+25,1.255997953722848389e+25,1.255159817238385654e+25,1.253844024911845142e+25,1.251949321087821168e+25,1.249398415282671885e+25
1.909090909090909241e-02,1.256825020670261346e+25,1.256806652426969635e+25,1.256739359320373914e+25,1.256563654664781128e+25,1.256195298028124445e+25,1.255534048719245978e+25,1.254476076080104042e+25,1.252925998034250340e+25,1.250805837278901907e+25
1.969696969696969543e-02,1.256822552792281529e+25,1.256786916467663817e+25,1.256663277391288436e+25,1.256356072834845330e+25,1.255740729440730124e+25,1.254681340571074777e+25,1.253049960865893357e+25,1.250741723591218933e+25,1.247683308303625989e+25
1.939393939393939392e-02,1.256824037752365065e+25,1.256798442355645253e+25,1.256707166900807387e+25,1.256474616163467620e+25,1.255997953722848389e+25,1.255159817238384795e+25,1.253844024911844712e+25,1.251949321087820953e+25,1.249398415282671671e+25
2.000000000000000042e-02,1.256820346602453425e+25,1.256770770807571547e+25,1.256603530170847684e+25,1.256198524694155214e+25,1.255406159417106839e+25,1.254071047014584459e+25,1.252054980972091479e+25,1.249252794627697003e+25,1.245599358019762072e+25
1.969696969696969543e-02,1.256822552792281314e+25,1.256786916467663173e+25,1.256663277391288007e+25,1.256356072834845115e+25,1.255740729440730124e+25,1.254681340571074132e+25,1.253049960865893142e+25,1.250741723591218289e+25,1.247683308303625130e+25
2.030303030303030193e-02,1.256817104635701952e+25,1.256748193436109160e+25,1.256522315969780746e+25,1.255989520605802941e+25,1.254971944989975869e+25,1.253294580171581143e+25,1.250811683553387252e+25,1.247422365338377736e+25,1.243074940952656518e+25
2.000000000000000042e-02,1.256820346602453425e+25,1.256770770807570043e+25,1.256603530170847469e+25,1.256198524694155214e+25,1.255406159417106624e+25,1.254071047014583814e+25,1.252054980972091479e+25,1.249252794627697003e+25,1.245599358019761643e+25
2.060606060606060691e-02,1.256812375415186903e+25,1.256716668783665379e+25,1.256412086525274060e+25,1.255712785689720819e+25,1.254409715364441462e+25,1.252309303950438689e+25,1.249262578152874584e+25,1.245178984258415803e+25,1.240026635552703619e+25
2.030303030303030193e-02,1.256817104635701952e+25,1.256748193436108516e+25,1.256522315969780316e+25,1.255989520605802511e+25,1.254971944989975439e+25,1.253294580171580499e+25,1.250811683553386393e+25,1.247422365338376877e+25,1.243074940952656089e+25
2.090909090909090842e-02,1.256805510809860397e+25,1.256672707805066848e+25,1.256262704640412480e+25,1.255347108844671282e+25,1.253683507234023231e+25,1.251062537794915821e+25,1.247338281840498463e+25,1.242438260694554091e+25,1.236357844482587307e+25
2.060606060606060691e-02,1.256812375415187117e+25,1.256716668783666453e+25,1.256412086525274490e+25,1.255712785689720390e+25,1.254409715364441247e+25,1.252309303950438260e+25,1.249262578152873295e+25,1.245178984258415589e+25,1.240026635552702975e+25
2.121212121212121340e-02,1.256795580213669042e+25,1.256611476388012940e+25,1.256060585609910595e+25,1.254864931916198130e+25,1.252747913263256920e+25,1.249489494224375861e+25,1.244955500663564326e+25,1.239101098311577590e+25,1.231957410195048576e+25
2.090909090909090842e-02,1.256805510809859753e+25,1.256672707805066848e+25,1.256262704640411836e+25,1.255347108844670638e+25,1.253683507234022372e+25,1.251062537794916250e+25,1.247338281840497174e+25,1.242438260694553446e+25,1.236357844482587307e+25
2.151515151515151492e-02,1.256781247207460627e+25,1.256526284546406225e+25,1.255787567253666861e+25,1.254230570932580262e+25,1.251545845973916681e+25,1.247510895864429724e+25,1.242014806234883308e+25,1.235051854831620690e+25,1.226698275034502886e+25
2.121212121212121340e-02,1.256795580213668827e+25,1.256611476388013369e+25,1.256060585609910380e+25,1.254864931916197915e+25,1.252747913263256705e+25,1.249489494224375432e+25,1.244955500663563682e+25,1.239101098311576946e+25,1.231957410195048576e+25
2.181818181818181990e-02,1.256760592276538393e+25,1.256407885597244784e+25,1.255419428875864995e+25,1.253397988031238752e+25,1.250005862400072402e+25,1.245030258322457912e+25,1.238398232914654224e+25,1.230156480725346313e+25,1.220436252044849186e+25
2.151515151515151492e-02,1.256781247207459983e+25,1.256526284546406869e+25,1.255787567253666647e+25,1.254230570932578759e+25,1.251545845973916252e+25,1.247510895864429294e+25,1.242014806234882878e+25,1.235051854831619402e+25,1.226698275034501812e+25
2.212121212121212141e-02,1.256730857953753365e+25,1.256243516689850906e+25,1.254923958919658770e+25,1.252308020927637601e+25,1.248038997398188064e+25,1.241930839843638162e+25,1.233966741507130248e+25,1.224260710129523431e+25,1.213008989130956497e+25
2.181818181818181990e-02,1.256760592276537964e+25,1.256407885597245214e+25,1.255419428875864565e+25,1.253397988031238537e+25,1.250005862400072832e+25,1.245030258322456838e+25,1.238398232914654438e+25,1.230156480725345669e+25,1.220436252044848112e+25
2.242424242424242292e-02,1.256688082392100253e+25,1.256015588347276966e+25,1.254258446625207512e+25,1.250884966256313656e+25,1.245535061604174892e+25,1.238072280206946547e+25,1.228557621559231505e+25,1.217188400879873110e+25,1.204235226645294963e+25
2.212121212121212141e-02,1.256730857953752936e+25,1.256243516689850906e+25,1.254923958919658984e+25,1.252308020927637601e+25,1.248038997398188278e+25,1.241930839843638162e+25,1.233966741507129389e+25,1.224260710129523002e+25,1.213008989130956068e+25
2.272727272727272790e-02,1.256626572451738019e+25,1.255699899363097678e+25,1.253366444616340290e+25,1.249032405747339900e+25,1.242358376162586939e+25,1.233286981474980718e+25,1.221981936729608974e+25,1.208740147094853312e+25,1.193914465994923577e+25
2.242424242424242292e-02,1.256688082392100038e+25,1.256015588347276537e+25,1.254258446625206653e+25,1.250884966256313656e+25,1.245535061604174677e+25,1.238072280206946547e+25,1.228557621559231076e+25,1.217188400879871177e+25,1.204235226645294534e+25
2.303030303030302942e-02,1.256538145911540170e+25,1.255263212359806562e+25,1.252173617552454646e+25,1.246628162837590307e+25,1.238342943571834353e+25,1.227376323728678182e+25,1.214022156465638559e+25,1.198692316335771576e+25,1.181827183267557691e+25
2.272727272727272790e-02,1.256626572451738234e+25,1.255699899363097248e+25,1.253366444616339001e+25,1.249032405747340114e+25,1.242358376162585221e+25,1.233286981474980074e+25,1.221981936729608330e+25,1.208740147094852238e+25,1.193914465994922933e+25
2.333333333333333440e-02,1.256411041500727757e+25,1.254659972056753284e+25,1.250582458178212445e+25,1.243518286042357018e+25,1.233287095980867408e+25,1.220106861390312053e+25,1.204430162007503011e+25,1.186796692578209463e+25,1.167735735535231365e+25
2.303030303030302942e-02,1.256538145911539740e+25,1.255263212359805488e+25,1.252173617552453572e+25,1.246628162837590092e+25,1.238342943571832849e+25,1.227376323728678397e+25,1.214022156465637915e+25,1.198692316335770502e+25,1.181827183267556832e+25
2.363636363636363591e-02,1.256228350937375904e+25,1.253827879995107772e+25,1.248465619077999321e+25,1.239509979901237568e+25,1.226947723281240079e+25,1.211206711331576390e+25,1.192925864353054068e+25,1.172780933933505977e+25,1.151386116364308144e+25
2.333333333333333440e-02,1.256411041500727542e+25,1.254659972056752211e+25,1.250582458178211586e+25,1.243518286042356159e+25,1.233287095980866549e+25,1.220106861390311194e+25,1.204430162007502582e+25,1.186796692578209033e+25,1.167735735535230292e+25
2.393939393939394089e-02,1.255965763072857350e+25,1.252681953186471749e+25,1.245657581146767007e+25,1.234363452178410758e+25,1.219034267950179632e+25,1.200362423003608756e+25,1.179196723977114454e+25,1.156350077313885415e+25,1.132510718692877495e+25
2.363636363636363591e-02,1.256228350937374186e+25,1.253827879995107557e+25,1.248465619077998032e+25,1.239509979901237353e+25,1.226947723281239220e+25,1.211206711331574243e+25,1.192925864353053639e+25,1.172780933933504689e+25,1.151386116364307070e+25
2.424242424242424240e-02,1.255588317952525401e+25,1.251106587279553663e+25,1.241944366388560796e+25,1.227782727117848332e+25,1.209202786311522246e+25,1.187216712228456539e+25,1.162898513077095616e+25,1.137189337210631592e+25,1.110832254855711264e+25
2.393939393939394089e-02,1.255965763072856705e+25,1.252681953186471534e+25,1.245657581146765504e+25,1.234363452178410114e+25,1.219034267950178558e+25,1.200362423003607252e+25,1.179196723977114454e+25,1.156350077313884342e+25,1.132510718692877495e+25
2.454545454545454392e-02,1.255045735689434404e+25,1.248945015951118109e+25,1.237051015958852166e+25,1.219405601237383140e+25,1.197050520348775013e+25,1.171367540829113893e+25,1.143657705418792794e+25,1.114968447740219464e+25,1.086068962191420786e+25
2.424242424242424240e-02,1.255588317952524756e+25,1.251106587279553878e+25,1.241944366388559722e+25,1.227782727117847473e+25,1.209202786311521172e+25,1.187216712228455680e+25,1.162898513077096045e+25,1.137189337210631592e+25,1.110832254855711693e+25
2.484848484848484890e-02,1.254265693608210137e+25,1.245985408639183431e+25,1.230626613709421112e+25,1.208793104983131671e+25,1.182111602059349101e+25,1.152369127679962968e+25,1.121075908953372007e+25,1.089347780643865769e+25,1.057941185470878890e+25
2.454545454545454392e-02,1.255045735689432901e+25,1.248945015951118539e+25,1.237051015958851951e+25,1.219405601237381422e+25,1.197050520348774583e+25,1.171367540829113248e+25,1.143657705418792365e+25,1.114968447740220323e+25,1.086068962191420142e+25
2.515151515151515041e-02,1.253144149351336671e+25,1.241942685200096266e+25,1.222226769080641314e+25,1.195419096684103814e+25,1.163854721433206690e+25,1.129735572713288733e+25,1.094736762585239604e+25,1.059986431083678129e+25,1.026179371869894827e+25
2.484848484848484890e-02,1.254265693608209923e+25,1.245985408639183860e+25,1.230626613709420683e+25,1.208793104983130382e+25,1.182111602059348457e+25,1.152369127679962539e+25,1.121075908953371148e+25,1.089347780643866198e+25,1.057941185470879319e+25
2.545454545454545539e-02,1.251531410368359981e+25,1.236434965316817761e+25,1.211293720847707852e+25,1.178660970537623300e+25,1.141683821101539128e+25,1.102947848535265178e+25,1.064215689096429126e+25,1.026552392017102183e+25,9.905334387752926404e+24
2.515151515151515041e-02,1.253144149351336027e+25,1.241942685200096051e+25,1.222226769080640455e+25,1.195419096684102740e+25,1.163854721433206261e+25,1.129735572713289162e+25,1.094736762585239174e+25,1.059986431083677915e+25,1.026179371869894183e+25
2.575757575757575690e-02,1.249212077836933226e+25,1.228953446717313605e+25,1.197134639297055790e+25,1.157792920078186714e+25,1.114943117733305652e+25,1.071464943310221692e+25,1.029092818133586956e+25,9.887348316730492495e+24,9.507833791942257346e+24
2.545454545454545539e-02,1.251531410368359122e+25,1.236434965316817976e+25,1.211293720847707422e+25,1.178660970537623300e+25,1.141683821101538484e+25,1.102947848535265178e+25,1.064215689096428481e+25,1.026552392017102613e+25,9.905334387752924256e+24
2.606060606060606188e-02,1.245876168339471588e+25,1.218824483329704103e+25,1.178899360028018146e+25,1.131983765495320113e+25,1.082927961227641741e+25,1.034739895995480750e+25,9.889692529066220961e+24,9.462583441804014716e+24,9.067508558119891865e+24
2.575757575757575690e-02,1.249212077836932367e+25,1.228953446717313390e+25,1.197134639297056005e+25,1.157792920078186714e+25,1.114943117733305437e+25,1.071464943310221263e+25,1.029092818133586741e+25,9.887348316730490347e+24,9.507833791942255199e+24
2.636363636363636340e-02,1.241077528170904666e+25,1.205162825424875585e+25,1.155559766002096488e+25,1.100302011127570233e+25,1.044903178892526385e+25,9.922413178922915129e+24,9.434866400520492949e+24,8.988988610265665732e+24,8.583114073577406587e+24
2.606060606060606188e-02,1.245876168339471588e+25,1.218824483329702600e+25,1.178899360028017502e+25,1.131983765495319468e+25,1.082927961227642170e+25,1.034739895995480536e+25,9.889692529066214519e+24,9.462583441804016864e+24,9.067508558119894012e+24
2.666666666666666491e-02,1.234173942416177978e+25,1.186815581762511329e+25,1.125894446632672685e+25,1.061731499242433989e+25,1.000130542767729088e+25,9.434807067543229067e+24,8.923497067124693437e+24,8.465006959557867521e+24,8.054067576057580285e+24
2.636363636363636340e-02,1.241077528170904666e+25,1.205162825424875155e+25,1.155559766002097347e+25,1.100302011127570233e+25,1.044903178892525956e+25,9.922413178922915129e+24,9.434866400520485432e+24,8.988988610265662511e+24,8.583114073577403365e+24
2.696969696969696989e-02,1.224240872400095872e+25,1.162297790914466850e+25,1.088484203000173771e+25,1.015201665366409755e+25,9.479067499721142382e+24,8.880453970641138322e+24,8.353510533499633325e+24,7.889939598194738580e+24,7.480565892113644191e+24
2.666666666666666491e-02,1.234173942416177763e+25,1.186815581762510255e+25,1.125894446632673114e+25,1.061731499242433560e+25,1.000130542767728873e+25,9.434807067543221551e+24,8.923497067124693437e+24,8.465006959557862152e+24,8.054067576057578138e+24
2.727272727272727140e-02,1.209947196946478713e+25,1.129723072709890870e+25,1.041726501586706647e+25,9.596367966638995791e+24,8.876127027989598062e+24,8.256363282764752121e+24,7.723970491606845887e+24,7.264113441515564769e+24,6.863690360820521725e+24
2.696969696969696989e-02,1.224240872400095657e+25,1.162297790914466636e+25,1.088484203000175489e+25,1.015201665366410184e+25,9.479067499721146677e+24,8.880453970641136174e+24,8.353510533499640842e+24,7.889939598194729990e+24,7.480565892113638823e+24
2.757575757575757638e-02,1.189376203679387138e+25,1.086737522410817890e+25,9.838800686681396341e+24,8.940285542779106227e+24,8.187737904492419431e+24,7.561089499384833829e+24,7.035332009905906455e+24,6.589030604820053706e+24,6.205490760660614845e+24
2.727272727272727140e-02,1.209947196946478498e+25,1.129723072709891085e+25,1.041726501586707506e+25,9.596367966638993643e+24,8.876127027989594841e+24,8.256363282764743532e+24,7.723970491606841592e+24,7.264113441515559400e+24,6.863690360820520651e+24
2.787878787878787790e-02,1.159767682073735613e+25,1.030473168318048633e+25,9.131541985327347057e+24,8.175349063358186456e+24,7.411291940895934986e+24,6.795145556254721363e+24,6.289669099797065371e+24,5.867485716667642591e+24,5.509039883711719533e+24
2.757575757575757638e-02,1.189376203679386493e+25,1.086737522410818320e+25,9.838800686681396341e+24,8.940285542779107301e+24,8.187737904492417284e+24,7.561089499384830608e+24,7.035332009905897865e+24,6.589030604820052632e+24,6.205490760660615919e+24
2.818181818181818288e-02,1.117146308752904607e+25,9.575510861435722902e+24,8.278602966702799727e+24,7.296059343918762593e+24,6.547059061446800931e+24,5.961382418440596285e+24,5.490851697201756808e+24,5.103637015282272182e+24,4.778450939639342521e+24
2.787878787878787790e-02,1.159767682073735183e+25,1.030473168318048204e+25,9.131541985327341688e+24,8.175349063358182161e+24,7.411291940895928544e+24,6.795145556254719216e+24,6.289669099797062149e+24,5.867485716667646886e+24,5.509039883711719533e+24
2.848484848484848439e-02,1.055786143265318201e+25,8.641870213524426553e+24,7.266441046581290803e+24,6.301319970322530739e+24,5.598902507503320536e+24,5.065286953373997896e+24,4.644645923905551892e+24,4.303017990872130277e+24,4.018851345242100660e+24
2.818181818181818288e-02,1.117146308752904392e+25,9.575510861435718607e+24,8.278602966702795432e+24,7.296059343918762593e+24,6.547059061446794489e+24,5.961382418440590916e+24,5.490851697201754661e+24,5.103637015282274330e+24,4.778450939639340911e+24
2.878787878787878937e-02,9.674388857262207312e+24,7.464893687591269869e+24,6.088128044214804986e+24,5.196017450755171851e+24,4.574865320841055532e+24,4.115143805673001328e+24,3.758712809352637918e+24,3.472478945595849278e+24,3.236308707465169872e+24
2.848484848484848439e-02,1.055786143265318201e+25,8.641870213524422258e+24,7.266441046581288655e+24,6.301319970322529665e+24,5.598902507503317315e+24,5.065286953373989306e+24,4.644645923905548134e+24,4.303017990872124371e+24,4.018851345242100123e+24
2.909090909090909088e-02,8.402215805596385864e+24,6.010987445089306264e+24,4.747558813919371988e+24,3.992461478035377499e+24,3.487497095586966267e+24,3.122007598405775782e+24,2.842485894983924228e+24,2.620052289190540555e+24,2.437707870840007877e+24
2.878787878787878937e-02,9.674388857262207312e+24,7.464893687591268795e+24,6.088128044214801765e+24,5.196017450755169704e+24,4.574865320841052311e+24,4.115143805672998107e+24,3.758712809352638455e+24,3.472478945595847130e+24,3.236308707465168798e+24
2.939393939393939240e-02,6.570133467014654373e+24,4.264127313650104599e+24,3.264216371114231097e+24,2.711308735352048628e+24,2.353778823402534860e+24,2.099442821340499955e+24,1.906917806115285421e+24,1.754741516883278130e+24,1.630581571019870743e+24
2.909090909090909088e-02,8.402215805596379422e+24,6.010987445089304117e+24,4.747558813919370377e+24,3.992461478035373741e+24,3.487497095586965193e+24,3.122007598405773097e+24,2.842485894983923154e+24,2.620052289190541092e+24,2.437707870840007877e+24
2.969696969696969738e-02,3.931442173597405797e+24,2.247880030566863115e+24,1.677340364250879892e+24,1.381468023397408664e+24,1.194525259352481471e+24,1.063012765815615359e+24,9.640996305577788351e+23,8.862411116774506113e+23,8.229011735087710407e+23
2.939393939393939240e-02,6.570133467014649004e+24,4.264127313650099767e+24,3.264216371114228949e+24,2.711308735352047017e+24,2.353778823402533249e+24,2.099442821340498076e+24,1.906917806115282468e+24,1.754741516883277325e+24,1.630581571019869400e+24
2.999999999999999889e-02,1.306325390651730910e+23,6.344515617797850949e+22,4.685382969935144996e+22,3.846940854585653199e+22,3.321639480969774131e+22,2.953551452060243722e+22,2.677328917897464198e+22,2.460218796296014869e+22,2.283772915763787491e+22
2.969696969696969738e-02,3.931442173597403113e+24,2.247880030566860968e+24,1.677340364250879355e+24,1.381468023397407590e+24,1.194525259352480934e+24,1.063012765815614420e+24,9.640996305577774930e+23,8.862411116774498060e+23,8.229011735087705039e+23
