x,t=1.00e+02s,t=2.00e+02s,t=3.00e+02s,t=4.00e+02s,t=5.00e+02s,t=6.00e+02s,t=7.00e+02s,t=8.00e+02s,t=9.00e+02s
3.030303030303030300e-04,2.026095881957881453e+25,1.287185209725374871e+25,7.428276535175233908e+24,4.092721914833535530e+24,2.207617655668192536e+24,1.179693586889813692e+24,6.278611033597102040e+23,3.335919702080707961e+23,1.771151764791543191e+23
0.000000000000000000e+00,2.026132138480073392e+25,1.287227788555376680e+25,7.428590220701031046e+24,4.092914127880031702e+24,2.207726286342003402e+24,1.179752822001213228e+24,6.278929032716528816e+23,3.336089277763578453e+23,1.771241936208087545e+23
6.060606060606060601e-04,2.025712462988110820e+25,1.286734983916271165e+25,7.424959874996576339e+24,4.090689684239273991e+24,2.206469146672523794e+24,1.179067323111987372e+24,6.275248998204117740e+23,3.334126871745696880e+23,1.770198432745667449e+23
3.030303030303030300e-04,2.026095881957880164e+25,1.287185209725374871e+25,7.428276535175227466e+24,4.092721914833535530e+24,2.207617655668193073e+24,1.179693586889812484e+24,6.278611033597096671e+23,3.335919702080705947e+23,1.771151764791541849e+23
9.090909090909090901e-04,2.025109147125684111e+25,1.286026830593107169e+25,7.419744393727367908e+24,4.087494394646282908e+24,2.204663455286540986e+24,1.178082738072593831e+24,6.269963422238782993e+23,3.331308315734553217e+23,1.768699677970078158e+23
6.060606060606060601e-04,2.025712462988109961e+25,1.286734983916270736e+25,7.424959874996572044e+24,4.090689684239272380e+24,2.206469146672523794e+24,1.179067323111987237e+24,6.275248998204112372e+23,3.334126871745694867e+23,1.770198432745666107e+23
1.212121212121212120e-03,2.024269948622782697e+25,1.285042388975921481e+25,7.412496626262679400e+24,4.083054862913777019e+24,2.202154869415699345e+24,1.176714948716832005e+24,6.262620826817725863e+23,3.327392879347657469e+23,1.766617669581156144e+23
9.090909090909090901e-04,2.025109147125682393e+25,1.286026830593106739e+25,7.419744393727358244e+24,4.087494394646279687e+24,2.204663455286540986e+24,1.178082738072593831e+24,6.269963422238777624e+23,3.331308315734552546e+23,1.768699677970076480e+23
1.515151515151515150e-03,2.023192106477257068e+25,1.283778988413705533e+25,7.403199390395978771e+24,4.077361387537697723e+24,2.198938139730433312e+24,1.174961152313452518e+24,6.253206308967539708e+23,3.322372648585977890e+23,1.763948206829318491e+23
1.212121212121212120e-03,2.024269948622780979e+25,1.285042388975921052e+25,7.412496626262671884e+24,4.083054862913778093e+24,2.202154869415700150e+24,1.176714948716832273e+24,6.262620826817721837e+23,3.327392879347656127e+23,1.766617669581155808e+23
1.818181818181818180e-03,2.021874230888107142e+25,1.282235733571816175e+25,7.391849294388188607e+24,4.070412951401584172e+24,2.195012990743209090e+24,1.172821275068182045e+24,6.241719655955443587e+23,3.316247552419980189e+23,1.760691261540863868e+23
1.515151515151515150e-03,2.023192106477254921e+25,1.283778988413705318e+25,7.403199390395975550e+24,4.077361387537696649e+24,2.198938139730432506e+24,1.174961152313451713e+24,6.253206308967537023e+23,3.322372648585975206e+23,1.763948206829318827e+23
2.121212121212120993e-03,2.020315156270424759e+25,1.280412158710484586e+25,7.378446822363740431e+24,4.062211145027711220e+24,2.190380685811971950e+24,1.170296098845338972e+24,6.228165288171149627e+23,3.309019999608567318e+23,1.756848126228340419e+23
1.818181818181818180e-03,2.021874230888107572e+25,1.282235733571816819e+25,7.391849294388190754e+24,4.070412951401584172e+24,2.195012990743208553e+24,1.172821275068182582e+24,6.241719655955444930e+23,3.316247552419981532e+23,1.760691261540864874e+23
2.424242424242424240e-03,2.018513688939733346e+25,1.278307932812796537e+25,7.362994160868657612e+24,4.052758832773410805e+24,2.185043272458400713e+24,1.167386849376864481e+24,6.212550047738172476e+23,3.300693699281713176e+23,1.752420786897576819e+23
2.121212121212120993e-03,2.020315156270425188e+25,1.280412158710483512e+25,7.378446822363735062e+24,4.062211145027707998e+24,2.190380685811970877e+24,1.170296098845338838e+24,6.228165288171142916e+23,3.309019999608565305e+23,1.756848126228340083e+23
2.727272727272727487e-03,2.016468527839876180e+25,1.275922768209598824e+25,7.345494524455180804e+24,4.042059737213661776e+24,2.179003346454107591e+24,1.164095067302924353e+24,6.194882505360523626e+23,3.291273291104682141e+23,1.747411726340524563e+23
2.424242424242424240e-03,2.018513688939732058e+25,1.278307932812795678e+25,7.362994160868650096e+24,4.052758832773408657e+24,2.185043272458399908e+24,1.167386849376864481e+24,6.212550047738165765e+23,3.300693699281710492e+23,1.752420786897577155e+23
3.030303030303030300e-03,2.014178233446513851e+25,1.273256386061549765e+25,7.325951899960684298e+24,4.030118279727234748e+24,2.172263960551387807e+24,1.160422558039309747e+24,6.175172690223409240e+23,3.280764201009723264e+23,1.741823847366177010e+23
2.727272727272727487e-03,2.016468527839877898e+25,1.275922768209599039e+25,7.345494524455178656e+24,4.042059737213662849e+24,2.179003346454108933e+24,1.164095067302924890e+24,6.194882505360523626e+23,3.291273291104680799e+23,1.747411726340526577e+23
3.333333333333333114e-03,2.011641213326003254e+25,1.270308501681134821e+25,7.304370936739249078e+24,4.016939510155248350e+24,2.164828583402845250e+24,1.156371368966411031e+24,6.153431966447410065e+23,3.269172575049682266e+23,1.735660437565849542e+23
3.030303030303030300e-03,2.014178233446513851e+25,1.273256386061549335e+25,7.325951899960680003e+24,4.030118279727237432e+24,2.172263960551387270e+24,1.160422558039310015e+24,6.175172690223409240e+23,3.280764201009721251e+23,1.741823847366177010e+23
3.636363636363636360e-03,2.008855714341151218e+25,1.267078817941973572e+25,7.280756896236572435e+24,4.002529072456469683e+24,2.156701078674384007e+24,1.151943777584119156e+24,6.129672968294693381e+23,3.256505244553147958e+23,1.728925150716429190e+23
3.333333333333333114e-03,2.011641213326001536e+25,1.270308501681133103e+25,7.304370936739242636e+24,4.016939510155248350e+24,2.164828583402844713e+24,1.156371368966409958e+24,6.153431966447408723e+23,3.269172575049680253e+23,1.735660437565848200e+23
3.939393939393939607e-03,2.005819817780493954e+25,1.263567022405208493e+25,7.255115628688189837e+24,3.986893186612446376e+24,2.147885693192482685e+24,1.147142284548547509e+24,6.103909561467831771e+23,3.242769705166124498e+23,1.721621995561368756e+23
3.636363636363636360e-03,2.008855714341148641e+25,1.267078817941972499e+25,7.280756896236568140e+24,4.002529072456466998e+24,2.156701078674382665e+24,1.151943777584118485e+24,6.129672968294688012e+23,3.256505244553145274e+23,1.728925150716427848e+23
4.242424242424241987e-03,2.002531435853220631e+25,1.259772786336679213e+25,7.227453563462600670e+24,3.970038638519872827e+24,2.138387049457531417e+24,1.141969609045973114e+24,6.076156816844033968e+23,3.227974102498246666e+23,1.713755328097485576e+23
3.939393939393939607e-03,2.005819817780494383e+25,1.263567022405208063e+25,7.255115628688185542e+24,3.986893186612443155e+24,2.147885693192480538e+24,1.147142284548547375e+24,6.103909561467826403e+23,3.242769705166121814e+23,1.721621995561368085e+23
4.545454545454545234e-03,1.998988308835317078e+25,1.255695764779799093e+25,7.197777706871810949e+24,3.951972774081473261e+24,2.128210140383797764e+24,1.136428685338429593e+24,6.046430990391089918e+23,3.212127221039760367e+23,1.705329845595056741e+23
4.242424242424241987e-03,2.002531435853221490e+25,1.259772786336679428e+25,7.227453563462596375e+24,3.970038638519871217e+24,2.138387049457531149e+24,1.141969609045973114e+24,6.076156816844028599e+23,3.227974102498243311e+23,1.713755328097484905e+23
4.848484848484848481e-03,1.995188002514174911e+25,1.251335597274178629e+25,7.166095644402249923e+24,3.932703495624968058e+24,2.117360325210796093e+24,1.130522659906730760e+24,6.014749506186368652e+23,3.195238474708468053e+23,1.696350581479051908e+23
4.545454545454545234e-03,1.998988308835314930e+25,1.255695764779798234e+25,7.197777706871804507e+24,3.951972774081470577e+24,2.128210140383797228e+24,1.136428685338429190e+24,6.046430990391093945e+23,3.212127221039756340e+23,1.705329845595057747e+23
5.151515151515151728e-03,1.991127905746222739e+25,1.246691909007101888e+25,7.132415545768513141e+24,3.912239259667663535e+24,2.105843326033029428e+24,1.124254888890611997e+24,5.981130940930602345e+23,3.177317898170399090e+23,1.686822900616362994e+23
4.848484848484848481e-03,1.995188002514173193e+25,1.251335597274177770e+25,7.166095644402247776e+24,3.932703495624965373e+24,2.117360325210794482e+24,1.130522659906730760e+24,6.014749506186366639e+23,3.195238474708466040e+23,1.696350581479051572e+23
5.454545454545454974e-03,1.986805228024721827e+25,1.241764312282282062e+25,7.096746171907234582e+24,3.890589075482210969e+24,2.093665224642788789e+24,1.117628935660833828e+24,5.945595009074727968e+23,3.158376138464955046e+23,1.676752494759946811e+23
5.151515151515151728e-03,1.991127905746221451e+25,1.246691909007100599e+25,7.132415545768510994e+24,3.912239259667663535e+24,2.105843326033027817e+24,1.124254888890610924e+24,5.981130940930599661e+23,3.177317898170397077e+23,1.686822900616362323e+23
5.757575757575757354e-03,1.982216996997755608e+25,1.236552408241208120e+25,7.059096883400710449e+24,3.867762504147146631e+24,2.080832459509728985e+24,1.110648568428601375e+24,5.908162548056090214e+23,3.138424446667453408e+23,1.666145378008068197e+23
5.454545454545454974e-03,1.986805228024720968e+25,1.241764312282281203e+25,7.096746171907231361e+24,3.890589075482210432e+24,2.093665224642787983e+24,1.117628935660832888e+24,5.945595009074726626e+23,3.158376138464953704e+23,1.676752494759948153e+23
6.060606060606060601e-03,1.977360055899837523e+25,1.231055788800173559e+25,7.019477650022207360e+24,3.843769657889612538e+24,2.067351822791201740e+24,1.103317757835997916e+24,5.868855503346894635e+23,3.117474669431840372e+23,1.655007882195426314e+23
5.757575757575757354e-03,1.982216996997754319e+25,1.236552408241207476e+25,7.059096883400709375e+24,3.867762504147145020e+24,2.080832459509729254e+24,1.110648568428601509e+24,5.908162548056086188e+23,3.138424446667452066e+23,1.666145378008068197e+23
6.363636363636363848e-03,1.972231060873651876e+25,1.225274038782009329e+25,6.977899061209264797e+24,3.818621199597800356e+24,2.053230457307098964e+24,1.095640674492935762e+24,5.827696913135136387e+23,3.095539240319182071e+23,1.643346652166294161e+23
6.060606060606060601e-03,1.977360055899835375e+25,1.231055788800173559e+25,7.019477650022203065e+24,3.843769657889607706e+24,2.067351822791201471e+24,1.103317757835996842e+24,5.868855503346891280e+23,3.117474669431838359e+23,1.655007882195425642e+23
6.666666666666666227e-03,1.966826478166221448e+25,1.219206738230964051e+25,6.934372337338485695e+24,3.792328342421626281e+24,2.038475853436408176e+24,1.087621686438988962e+24,5.784710892527121303e+23,3.072631170854247465e+23,1.631168640899376365e+23
6.363636363636363848e-03,1.972231060873650588e+25,1.225274038782009114e+25,6.977899061209266945e+24,3.818621199597796598e+24,2.053230457307098964e+24,1.095640674492934689e+24,5.827696913135138400e+23,3.095539240319178045e+23,1.643346652166294161e+23
6.969696969696969474e-03,1.961142581188267080e+25,1.212853464905008680e+25,6.888909341714853896e+24,3.764902849404555164e+24,2.023095845906612237e+24,1.079265356516184220e+24,5.739922617202702098e+23,3.048764041275017842e+23,1.618481104466013837e+23
6.666666666666666227e-03,1.966826478166219300e+25,1.219206738230963192e+25,6.934372337338481400e+24,3.792328342421623596e+24,2.038475853436407370e+24,1.087621686438988022e+24,5.784710892527123987e+23,3.072631170854244781e+23,1.631168640899375694e+23
7.272727272727272721e-03,1.955175447428439030e+25,1.206213796943589303e+25,6.841522593213683694e+24,3.736357033104670584e+24,2.007098610455973632e+24,1.070576439643701477e+24,5.693358306480663896e+23,3.023951990953955463e+23,1.605291596810914690e+23
6.969696969696969474e-03,1.961142581188265791e+25,1.212853464905008466e+25,6.888909341714847453e+24,3.764902849404553017e+24,2.023095845906611431e+24,1.079265356516183012e+24,5.739922617202698743e+23,3.048764041275015158e+23,1.618481104466013166e+23
7.575757575757575968e-03,1.948920955215761605e+25,1.199287315711304581e+25,6.792225279528319763e+24,3.706703755172451640e+24,1.990492660354171531e+24,1.061559879988568092e+24,5.645045205768516120e+23,2.998209708478922553e+23,1.591607964349328649e+23
7.272727272727272721e-03,1.955175447428436882e+25,1.206213796943589089e+25,6.841522593213683694e+24,3.736357033104668973e+24,2.007098610455973363e+24,1.070576439643700134e+24,5.693358306480655172e+23,3.023951990953953450e+23,1.605291596810913684e+23
7.878787878787879215e-03,1.942374780324708476e+25,1.192073608819761417e+25,6.741031270986150369e+24,3.675956425858587419e+24,1.973286842770438520e+24,1.052220808028429497e+24,5.595011568382156986e+23,2.971552421387713527e+23,1.577438340377853433e+23
7.575757575757575968e-03,1.948920955215759887e+25,1.199287315711304796e+25,6.792225279528318689e+24,3.706703755172447882e+24,1.990492660354171263e+24,1.061559879988567689e+24,5.645045205768510751e+23,2.998209708478920875e+23,1.591607964349327307e+23
8.181818181818182462e-03,1.935532392418041610e+25,1.184572273331052336e+25,6.687955134901674037e+24,3.644129003429055066e+24,1.955490334980654577e+24,1.042564537503888718e+24,5.543286636728382946e+23,2.943995885554091898e+23,1.562791139298174178e+23
7.878787878787879215e-03,1.942374780324708476e+25,1.192073608819761202e+25,6.741031270986142852e+24,3.675956425858587419e+24,1.973286842770436640e+24,1.052220808028429228e+24,5.595011568382153631e+23,2.971552421387711514e+23,1.577438340377851084e+23
8.484848484848483974e-03,1.928389051322878349e+25,1.176782919147312321e+25,6.633012150438845185e+24,3.611235993466891774e+24,1.937112640406539783e+24,1.032596562258843090e+24,5.489900622848562687e+23,2.915556374226204602e+23,1.547675050654617368e+23
8.181818181818182462e-03,1.935532392418041610e+25,1.184572273331051477e+25,6.687955134901674037e+24,3.644129003429055066e+24,1.955490334980654577e+24,1.042564537503888181e+24,5.543286636728382946e+23,2.943995885554091227e+23,1.562791139298174178e+23
8.787878787878787221e-03,1.920939803135734173e+25,1.168705172591537199e+25,6.576218323956761417e+24,3.577292448041679653e+24,1.918163584481078276e+24,1.022322552967927612e+24,5.434884688325528540e+23,2.886250666720201728e+23,1.532099032987413418e+23
8.484848484848483974e-03,1.928389051322878779e+25,1.176782919147312535e+25,6.633012150438835522e+24,3.611235993466888553e+24,1.937112640406539247e+24,1.032596562258842284e+24,5.489900622848561345e+23,2.915556374226201246e+23,1.547675050654615690e+23
9.090909090909090468e-03,1.913179476152343040e+25,1.160338680185480902e+25,6.517590404814169287e+24,3.542313964728598277e+24,1.898653310335191047e+24,1.011748353750653450e+24,5.378270923558452042e+23,2.856096036773419685e+23,1.516072307504432137e+23
8.787878787878787221e-03,1.920939803135734388e+25,1.168705172591537414e+25,6.576218323956757122e+24,3.577292448041678043e+24,1.918163584481076665e+24,1.022322552967927209e+24,5.434884688325526526e+23,2.886250666720199715e+23,1.532099032987412747e+23
9.393939393939393714e-03,1.905102676618132132e+25,1.151683112631008757e+25,6.457145901608015168e+24,3.506316685459314241e+24,1.878592274301109731e+24,1.000879978672212182e+24,5.320092326412683649e+23,2.825110240562606915e+23,1.499604351574734254e+23
9.090909090909090468e-03,1.913179476152341751e+25,1.160338680185480473e+25,6.517590404814163918e+24,3.542313964728595593e+24,1.898653310335188900e+24,1.011748353750652779e+24,5.378270923558446673e+23,2.856096036773417001e+23,1.516072307504431130e+23
9.696969696969696961e-03,1.896703784295160626e+25,1.142738169001814411e+25,6.394903098821292539e+24,3.469317295187190148e+24,1.857991241228396939e+24,9.897236081311868403e+23,5.260382780253106256e+23,2.793311504393582936e+23,1.482704892047727306e+23
9.393939393939393714e-03,1.905102676618131273e+25,1.151683112631008327e+25,6.457145901608008726e+24,3.506316685459311557e+24,1.878592274301108120e+24,1.000879978672211108e+24,5.320092326412683649e+23,2.825110240562604566e+23,1.499604351574733247e+23
1.000000000000000021e-02,1.887976947841296662e+25,1.133503581152817948e+25,6.330881073854589843e+24,3.431333020349338430e+24,1.836861279608785523e+24,9.782855851346588483e+23,5.199177031370803123e+23,2.760718512069406328e+23,1.465383898402163649e+23
9.696969696969696961e-03,1.896703784295160626e+25,1.142738169001814411e+25,6.394903098821289317e+24,3.469317295187187464e+24,1.857991241228396402e+24,9.897236081311863034e+23,5.260382780253106256e+23,2.793311504393581929e+23,1.482704892047727306e+23
1.030303030303030346e-02,1.878916079997272052e+25,1.123979118355072966e+25,6.265099714414709041e+24,3.392381627107820960e+24,1.815213756506288316e+24,9.665724114613670332e+23,5.136510665814121875e+23,2.727350391944736638e+23,1.447651575729451885e+23
1.000000000000000021e-02,1.887976947841297521e+25,1.133503581152818162e+25,6.330881073854589843e+24,3.431333020349334672e+24,1.836861279608784449e+24,9.782855851346588483e+23,5.199177031370806479e+23,2.760718512069405321e+23,1.465383898402163985e+23
1.060606060606060670e-02,1.869514852577147533e+25,1.114164592164408151e+25,6.197579736232421468e+24,3.352481419352123116e+24,1.793060332289216999e+24,9.545907437137587905e+23,5.072420085635950439e+23,2.693226703674554335e+23,1.429518357556063875e+23
1.030303030303030346e-02,1.878916079997270978e+25,1.123979118355072966e+25,6.265099714414705820e+24,3.392381627107816665e+24,1.815213756506287511e+24,9.665724114613664964e+23,5.136510665814119861e+23,2.727350391944735967e+23,1.447651575729451885e+23
1.090909090909090995e-02,1.859766691257628377e+25,1.104059861532495910e+25,6.128342701079985559e+24,3.311651236444790409e+24,1.770412955160898808e+24,9.423473892599041926e+23,5.006942484569989170e+23,2.658367424665845519e+23,1.410994898510029080e+23
1.060606060606060670e-02,1.869514852577146888e+25,1.114164592164407722e+25,6.197579736232416099e+24,3.352481419352119894e+24,1.793060332289215657e+24,9.545907437137581195e+23,5.072420085635948426e+23,2.693226703674552321e+23,1.429518357556063539e+23
1.121212121212121146e-02,1.849664770161423869e+25,1.093664838169452756e+25,6.057411035057300831e+24,3.269910450691658387e+24,1.747283855486049430e+24,9.298493020663937614e+23,4.940115823149463728e+23,2.622792936241239624e+23,1.392092066836706755e+23
1.090909090909090995e-02,1.859766691257628592e+25,1.104059861532496124e+25,6.128342701079987707e+24,3.311651236444789335e+24,1.770412955160898003e+24,9.423473892599040584e+23,5.006942484569989170e+23,2.658367424665844177e+23,1.410994898510029416e+23
1.151515151515151471e-02,1.839202006229760817e+25,1.082979492167538280e+25,5.984808047113572087e+24,3.227278964517923447e+24,1.723685539909893865e+24,9.171035784234412865e+23,4.871978803282405155e+23,2.586524009523913467e+23,1.372820936769196974e+23
1.121212121212121146e-02,1.849664770161422795e+25,1.093664838169451038e+25,6.057411035057297610e+24,3.269910450691657314e+24,1.747283855486049162e+24,9.298493020663932246e+23,4.940115823149459031e+23,2.622792936241237611e+23,1.392092066836705748e+23
1.181818181818181795e-02,1.828371053378970172e+25,1.072003857895956097e+25,5.910557947769578672e+24,3.183777207330784651e+24,1.699630785267260436e+24,9.041174525635654058e+23,4.802570842298293284e+23,2.549581791053421300e+23,1.353192780758928515e+23
1.151515151515151471e-02,1.839202006229760173e+25,1.082979492167537421e+25,5.984808047113565645e+24,3.227278964517921299e+24,1.723685539909892523e+24,9.171035784234407496e+23,4.871978803282399115e+23,2.586524009523911118e+23,1.372820936769196471e+23
1.212121212121212120e-02,1.817164296435848248e+25,1.060738040177226635e+25,5.834685868003170728e+24,3.139426132049133778e+24,1.675132632279059955e+24,8.908982921753109107e+23,4.731932046481428746e+23,2.511987788142369560e+23,1.333219061572071777e+23
1.181818181818181795e-02,1.828371053378969743e+25,1.072003857895955024e+25,5.910557947769575451e+24,3.183777207330783040e+24,1.699630785267259899e+24,9.041174525635646005e+23,4.802570842298287244e+23,2.549581791053420629e+23,1.353192780758928515e+23
1.242424242424242445e-02,1.805573844846349542e+25,1.049182220756069942e+25,5.757217878258373544e+24,3.094247211280309114e+24,1.650204379033660585e+24,8.774535938136069647e+23,4.660103184106960517e+23,2.473763853984123102e+23,1.312911424257600468e+23
1.212121212121212120e-02,1.817164296435846745e+25,1.060738040177225776e+25,5.834685868003170728e+24,3.139426132049131630e+24,1.675132632279060224e+24,8.908982921753098369e+23,4.731932046481423377e+23,2.511987788142368889e+23,1.333219061572071273e+23
1.272727272727272770e-02,1.793591526151952320e+25,1.037336665072214570e+25,5.678181007535867569e+24,3.048262433123640212e+24,1.624859574250865137e+24,8.637909782084731105e+23,4.587125657996072405e+23,2.434932172522038399e+23,1.292281687992925757e+23
1.242424242424242445e-02,1.805573844846348898e+25,1.049182220756069083e+25,5.757217878258374618e+24,3.094247211280310724e+24,1.650204379033660585e+24,8.774535938136065620e+23,4.660103184106955819e+23,2.473763853984121424e+23,1.312911424257600468e+23
1.303030303030303094e-02,1.781208879227822307e+25,1.025201729349066075e+25,5.597603262520087324e+24,3.001494296580100662e+24,1.599112010326366698e+24,8.499181854738895675e+23,4.513041477607319121e+23,2.395515243090874907e+23,1.271341837813133282e+23
1.272727272727272770e-02,1.793591526151951676e+25,1.037336665072213926e+25,5.678181007535867569e+24,3.048262433123640212e+24,1.624859574250864332e+24,8.637909782084723052e+23,4.587125657996065694e+23,2.434932172522035379e+23,1.292281687992925254e+23
1.333333333333333245e-02,1.768417147276708273e+25,1.012777868010639438e+25,5.515513646695029909e+24,2.953965806547092791e+24,1.572975716154751438e+24,8.358430702187840159e+23,4.437893230681710542e+23,2.355535864841337087e+23,1.250104016229991837e+23
1.303030303030303094e-02,1.781208879227824025e+25,1.025201729349065860e+25,5.597603262520085176e+24,3.001494296580101199e+24,1.599112010326366698e+24,8.499181854738892991e+23,4.513041477607319121e+23,2.395515243090873565e+23,1.271341837813134456e+23
1.363636363636363570e-02,1.755207270572276319e+25,1.000065641439747474e+25,5.431942179398162307e+24,2.905700468377054811e+24,1.546464949729279351e+24,8.215735965621925613e+23,4.361724054459536061e+23,2.315017120958870716e+23,1.228580514746959932e+23
1.333333333333333245e-02,1.768417147276707629e+25,1.012777868010639224e+25,5.515513646695027761e+24,2.953965806547092254e+24,1.572975716154750095e+24,8.358430702187834790e+23,4.437893230681707858e+23,2.355535864841333396e+23,1.250104016229991333e+23
1.393939393939393895e-02,1.741569878945359866e+25,9.870657240909223932e+24,5.346919914758333419e+24,2.856722281978309279e+24,1.519594190516977282e+24,8.071178330547857140e+23,4.284577606487505434e+23,2.273982362688080388e+23,1.206783765276567745e+23
1.363636363636363570e-02,1.755207270572274816e+25,1.000065641439746830e+25,5.431942179398160159e+24,2.905700468377054274e+24,1.546464949729279888e+24,8.215735965621921587e+23,4.361724054459535390e+23,2.315017120958868368e+23,1.228580514746959093e+23
1.424242424242424220e-02,1.727495284006400522e+25,9.737789129721532983e+24,5.260478960460324049e+24,2.807055735436264646e+24,1.492378131607686740e+24,7.924839475090644386e+23,4.206498035035235502e+23,2.232455193174278039e+23,1.184726331466567427e+23
1.393939393939393895e-02,1.741569878945359222e+25,9.870657240909215343e+24,5.346919914758331271e+24,2.856722281978309279e+24,1.519594190516976477e+24,8.071178330547849087e+23,4.284577606487503421e+23,2.273982362688077703e+23,1.206783765276566739e+23
1.454545454545454544e-02,1.712973471097055821e+25,9.602061365100926378e+24,5.172652496275117154e+24,2.756725798132923811e+24,1.464831671636107928e+24,7.776802017406777620e+23,4.127529949140598726e+23,2.190459451133932402e+23,1.162420899941398054e+23
1.424242424242424220e-02,1.727495284006399234e+25,9.737789129721530836e+24,5.260478960460324049e+24,2.807055735436263572e+24,1.492378131607687277e+24,7.924839475090648413e+23,4.206498035035232818e+23,2.232455193174276361e+23,1.184726331466566924e+23
1.484848484848484869e-02,1.697994090963778912e+25,9.463484638139792929e+24,5.083474792291055838e+24,2.705757913342396483e+24,1.436969906476016166e+24,7.627149462234076451e+23,4.047718388303927276e+23,2.148019194365901328e+23,1.139880271465531509e+23
1.454545454545454544e-02,1.712973471097055176e+25,9.602061365100924230e+24,5.172652496275112859e+24,2.756725798132921663e+24,1.464831671636108197e+24,7.776802017406778962e+23,4.127529949140595371e+23,2.190459451133931731e+23,1.162420899941397215e+23
1.515151515151515194e-02,1.682546451145870548e+25,9.322071143541578635e+24,4.992981226777171758e+24,2.654177990279995050e+24,1.408808120706212066e+24,7.475966146605414456e+23,3.967108791851514698e+23,2.105158683115517861e+23,1.117117352035367214e+23
1.484848484848484869e-02,1.697994090963778912e+25,9.463484638139790781e+24,5.083474792291049396e+24,2.705757913342393262e+24,1.436969906476015361e+24,7.627149462234073766e+23,4.047718388303927276e+23,2.148019194365898979e+23,1.139880271465530838e+23
1.545454545454545518e-02,1.666619507070258881e+25,9.177834680717223691e+24,4.901208303605744650e+24,2.602012395582377748e+24,1.380361778848024284e+24,7.323337184754552401e+23,3.885746967989308851e+23,2.061902363303795218e+23,1.094145143906394995e+23
1.515151515151515194e-02,1.682546451145870548e+25,9.322071143541573266e+24,4.992981226777168537e+24,2.654177990279993439e+24,1.408808120706211261e+24,7.475966146605409087e+23,3.967108791851513356e+23,2.105158683115516183e+23,1.117117352035366207e+23
1.575757575757575843e-02,1.650201852845010083e+25,9.030790759364730387e+24,4.808193669156594606e+24,2.549287944196115384e+24,1.351646516374545227e+24,7.169348412243813314e+23,3.803679062568173620e+23,2.018274849634121847e+23,1.070976736562411293e+23
1.545454545454545518e-02,1.666619507070258451e+25,9.177834680717217249e+24,4.901208303605742502e+24,2.602012395582375063e+24,1.380361778848023211e+24,7.323337184754549716e+23,3.885746967989308851e+23,2.061902363303795554e+23,1.094145143906393821e+23
1.606060606060605994e-02,1.633281711743279184e+25,8.880956709710596950e+24,4.713976128621044753e+24,2.496031889652085248e+24,1.322678130492087726e+24,7.014086329344643972e+23,3.720951527582453297e+23,1.974300908588948280e+23,1.047625297633612839e+23
1.575757575757575843e-02,1.650201852845011371e+25,9.030790759364727165e+24,4.808193669156592996e+24,2.549287944196114847e+24,1.351646516374544421e+24,7.169348412243820025e+23,3.803679062568174292e+23,2.018274849634122518e+23,1.070976736562410789e+23
1.636363636363636492e-02,1.615846926369131188e+25,8.728351797599323510e+24,4.618595661618600043e+24,2.442271913703143641e+24,1.293472570694777524e+24,6.857638043703625363e+23,3.637611089424111045e+23,1.930005441329168489e+23,1.024104063770458052e+23
1.606060606060605994e-02,1.633281711743278754e+25,8.880956709710596950e+24,4.713976128621042068e+24,2.496031889652085248e+24,1.322678130492086921e+24,7.014086329344645315e+23,3.720951527582453297e+23,1.974300908588947273e+23,1.047625297633612839e+23
1.666666666666666644e-02,1.597884948496381603e+25,8.572997344624152018e+24,4.522093437034000900e+24,2.388036115302578370e+24,1.264045929093546419e+24,6.700091212327781830e+23,3.553704716914979955e+23,1.885413466508960842e+23,1.000426331480209018e+23
1.636363636363636492e-02,1.615846926369130759e+25,8.728351797599333173e+24,4.618595661618601653e+24,2.442271913703144178e+24,1.293472570694778061e+24,6.857638043703632074e+23,3.637611089424113730e+23,1.930005441329168824e+23,1.024104063770458723e+23
1.696969696969696795e-02,1.579382828571307454e+25,8.414916853500262591e+24,4.424511826977053418e+24,2.333352998901107233e+24,1.234414430521203267e+24,6.541533982924611655e+23,3.469279589140208120e+23,1.840550103018959148e+23,9.766054479331234886e+22
1.666666666666666644e-02,1.597884948496383106e+25,8.572997344624156313e+24,4.522093437034003048e+24,2.388036115302577833e+24,1.264045929093546419e+24,6.700091212327791226e+23,3.553704716914980626e+23,1.885413466508961178e+23,1.000426331480209018e+23
1.727272727272727293e-02,1.560327204869747448e+25,8.254136138889444058e+24,4.325894419761784303e+24,2.278251462040393076e+24,1.204594422415749919e+24,6.382054934633570422e+23,3.384383063106267046e+23,1.795440552670784976e+23,9.526548017452643097e+22
1.696969696969696795e-02,1.579382828571307669e+25,8.414916853500256149e+24,4.424511826977055566e+24,2.333352998901106965e+24,1.234414430521202731e+24,6.541533982924611655e+23,3.469279589140206778e+23,1.840550103018958142e+23,9.766054479331226498e+22
1.757575757575757444e-02,1.540704292298824713e+25,8.090683463893511456e+24,4.226286031795448831e+24,2.222760782221353622e+24,1.174602364484489270e+24,6.221743018187370644e+23,3.299062641247332283e+23,1.750110082836005682e+23,9.285878137449760581e+22
1.727272727272727293e-02,1.560327204869747019e+25,8.254136138889441910e+24,4.325894419761788598e+24,2.278251462040394419e+24,1.204594422415750322e+24,6.382054934633574448e+23,3.384383063106271744e+23,1.795440552670784641e+23,9.526548017452643097e+22
1.787878787878787942e-02,1.520499870833184375e+25,7.924589682442309516e+24,4.125732718261523800e+24,2.166910603026007323e+24,1.144454818152011499e+24,6.060687495542758965e+23,3.213365938804120302e+23,1.704584009052705018e+23,9.044179277300050271e+22
1.757575757575757444e-02,1.540704292298824069e+25,8.090683463893505014e+24,4.226286031795449904e+24,2.222760782221352012e+24,1.174602364484489270e+24,6.221743018187370644e+23,3.299062641247332283e+23,1.750110082836005346e+23,9.285878137449753870e+22
1.818181818181818094e-02,1.499699273575308094e+25,7.755888387810956602e+24,4.024281782474240791e+24,2.110730919472110548e+24,1.114168435795632706e+24,5.898977879022048945e+23,3.127340651099715283e+23,1.658887677612894842e+23,8.801586012223640175e+22
1.787878787878787942e-02,1.520499870833185448e+25,7.924589682442309516e+24,4.125732718261524337e+24,2.166910603026008665e+24,1.144454818152012438e+24,6.060687495542761650e+23,3.213365938804120302e+23,1.704584009052707032e+23,9.044179277300055304e+22
1.848484848484848592e-02,1.478287374429092579e+25,7.584616067510140435e+24,3.921981783775011314e+24,2.054252062580352251e+24,1.083759949772365643e+24,5.736703870008061130e+23,3.041034520737187900e+23,1.613046448144069889e+23,8.558232962279494438e+22
1.818181818181818094e-02,1.499699273575307450e+25,7.755888387810950159e+24,4.024281782474238643e+24,2.110730919472110280e+24,1.114168435795632438e+24,5.898977879022048274e+23,3.127340651099716625e+23,1.658887677612895513e+23,8.801586012223640175e+22
1.878787878787878743e-02,1.456248575375591496e+25,7.410812264802973913e+24,3.818882543833951823e+24,1.997504683134742509e+24,1.053246161242084707e+24,5.573955297236724681e+23,2.954495304744055498e+23,1.567085676198288142e+23,8.314254700079860417e+22
1.848484848484848592e-02,1.478287374429093008e+25,7.584616067510140435e+24,3.921981783775012387e+24,2.054252062580352519e+24,1.083759949772365509e+24,5.736703870008067170e+23,3.041034520737188571e+23,1.613046448144071566e+23,8.558232962279497794e+22
1.909090909090909241e-02,1.433566793339373558e+25,7.234519747111365009e+24,3.715035151211662437e+24,1.940519734617498968e+24,1.022643928792077022e+24,5.410822054732799431e+23,2.867770741689094096e+23,1.521030695862116685e+23,8.069785658693362123e+22
1.878787878787878743e-02,1.456248575375591066e+25,7.410812264802972839e+24,3.818882543833948065e+24,1.997504683134742241e+24,1.053246161242084304e+24,5.573955297236721326e+23,2.954495304744054156e+23,1.567085676198287471e+23,8.314254700079860417e+22
1.939393939393939392e-02,1.410225446633635163e+25,7.055784681585542796e+24,3.610491964028621586e+24,1.883328455300807836e+24,9.919701568687974059e+23,5.247394039436107296e+23,2.780908518797069664e+23,1.474906802400926053e+23,7.824960039807189254e+22
1.909090909090909241e-02,1.433566793339373558e+25,7.234519747111365009e+24,3.715035151211662437e+24,1.940519734617498163e+24,1.022643928792076753e+24,5.410822054732802116e+23,2.867770741689094431e+23,1.521030695862117356e+23,8.069785658693363800e+22
1.969696969696969543e-02,1.386207440971773440e+25,6.874656818120530627e+24,3.505306610580655903e+24,1.825962349478862899e+24,9.612417840232377247e+23,5.083761088566478011e+23,2.693956239087394399e+23,1.428739234950903685e+23,7.579911722218468619e+22
1.939393939393939392e-02,1.410225446633635593e+25,7.055784681585538501e+24,3.610491964028623197e+24,1.883328455300807299e+24,9.919701568687978085e+23,5.247394039436102599e+23,2.780908518797069664e+23,1.474906802400925550e+23,7.824960039807195965e+22
2.000000000000000042e-02,1.361495155032759447e+25,6.691189680114671534e+24,3.399533987730215125e+24,1.768453167824792325e+24,9.304757709769523730e+23,4.920012916777663657e+23,2.606961388562801240e+23,1.382553159272273512e+23,7.334774170724923238e+22
1.969696969696969543e-02,1.386207440971772581e+25,6.874656818120522037e+24,3.505306610580652682e+24,1.825962349478861288e+24,9.612417840232375905e+23,5.083761088566473313e+23,2.693956239087392721e+23,1.428739234950902343e+23,7.579911722218466941e+22
2.030303030303030193e-02,1.336070425567223884e+25,6.505440763276492829e+24,3.293230256893695277e+24,1.710832886858543348e+24,8.996890885164497476e+23,4.756239053151418670e+23,2.519971303474424510e+23,1.336373650577140262e+23,7.089680345484416883e+22
2.000000000000000042e-02,1.361495155032760306e+25,6.691189680114676902e+24,3.399533987730215125e+24,1.768453167824792862e+24,9.304757709769522387e+23,4.920012916777663657e+23,2.606961388562800569e+23,1.382553159272273344e+23,7.334774170724925755e+22
2.060606060606060691e-02,1.309914532030721665e+25,6.317471742797828789e+24,3.186452837435052592e+24,1.653133687513204723e+24,8.688987052243163116e+23,4.592528778084498255e+23,2.433033137689781265e+23,1.290225676445348727e+23,6.844762611912741906e+22
2.030303030303030193e-02,1.336070425567223669e+25,6.505440763276497124e+24,3.293230256893695277e+24,1.710832886858543079e+24,8.996890885164493449e+23,4.756239053151414644e+23,2.519971303474422161e+23,1.336373650577139759e+23,7.089680345484418561e+22
2.090909090909090842e-02,1.283008180730268468e+25,6.127348689223850515e+24,3.079260397265775801e+24,1.595387932789107132e+24,8.381215750561415331e+23,4.428971060122752207e+23,2.346193830190392541e+23,1.244134079841774716e+23,6.600152651188731380e+22
2.060606060606060691e-02,1.309914532030722095e+25,6.317471742797834158e+24,3.186452837435054739e+24,1.653133687513205260e+24,8.688987052243164458e+23,4.592528778084500269e+23,2.433033137689783278e+23,1.290225676445348895e+23,6.844762611912749456e+22
2.121212121212121340e-02,1.255331488469698404e+25,5.935142293362625430e+24,2.971712840440190589e+24,1.537628144486793748e+24,8.073746247730109937e+23,4.265654492797558808e+23,2.259500072725781676e+23,1.198123562248342801e+23,6.355981371434847122e+22
2.090909090909090842e-02,1.283008180730267824e+25,6.127348689223847294e+24,3.079260397265776875e+24,1.595387932789106327e+24,8.381215750561412646e+23,4.428971060122751536e+23,2.346193830190392877e+23,1.244134079841774044e+23,6.600152651188729702e+22
2.151515151515151492e-02,1.226863965679035057e+25,5.740928100590607068e+24,2.863871291523854171e+24,1.479886979012167012e+24,7.766747412400680552e+23,4.102667231521304467e+23,2.172998277650841558e+23,1.152218666924088796e+23,6.112378819641684577e+22
2.121212121212121340e-02,1.255331488469698834e+25,5.935142293362629725e+24,2.971712840440191662e+24,1.537628144486794284e+24,8.073746247730109937e+23,4.265654492797558808e+23,2.259500072725783354e+23,1.198123562248343808e+23,6.355981371434850478e+22
2.181818181818181990e-02,1.197584499012472203e+25,5.544786754923476040e+24,2.755798076500633593e+24,1.422197202249334372e+24,7.460387586023712631e+23,3.940096930599673046e+23,2.086734545973460997e+23,1.106443762306424976e+23,5.869474094403267697e+22
2.151515151515151492e-02,1.226863965679035057e+25,5.740928100590608141e+24,2.863871291523853634e+24,1.479886979012166475e+24,7.766747412400676526e+23,4.102667231521301112e+23,2.172998277650840216e+23,1.152218666924088628e+23,6.112378819641682061e+22
2.212121212121212141e-02,1.167471333399196954e+25,5.346804253236336624e+24,2.647556699971696630e+24,1.364591663499265882e+24,7.154834453500492366e+23,3.778030680419848317e+23,2.000754635639536621e+23,1.060823025566787903e+23,5.627395259530262820e+22
2.181818181818181990e-02,1.197584499012472418e+25,5.544786754923477114e+24,2.755798076500634130e+24,1.422197202249334372e+24,7.460387586023712631e+23,3.940096930599675059e+23,2.086734545973460662e+23,1.106443762306425479e+23,5.869474094403267697e+22
2.242424242424242292e-02,1.136502053530645981e+25,5.147072210031599252e+24,2.539211818386345888e+24,1.307103268485115685e+24,6.850254912854810469e+23,3.616554944874449060e+23,1.915103930082294707e+23,1.015380426333641329e+23,5.386269258606864813e+22
2.212121212121212141e-02,1.167471333399196310e+25,5.346804253236339845e+24,2.647556699971698240e+24,1.364591663499265882e+24,7.154834453500492366e+23,3.778030680419849659e+23,2.000754635639535950e+23,1.060823025566787568e+23,5.627395259530260303e+22
2.272727272727272790e-02,1.104653564767391608e+25,4.945688133168123131e+24,2.430829209030916120e+24,1.249764951428083845e+24,6.546814944060447853e+23,3.455755499082509472e+23,1.829827407063006755e+23,9.701397105957986003e+22,5.146221830556846182e+22
2.242424242424242292e-02,1.136502053530645766e+25,5.147072210031601399e+24,2.539211818386343741e+24,1.307103268485115148e+24,6.850254912854814496e+23,3.616554944874448389e+23,1.915103930082294371e+23,1.015380426333641161e+23,5.386269258606863136e+22
2.303030303030302942e-02,1.071902073448204105e+25,4.742755710980906874e+24,2.322475734487490886e+24,1.192609646201024287e+24,6.244679477167238131e+23,3.295717367469364478e+23,1.744969607830037961e+23,9.251243847988385782e+22,4.907377426283066137e+22
2.272727272727272790e-02,1.104653564767393111e+25,4.945688133168125278e+24,2.430829209030915047e+24,1.249764951428084919e+24,6.546814944060450537e+23,3.455755499082512157e+23,1.829827407063007426e+23,9.701397105957989358e+22,5.146221830556848698e+22
2.333333333333333440e-02,1.038223066583352041e+25,4.538385111236877920e+24,2.214219302259036718e+24,1.135670256570528866e+24,5.944012259876517320e+23,3.136524762268288764e+23,1.660574606623052021e+23,8.803577001472716230e+22,4.669859126444064716e+22
2.303030303030302942e-02,1.071902073448204105e+25,4.742755710980903653e+24,2.322475734487489007e+24,1.192609646201023884e+24,6.244679477167235447e+23,3.295717367469364478e+23,1.744969607830036619e+23,9.251243847988380749e+22,4.907377426283066137e+22
2.363636363636363591e-02,1.003591290913605539e+25,4.332693292389294500e+24,2.106128819241731341e+24,1.078979625542197715e+24,5.644975724724804743e+23,2.978261022507606359e+23,1.576685980549194323e+23,8.358626371249934382e+22,4.433788560430441746e+22
2.333333333333333440e-02,1.038223066583352470e+25,4.538385111236876310e+24,2.214219302259037791e+24,1.135670256570528866e+24,5.944012259876517991e+23,3.136524762268290777e+23,1.660574606623053028e+23,8.803577001472716230e+22,4.669859126444063877e+22
2.393939393939394089e-02,9.679807313158182466e+24,4.125804327610543967e+24,1.998274140708586215e+24,1.022570503827941895e+24,5.347730856042004197e+23,2.821008553547444970e+23,1.493346779857759691e+23,7.916618902463548332e+22,4.199285826602606474e+22
2.363636363636363591e-02,1.003591290913605754e+25,4.332693292389292889e+24,2.106128819241730536e+24,1.078979625542197715e+24,5.644975724724800717e+23,2.978261022507605353e+23,1.576685980549193652e+23,8.358626371249934382e+22,4.433788560430443423e+22
2.424242424242424240e-02,9.313645885353395348e+24,3.917849742101688986e+24,1.890726013451172944e+24,9.664755174587990907e+23,5.052437056858666796e+23,2.664848767231091739e+23,1.410599498639795468e+23,7.477778530500388218e+22,3.966469413850539937e+22
2.393939393939394089e-02,9.679807313158182466e+24,4.125804327610548799e+24,1.998274140708586215e+24,1.022570503827942701e+24,5.347730856042004868e+23,2.821008553547446983e+23,1.493346779857759356e+23,7.916618902463548332e+22,4.199285826602606474e+22
2.454545454545454392e-02,8.937152562249247710e+24,3.708968864195318913e+24,1.783556012707910420e+24,9.107271345716339472e+23,4.759252015944045649e+23,2.509862022716151740e+23,1.328486045978778172e+23,7.042326033477287700e+22,3.735456124535065438e+22
2.424242424242424240e-02,9.313645885353398570e+24,3.917849742101687912e+24,1.890726013451171065e+24,9.664755174587990907e+23,5.052437056858668138e+23,2.664848767231091739e+23,1.410599498639795972e+23,7.477778530500384863e+22,3.966469413850538259e+22
2.484848484848484890e-02,8.550042972691042323e+24,3.499309190788451643e+24,1.676836472488425022e+24,8.553576314034765410e+23,4.468331575164636286e+23,2.356127568051286279e+23,1.247047717578256836e+23,6.610478887393650803e+22,3.506360998869021911e+22
2.454545454545454392e-02,8.937152562249244489e+24,3.708968864195318376e+24,1.783556012707908810e+24,9.107271345716336787e+23,4.759252015944044307e+23,2.509862022716152747e+23,1.328486045978778340e+23,7.042326033477284345e+22,3.735456124535065857e+22
2.515151515151515041e-02,8.152024193723605856e+24,3.289026767661813046e+24,1.570640408883438138e+24,8.003990575329477101e+23,4.179829597360054631e+23,2.203723482564270186e+23,1.166325167892071449e+23,6.182451124065583864e+22,3.279297240795429260e+22
2.484848484848484890e-02,8.550042972691041249e+24,3.499309190788451643e+24,1.676836472488423949e+24,8.553576314034768094e+23,4.468331575164636957e+23,2.356127568051287622e+23,1.247047717578257507e+23,6.610478887393651642e+22,3.506360998869024427e+22
2.545454545454545539e-02,7.742794498887312845e+24,3.078286585263181586e+24,1.465041435928745373e+24,7.458832004144381611e+23,3.893897834940182246e+23,2.052726620127393816e+23,1.086358382782362136e+23,5.758453191955025861e+22,3.054376145418540653e+22
2.515151515151515041e-02,8.152024193723599413e+24,3.289026767661811435e+24,1.570640408883435990e+24,8.003990575329469048e+23,4.179829597360053960e+23,2.203723482564270521e+23,1.166325167892070777e+23,6.182451124065577153e+22,3.279297240795428841e+22
2.575757575757575690e-02,7.322043098697937050e+24,2.867262990554069004e+24,1.360113673570070154e+24,6.918415492573825073e+23,3.610685799414618118e+23,1.903212553366120075e+23,1.007186652730287288e+23,5.338691820005285377e+22,2.831707028042425146e+22
2.545454545454545539e-02,7.742794498887317140e+24,3.078286585263182123e+24,1.465041435928745642e+24,7.458832004144385638e+23,3.893897834940184259e+23,2.052726620127394823e+23,1.086358382782362639e+23,5.758453191955029216e+22,3.054376145418541911e+22
2.606060606060606188e-02,6.889449873071901529e+24,2.656140115541447001e+24,1.255931647252498364e+24,6.383052583100656187e+23,3.330340632071625423e+23,1.755255518876609785e+23,9.288485466238290913e+22,4.923369884591114211e+22,2.611397154870155805e+22
2.575757575757575690e-02,7.322043098697938124e+24,2.867262990554067393e+24,1.360113673570069885e+24,6.918415492573825073e+23,3.610685799414618789e+23,1.903212553366118397e+23,1.007186652730286953e+23,5.338691820005285377e+22,2.831707028042423049e+22
2.636363636363636340e-02,6.444685095451753523e+24,2.445112323139759304e+24,1.152570178634459034e+24,5.853051096151543031e+23,3.053006976030208866e+23,1.608928363517613672e+23,8.513818861467438206e+22,4.512686279689703627e+22,2.393551675415546823e+22
2.606060606060606188e-02,6.889449873071902602e+24,2.656140115541450222e+24,1.255931647252498632e+24,6.383052583100661556e+23,3.330340632071627436e+23,1.755255518876609785e+23,9.288485466238294268e+22,4.923369884591115049e+22,2.611397154870155385e+22
2.666666666666666491e-02,5.987409148378261370e+24,2.234384671032395151e+24,1.050104266900977383e+24,5.328714753123142840e+23,2.778826849894239652e+23,1.464302491841451073e+23,7.748237207920844367e+22,4.106835790375496240e+22,2.178273556677637911e+22
2.636363636363636340e-02,6.444685095451758892e+24,2.445112323139760378e+24,1.152570178634459302e+24,5.853051096151543702e+23,3.053006976030210209e+23,1.608928363517613672e+23,8.513818861467438206e+22,4.512686279689706983e+22,2.393551675415546823e+22
2.696969696969696989e-02,5.517272230247944658e+24,2.024173394227167647e+24,9.486089601248254671e+23,4.810342795721613456e+23,2.507939523242805470e+23,1.321447814728383128e+23,6.992103035233044215e+22,3.706008969739278012e+22,1.965663519126853779e+22
2.666666666666666491e-02,5.987409148378264591e+24,2.234384671032394882e+24,1.050104266900976175e+24,5.328714753123141498e+23,2.778826849894238645e+23,1.464302491841449395e+23,7.748237207920844367e+22,4.106835790375497918e+22,2.178273556677638331e+22
2.727272727272727140e-02,5.033914052986305098e+24,1.814706407026092008e+24,8.481592160967277538e+23,4.298229602552008231e+23,2.240481394195267930e+23,1.180432699287711064e+23,6.245770671052814706e+22,3.310392019328841023e+22,1.755819974550072433e+22
2.696969696969696989e-02,5.517272230247946806e+24,2.024173394227168721e+24,9.486089601248253329e+23,4.810342795721612114e+23,2.507939523242807148e+23,1.321447814728382792e+23,6.992103035233045053e+22,3.706008969739280528e+22,1.965663519126854618e+22
2.757575757575757638e-02,4.536963530358759908e+24,1.606223825156804633e+24,7.488297520170708605e+23,3.792664303995456712e+23,1.976585869293092455e+23,1.041323920087967890e+23,5.509586011270519613e+22,2.920166673205348532e+22,1.548838965800247440e+22
2.727272727272727140e-02,5.033914052986301877e+24,1.814706407026089861e+24,8.481592160967272169e+23,4.298229602552004875e+23,2.240481394195267594e+23,1.180432699287710728e+23,6.245770671052814706e+22,3.310392019328839765e+22,1.755819974550071175e+22
2.787878787878787790e-02,4.026038456632280479e+24,1.398978508840980841e+24,6.506948824116735676e+23,3.293930396520332394e+23,1.716383245943519471e+23,9.041866117774406635e+22,4.783886297373714940e+22,2.535510085706552915e+22,1.344814108494726483e+22
2.757575757575757638e-02,4.536963530358763666e+24,1.606223825156804364e+24,7.488297520170711290e+23,3.792664303995457383e+23,1.976585869293092120e+23,1.041323920087968058e+23,5.509586011270520452e+22,2.920166673205349371e+22,1.548838965800248069e+22
2.818181818181818288e-02,3.500745175291721272e+24,1.193236627603860423e+24,5.538283446026638752e+23,2.802305357688669985e+23,1.460000597671751283e+23,7.690842231548471883e+22,4.068999901135219825e+22,2.156594723004348367e+22,1.143836534704479352e+22
2.787878787878787790e-02,4.026038456632281016e+24,1.398978508840981647e+24,6.506948824116731650e+23,3.293930396520331723e+23,1.716383245943519807e+23,9.041866117774406635e+22,4.783886297373714101e+22,2.535510085706552076e+22,1.344814108494726273e+22
2.848484848484848439e-02,2.960678237505588642e+24,9.892782476591977170e+23,4.583031110328871069e+23,2.318060263243066156e+23,1.207561662429407478e+23,6.360784727485328235e+22,3.365246116830960943e+22,1.783588258541061800e+22,9.459948386750237245e+21
2.818181818181818288e-02,3.500745175291720735e+24,1.193236627603860692e+24,5.538283446026641437e+23,2.802305357688670320e+23,1.460000597671752289e+23,7.690842231548475238e+22,4.068999901135219825e+22,2.156594723004348786e+22,1.143836534704479561e+22
2.878787878787878937e-02,2.405420050026272517e+24,7.873979427349557705e+23,3.641911877078306741e+23,1.841459407790390609e+23,9.591867342063893322e+22,5.052293059607519455e+22,2.672934961176858382e+22,1.416653472425075697e+22,7.513750246178138620e+21
2.848484848484848439e-02,2.960678237505585957e+24,9.892782476591975828e+23,4.583031110328867713e+23,2.318060263243064143e+23,1.207561662429407310e+23,6.360784727485324879e+22,3.365246116830960104e+22,1.783588258541059493e+22,9.459948386750237245e+21
2.909090909090909088e-02,1.834540512199858884e+24,5.879054292373485828e+23,2.715633979833581610e+23,1.372759930739452941e+23,7.149925581918089039e+22,3.765948538318139425e+22,1.992366981166631852e+22,1.055948154862991678e+22,5.600604566092827853e+21
2.878787878787878937e-02,2.405420050026274128e+24,7.873979427349561732e+23,3.641911877078308755e+23,1.841459407790390609e+23,9.591867342063895000e+22,5.052293059607516938e+22,2.672934961176858801e+22,1.416653472425074858e+22,7.513750246178145960e+21
2.939393939393939240e-02,1.247596641750275099e+24,3.911262266842045166e+23,1.804891508899721385e+23,9.122114492989857333e+22,4.750922297262905229e+22,2.502313934766797436e+22,1.323833069983610857e+22,7.016250137016004510e+21,3.721318106327166222e+21
2.909090909090909088e-02,1.834540512199858348e+24,5.879054292373492539e+23,2.715633979833582281e+23,1.372759930739453948e+23,7.149925581918084845e+22,3.765948538318138166e+22,1.992366981166632691e+22,1.055948154862991258e+22,5.600604566092824707e+21
2.969696969696969738e-02,6.441321889922173748e+23,1.974023443733617941e+23,9.103619314527814812e+22,4.600557005020485963e+22,2.395950972833729662e+22,1.261933102444474846e+22,6.676142911516146926e+21,3.538315861493427470e+21,1.876670287964506161e+21
2.939393939393939240e-02,1.247596641750273489e+24,3.911262266842045837e+23,1.804891508899719707e+23,9.122114492989853978e+22,4.750922297262899357e+22,2.502313934766795758e+22,1.323833069983610857e+22,7.016250137015996121e+21,3.721318106327163077e+21
2.999999999999999889e-02,2.367723911608555641e+22,7.092995287626016621e+21,3.270343965356407128e+21,1.652619439236336583e+21,8.606669711050189046e+20,4.533061648661084897e+20,2.398171108069342577e+20,1.271015474294544302e+20,6.741275759863015834e+19
2.969696969696969738e-02,6.441321889922167037e+23,1.974023443733618948e+23,9.103619314527813134e+22,4.600557005020481769e+22,2.395950972833727146e+22,1.261933102444473798e+22,6.676142911516145877e+21,3.538315861493424849e+21,1.876670287964504588e+21
