x,t=1.00e+03s,t=2.00e+03s,t=3.00e+03s,t=4.00e+03s,t=5.00e+03s,t=6.00e+03s,t=7.00e+03s,t=8.00e+03s,t=9.00e+03s
3.030303030303030300e-04,6.558963286801035934e+24,1.116554081102179777e+24,1.713489047649044534e+23,2.543079499484154665e+22,3.735663858010445316e+21,5.470823537356597494e+20,8.004898560248315904e+19,1.170982193570293760e+19,1.712829119187884544e+18
0.000000000000000000e+00,6.559150140854319083e+24,1.116601618953452768e+24,1.713571609432797867e+23,2.543206956571996193e+22,3.735853361714708873e+21,5.471102055277335675e+20,8.005306507105207910e+19,1.171041886838519603e+19,1.712916441471082752e+18
6.060606060606060601e-04,6.556987503201318370e+24,1.116051459827427692e+24,1.712616148899594366e+23,2.541731957545610353e+22,3.733660337654594011e+21,5.467878922536377385e+20,8.000585567479406592e+19,1.170351090293606810e+19,1.711905909946887168e+18
3.030303030303030300e-04,6.558963286801032713e+24,1.116554081102178703e+24,1.713489047649045205e+23,2.543079499484153407e+22,3.735663858010444268e+21,5.470823537356590940e+20,8.004898560248315904e+19,1.170982193570292326e+19,1.712829119187882752e+18
9.090909090909090901e-04,6.553879818428859191e+24,1.115261115157363424e+24,1.711243742084608463e+23,2.539613406331264198e+22,3.730510539381189640e+21,5.463249625459651379e+20,7.993805023053594624e+19,1.169358920360834048e+19,1.710454514654151168e+18
6.060606060606060601e-04,6.556987503201314075e+24,1.116051459827427558e+24,1.712616148899595037e+23,2.541731957545607836e+22,3.733660337654590341e+21,5.467878922536373453e+20,8.000585567479404954e+19,1.170351090293605990e+19,1.711905909946885888e+18
1.212121212121212120e-03,6.549559649676874201e+24,1.114162867671524214e+24,1.709337039798682874e+23,2.536670299372116142e+22,3.726134930831508505e+21,5.456818792960298844e+20,7.984385787752855962e+19,1.167980642329876890e+19,1.708438301729772800e+18
9.090909090909090901e-04,6.553879818428854896e+24,1.115261115157362753e+24,1.711243742084608127e+23,2.539613406331262940e+22,3.730510539381185970e+21,5.463249625459645481e+20,7.993805023053596262e+19,1.169358920360834048e+19,1.710454514654150144e+18
1.515151515151515150e-03,6.544015264305603741e+24,1.112754177860551714e+24,1.706891989995728740e+23,2.532896598753377308e+22,3.720524646217363751e+21,5.448573446312731607e+20,7.972308874052350771e+19,1.166213478782446797e+19,1.705853208624726016e+18
1.212121212121212120e-03,6.549559649676873127e+24,1.114162867671523542e+24,1.709337039798682203e+23,2.536670299372113625e+22,3.726134930831505883e+21,5.456818792960295567e+20,7.984385787752855962e+19,1.167980642329876070e+19,1.708438301729771008e+18
1.818181818181818180e-03,6.537242713898916573e+24,1.111034614089682679e+24,1.703908303148634121e+23,2.528292136373791280e+22,3.713679578298734084e+21,5.438513493868480430e+20,7.957574176501253734e+19,1.164057415506600346e+19,1.702699215056670208e+18
1.515151515151515150e-03,6.544015264305599446e+24,1.112754177860551043e+24,1.706891989995728740e+23,2.532896598753376050e+22,3.720524646217361654e+21,5.448573446312728986e+20,7.972308874052344218e+19,1.166213478782445773e+19,1.705853208624724224e+18
2.121212121212120993e-03,6.529239926421665478e+24,1.109004349774673801e+24,1.700386841661957483e+23,2.522858583173256289e+22,3.705602385020550906e+21,5.426642922268060549e+20,7.940187569343240602e+19,1.161513313537865933e+19,1.698977581207986432e+18
1.818181818181818180e-03,6.537242713898913351e+24,1.111034614089683485e+24,1.703908303148634792e+23,2.528292136373792958e+22,3.713679578298738278e+21,5.438513493868481741e+20,7.957574176501253734e+19,1.164057415506600141e+19,1.702699215056670464e+18
2.424242424242424240e-03,6.520005409445760679e+24,1.106663833621200093e+24,1.696329046417879796e+23,2.516598563064593881e+22,3.696297171598814740e+21,5.412967859212284068e+20,7.920158068926024909e+19,1.158582493940479181e+19,1.694690240320913408e+18
2.121212121212120993e-03,6.529239926421664404e+24,1.109004349774674472e+24,1.700386841661954798e+23,2.522858583173255450e+22,3.705602385020549333e+21,5.426642922268057272e+20,7.940187569343238963e+19,1.161513313537865318e+19,1.698977581207986432e+18
2.727272727272727487e-03,6.509537845894590449e+24,1.104013686968422817e+24,1.691736757619317015e+23,2.509515375436742053e+22,3.685769077346110800e+21,5.397495965904987095e+20,7.897496943667540787e+19,1.155266607566112154e+19,1.689839608171540480e+18
2.424242424242424240e-03,6.520005409445763900e+24,1.106663833621199824e+24,1.696329046417878790e+23,2.516598563064592204e+22,3.696297171598813168e+21,5.412967859212283412e+20,7.920158068926026547e+19,1.158582493940478976e+19,1.694690240320913152e+18
3.030303030303030300e-03,6.497835938782013869e+24,1.101054664516954745e+24,1.686612145588196690e+23,2.501612887269496062e+22,3.674024114590439703e+21,5.380236199958968402e+20,7.872217366622037606e+19,1.151567584208210125e+19,1.684428508687287040e+18
2.727272727272727487e-03,6.509537845894589375e+24,1.104013686968423220e+24,1.691736757619317350e+23,2.509515375436740795e+22,3.685769077346113421e+21,5.397495965904989716e+20,7.897496943667544064e+19,1.155266607566111949e+19,1.689839608171541248e+18
3.333333333333333114e-03,6.484898342491737341e+24,1.097787637108447153e+24,1.680957679731374524e+23,2.492895484035672415e+22,3.661069094914302149e+21,5.361198706595318333e+20,7.844334255938158592e+19,1.147487609248991437e+19,1.678460139781657856e+18
3.030303030303030300e-03,6.497835938782012796e+24,1.101054664516955013e+24,1.686612145588197025e+23,2.501612887269496062e+22,3.674024114590440227e+21,5.380236199958971679e+20,7.872217366622042522e+19,1.151567584208210125e+19,1.684428508687287040e+18
3.636363636363636360e-03,6.470723629013146444e+24,1.094213583431831346e+24,1.674776112877639586e+23,2.483368044198379074e+22,3.646911590391178330e+21,5.340394761236650394e+20,7.813864190574729626e+19,1.143029111317777613e+19,1.671938055296560384e+18
3.333333333333333114e-03,6.484898342491736267e+24,1.097787637108446482e+24,1.680957679731374188e+23,2.492895484035671995e+22,3.661069094914301100e+21,5.361198706595319644e+20,7.844334255938153677e+19,1.147487609248991642e+19,1.678460139781656576e+18
3.939393939393939607e-03,6.455310269946244444e+24,1.090333585774034243e+24,1.668070472505336896e+23,2.473035924212597077e+22,3.631559910357544206e+21,5.317836734891803935e+20,7.780825359380470170e+19,1.138194754830517248e+19,1.664866154084738816e+18
3.636363636363636360e-03,6.470723629013150739e+24,1.094213583431831212e+24,1.674776112877637573e+23,2.483368044198379074e+22,3.646911590391176757e+21,5.340394761236651704e+20,7.813864190574724710e+19,1.143029111317777818e+19,1.671938055296559872e+18
4.242424242424241987e-03,6.438656626250947265e+24,1.086148827773185150e+24,1.660844055313439166e+23,2.461904948556350462e+22,3.615023085582179369e+21,5.293538070372298260e+20,7.745237526020888986e+19,1.132987434847375155e+19,1.657248672482872064e+18
3.939393939393939607e-03,6.455310269946244444e+24,1.090333585774033706e+24,1.668070472505335889e+23,2.473035924212597077e+22,3.631559910357541585e+21,5.317836734891802624e+20,7.780825359380458701e+19,1.138194754830516019e+19,1.664866154084737792e+18
4.545454545454545234e-03,6.420760942064876424e+24,1.081660593239053597e+24,1.653100423510700767e+23,2.449981402283906590e+22,3.597310856106849337e+21,5.267513263865693471e+20,7.707122001733948211e+19,1.127410273075146342e+19,1.649090178459030784e+18
4.242424242424241987e-03,6.438656626250949413e+24,1.086148827773185955e+24,1.660844055313439502e+23,2.461904948556350882e+22,3.615023085582178845e+21,5.293538070372299571e+20,7.745237526020880794e+19,1.132987434847374746e+19,1.657248672482871552e+18
4.848484848484848481e-03,6.401621340778465442e+24,1.076870265579842331e+24,1.644843402021752642e+23,2.437272024866146275e+22,3.578433660924176892e+21,5.239777849171734692e+20,7.666501621969077862e+19,1.121466614437166694e+19,1.640395566590034944e+18
4.545454545454545234e-03,6.420760942064873203e+24,1.081660593239054134e+24,1.653100423510701438e+23,2.449981402283907429e+22,3.597310856106850910e+21,5.267513263865691505e+20,7.707122001733941658e+19,1.127410273075146752e+19,1.649090178459029760e+18
5.151515151515151728e-03,6.381235822419760705e+24,1.071779327594257745e+24,1.636077076190574569e+23,2.423784004672352472e+22,3.558402628535356228e+21,5.210348383195578368e+20,7.623400724851590758e+19,1.115160023909652685e+19,1.631170053428246528e+18
4.848484848484848481e-03,6.401621340778466516e+24,1.076870265579842197e+24,1.644843402021753649e+23,2.437272024866146275e+22,3.578433660924176892e+21,5.239777849171734036e+20,7.666501621969081139e+19,1.121466614437166899e+19,1.640395566590034176e+18
5.454545454545454974e-03,6.359602261827402500e+24,1.066389361496281103e+24,1.626805789750168157e+23,2.409524973738761021e+22,3.537229567862699983e+21,5.179242431928332452e+20,7.577845130345565389e+19,1.108494283459607552e+19,1.621419173016686592e+18
5.151515151515151728e-03,6.381235822419766074e+24,1.071779327594257745e+24,1.636077076190574905e+23,2.423784004672354150e+22,3.558402628535354655e+21,5.210348383195580334e+20,7.623400724851590758e+19,1.115160023909652890e+19,1.631170053428246016e+18
5.757575757575757354e-03,6.336718407312546212e+24,1.060702049096509849e+24,1.617034142925333893e+23,2.394503002620776835e+22,3.514926959217929093e+21,5.146478556476922921e+20,7.529862119474987008e+19,1.101473388990647910e+19,1.611148772415468800e+18
5.454545454545454974e-03,6.359602261827403574e+24,1.066389361496280835e+24,1.626805789750167821e+23,2.409524973738759343e+22,3.537229567862696313e+21,5.179242431928331796e+20,7.577845130345562112e+19,1.108494283459607142e+19,1.621419173016685312e+18
6.060606060606060601e-03,6.312581879631103492e+24,1.054719172094769427e+24,1.606766990588854770e+23,2.378726595208408570e+22,3.491507945149960290e+21,5.112076298886181683e+20,7.479480413226955571e+19,1.094101547241746637e+19,1.600365007159152128e+18
5.757575757575757354e-03,6.336718407312547286e+24,1.060702049096509849e+24,1.617034142925333893e+23,2.394503002620775996e+22,3.514926959217929093e+21,5.146478556476920955e+20,7.529862119474980454e+19,1.101473388990647091e+19,1.611148772415469312e+18
6.363636363636363848e-03,6.287190171156657184e+24,1.048442612456166661e+24,1.596009440421725570e+23,2.362204683431371709e+22,3.466986321065825796e+21,5.076056167598803517e+20,7.426730150912411238e+19,1.086383172606091264e+19,1.589074336596994048e+18
6.060606060606060601e-03,6.312581879631105640e+24,1.054719172094769427e+24,1.606766990588854770e+23,2.378726595208409829e+22,3.491507945149960815e+21,5.112076298886183649e+20,7.479480413226949018e+19,1.094101547241746637e+19,1.600365007159152128e+18
6.666666666666666227e-03,6.260540645184287927e+24,1.041874352852965389e+24,1.584766851045749068e+23,2.344946621807875798e+22,3.441376525559697244e+21,5.038439622459513897e+20,7.371642867847802061e+19,1.078322883850092339e+19,1.577283519086964992e+18
6.363636363636363848e-03,6.287190171156652889e+24,1.048442612456166124e+24,1.596009440421724228e+23,2.362204683431370451e+22,3.466986321065823699e+21,5.076056167598804828e+20,7.426730150912406323e+19,1.086383172606090854e+19,1.589074336596992256e+18
6.969696969696969474e-03,6.232630535320398891e+24,1.035016477160968177e+24,1.573044830107642049e+23,2.326962181807926569e+22,3.414693630409885876e+21,4.999249059206582764e+20,7.314251472275759923e+19,1.069925500720636518e+19,1.564999607026111488e+18
6.666666666666666227e-03,6.260540645184286853e+24,1.041874352852965389e+24,1.584766851045747390e+23,2.344946621807874959e+22,3.441376525559696196e+21,5.038439622459515208e+20,7.371642867847799603e+19,1.078322883850091930e+19,1.577283519086964992e+18
7.272727272727272721e-03,6.203456944928326764e+24,1.027871171002839079e+24,1.560849232300375424e+23,2.308261546012395648e+22,3.386953330219396628e+21,4.958507793417137684e+20,7.254590221476344627e+19,1.061196040433522074e+19,1.552229941706934016e+18
6.969696969696969474e-03,6.232630535320398891e+24,1.035016477160967640e+24,1.573044830107641043e+23,2.326962181807927827e+22,3.414693630409883779e+21,4.999249059206584074e+20,7.314251472275757466e+19,1.069925500720636314e+19,1.564999607026111744e+18
7.575757575757575968e-03,6.173016846609452800e+24,1.020440722333368630e+24,1.548186157311701885e+23,2.288855302055619304e+22,3.358171931685697880e+21,4.916240043887114322e+20,7.192694697042444288e+19,1.052139714039265280e+19,1.538982147994260224e+18
7.272727272727272721e-03,6.203456944928327838e+24,1.027871171002838945e+24,1.560849232300375760e+23,2.308261546012396487e+22,3.386953330219396628e+21,4.958507793417135063e+20,7.254590221476350362e+19,1.061196040433522074e+19,1.552229941706933248e+18
7.878787878787879215e-03,6.141307081705848819e+24,1.012727522063221478e+24,1.535061947692591822e+23,2.268754436344020101e+22,3.328366342492034433e+21,4.872470915437255066e+20,7.128601779307415962e+19,1.042761922664579072e+19,1.525264128820155392e+18
7.575757575757575968e-03,6.173016846609454947e+24,1.020440722333368630e+24,1.548186157311701214e+23,2.288855302055620143e+22,3.358171931685698404e+21,4.916240043887113011e+20,7.192694697042446746e+19,1.052139714039265894e+19,1.538982147994258944e+18
8.181818181818182462e-03,6.108324359814373607e+24,1.004734064718817171e+24,1.521483186640038333e+23,2.247970327545813926e+22,3.297554059817096053e+21,4.827226381142588785e+20,7.062349620922560512e+19,1.033068253629256909e+19,1.511084059496457472e+18
7.878787878787879215e-03,6.141307081705848819e+24,1.012727522063221881e+24,1.535061947692590479e+23,2.268754436344018842e+22,3.328366342492034433e+21,4.872470915437255066e+20,7.128601779307420877e+19,1.042761922664579072e+19,1.525264128820155392e+18
8.484848484848483974e-03,6.074065258305357399e+24,9.964629491366753752e+23,1.507456695689970744e+23,2.226514739849226669e+22,3.265753158463102386e+21,4.780533263987963331e+20,6.993977619589518131e+19,1.023064476439212032e+19,1.496450381846083584e+18
8.181818181818182462e-03,6.108324359814374681e+24,1.004734064718817171e+24,1.521483186640039004e+23,2.247970327545813926e+22,3.297554059817095004e+21,4.827226381142586163e+20,7.062349620922562970e+19,1.033068253629257114e+19,1.511084059496456960e+18
8.787878787878787221e-03,6.038526221840642128e+24,9.879168791911384891e+23,1.492989532316718869e+23,2.204399815987850694e+22,3.232982278604526191e+21,4.732419217955430728e+20,6.923526389957048730e+19,1.012756538657138688e+19,1.481371798155306752e+18
8.484848484848483974e-03,6.074065258305357399e+24,9.964629491366753752e+23,1.507456695689970241e+23,2.226514739849228347e+22,3.265753158463100813e+21,4.780533263987962675e+20,6.993977619589517312e+19,1.023064476439211213e+19,1.496450381846083328e+18
9.090909090909090468e-03,6.001703561887312742e+24,9.790986645546429999e+23,1.478088987436108942e+23,2.181638070032903281e+22,3.199260613161309962e+21,4.682912708551668531e+20,6.851037734695514112e+19,1.002150561652801946e+19,1.465857264949897984e+18
8.787878787878787221e-03,6.038526221840643202e+24,9.879168791911388917e+23,1.492989532316718701e+23,2.204399815987852372e+22,3.232982278604526191e+21,4.732419217955433349e+20,6.923526389957048730e+19,1.012756538657138278e+19,1.481371798155308288e+18
9.393939393939393714e-03,5.963593456224189356e+24,9.700112214900134411e+23,1.462762582809608874e+23,2.158242379952889948e+22,3.164607894801746493e+21,4.632042992785542349e+20,6.776554614765168230e+19,9.912528362353498112e+18,1.449915986598697984e+18
9.090909090909090468e-03,6.001703561887309520e+24,9.790986645546424630e+23,1.478088987436108942e+23,2.181638070032904120e+22,3.199260613161309438e+21,4.682912708551671153e+20,6.851037734695512474e+19,1.002150561652802150e+19,1.465857264949897984e+18
9.696969696969696961e-03,5.924191948439068044e+24,9.606575736744266359e+23,1.447018068347152708e+23,2.134225979941720791e+22,3.129044382581141799e+21,4.579840098607397601e+20,6.700121118896309862e+19,9.800698181703546880e+18,1.433557408748614400e+18
9.393939393939393714e-03,5.963593456224189356e+24,9.700112214900130384e+23,1.462762582809609712e+23,2.158242379952890787e+22,3.164607894801747542e+21,4.632042992785543004e+20,6.776554614765164134e+19,9.912528362353496064e+18,1.449915986598697728e+18
1.000000000000000021e-02,5.883494947415094293e+24,9.510408530548489233e+23,1.430863419306523650e+23,2.109602452516856503e+22,3.092590848223084020e+21,4.526334803822878392e+20,6.621782432301442662e+19,9.686081235845838848e+18,1.416791211595415040e+18
9.696969696969696961e-03,5.924191948439068044e+24,9.606575736744262333e+23,1.447018068347152876e+23,2.134225979941722050e+22,3.129044382581140750e+21,4.579840098607394980e+20,6.700121118896308224e+19,9.800698181703540736e+18,1.433557408748615168e+18
1.030303030303030346e-02,5.841498226804937665e+24,9.411643007347787301e+23,1.414306833387227856e+23,2.084385720389353026e+22,3.055268562050962424e+21,4.471558614494920049e+20,6.541584804640534528e+19,9.568745242616383488e+18,1.399627302994953984e+18
1.000000000000000021e-02,5.883494947415097514e+24,9.510408530548483865e+23,1.430863419306523146e+23,2.109602452516856922e+22,3.092590848223083495e+21,4.526334803822877737e+20,6.621782432301444301e+19,9.686081235845840896e+18,1.416791211595415040e+18
1.060606060606060670e-02,5.798197424491857164e+24,9.310312678922915351e+23,1.397356727716818568e+23,2.058590038107968714e+22,3.017099278577573560e+21,4.415543742848297206e+20,6.459575517261807616e+19,9.448759428318003200e+18,1.382075811419747072e+18
1.030303030303030346e-02,5.841498226804939813e+24,9.411643007347783274e+23,1.414306833387227017e+23,2.084385720389353446e+22,3.055268562050962948e+21,4.471558614494918738e+20,6.541584804640534528e+19,9.568745242616383488e+18,1.399627302994953984e+18
1.090909090909090995e-02,5.753588042036874511e+24,9.206452167293760868e+23,1.380021735727785973e+23,2.032229983479857257e+22,2.978105221761571750e+21,4.358323084692177551e+20,6.375802849741817446e+19,9.326194478596100096e+18,1.364147078766066944e+18
1.060606060606060670e-02,5.798197424491858238e+24,9.310312678922908640e+23,1.397356727716817729e+23,2.058590038107969972e+22,3.017099278577573560e+21,4.415543742848295895e+20,6.459575517261806797e+19,9.448759428318009344e+18,1.382075811419747072e+18
1.121212121212121146e-02,5.707665444111372463e+24,9.100097214526415983e+23,1.362310703923017170e+23,2.005320448770453170e+22,2.938309069939553599e+21,4.299930196376225710e+20,6.290316045748829389e+19,9.201122488327547904e+18,1.345851653016798208e+18
1.090909090909090995e-02,5.753588042036876658e+24,9.206452167293762210e+23,1.380021735727785805e+23,2.032229983479858096e+22,2.978105221761573323e+21,4.358323084692173619e+20,6.375802849741814989e+19,9.326194478596102144e+18,1.364147078766067456e+18
1.151515151515151471e-02,5.660424857914688655e+24,8.991284692854682639e+23,1.344232688527884765e+23,1.977876631685470722e+22,2.897733940443069546e+21,4.240399271296735642e+20,6.203165278255020442e+19,9.073616910560223232e+18,1.327200280765580288e+18
1.121212121212121146e-02,5.707665444111370315e+24,9.100097214526413299e+23,1.362310703923017841e+23,2.005320448770450653e+22,2.938309069939552551e+21,4.299930196376225055e+20,6.290316045748826931e+19,9.201122488327549952e+18,1.345851653016797184e+18
1.181818181818181795e-02,5.611861372576223942e+24,8.880052615117429654e+23,1.325796952027005861e+23,1.949914026138088663e+22,2.856403373910294790e+21,4.179765115969551073e+20,6.114401614122825318e+19,8.943752504541341696e+18,1.308203899607858688e+18
1.151515151515151471e-02,5.660424857914688655e+24,8.991284692854675929e+23,1.344232688527885268e+23,1.977876631685469884e+22,2.897733940443069022e+21,4.240399271296734986e+20,6.203165278255019622e+19,9.073616910560228352e+18,1.327200280765580288e+18
1.212121212121212120e-02,5.561969938541669020e+24,8.766440145513173379e+23,1.307012959583642751e+23,1.921448412804520555e+22,2.814341318302243488e+21,4.118063125687094477e+20,6.024076978092485018e+19,8.811605282873888768e+18,1.288873630404581376e+18
1.181818181818181795e-02,5.611861372576221794e+24,8.880052615117421601e+23,1.325796952027005022e+23,1.949914026138088243e+22,2.856403373910294790e+21,4.179765115969548452e+20,6.114401614122824499e+19,8.943752504541343744e+18,1.308203899607858688e+18
1.242424242424242445e-02,5.510745366943176470e+24,8.650487610673759666e+23,1.287890375339782366e+23,1.892495849471443626e+22,2.771572112633797542e+21,4.055329259777140982e+20,5.932244116197335040e+19,8.677252457841205248e+18,1.269220769424423168e+18
1.212121212121212120e-02,5.561969938541671168e+24,8.766440145513169352e+23,1.307012959583641576e+23,1.921448412804520555e+22,2.814341318302243488e+21,4.118063125687092511e+20,6.024076978092483379e+19,8.811605282873885696e+18,1.288873630404580352e+18
1.272727272727272770e-02,5.458182328953072324e+24,8.532236511058706752e+23,1.268439058594739289e+23,1.863072661178833227e+22,2.728120470430087119e+21,3.991600016481442202e+20,5.838956558634775347e+19,8.540772386940525568e+18,1.249256780370565888e+18
1.242424242424242445e-02,5.510745366943179691e+24,8.650487610673758323e+23,1.287890375339781527e+23,1.892495849471444045e+22,2.771572112633797018e+21,4.055329259777137705e+20,5.932244116197334221e+19,8.677252457841206272e+18,1.269220769424422400e+18
1.303030303030303094e-02,5.404275355120959010e+24,8.411729532672568606e+23,1.248669059860231314e+23,1.833195430161950966e+22,2.684011462919075660e+21,3.926912407472605102e+20,5.744268582120725709e+19,8.402244517667009536e+18,1.228993286298058496e+18
1.272727272727272770e-02,5.458182328953074472e+24,8.532236511058706752e+23,1.268439058594739624e+23,1.863072661178834066e+22,2.728120470430085022e+21,3.991600016481441546e+20,5.838956558634772070e+19,8.540772386940530688e+18,1.249256780370565376e+18
1.333333333333333245e-02,5.349018834693961609e+24,8.289010559107260870e+23,1.228590616789734266e+23,1.802880985596397879e+22,2.639270501971300712e+21,3.861303932027978383e+20,5.648235171756284314e+19,8.261749331590382592e+18,1.208442061428016640e+18
1.303030303030303094e-02,5.404275355120962231e+24,8.411729532672564580e+23,1.248669059860231818e+23,1.833195430161951175e+22,2.684011462919073563e+21,3.926912407472602481e+20,5.744268582120724890e+19,8.402244517667014656e+18,1.228993286298058752e+18
1.363636363636363570e-02,5.292407014919967124e+24,8.164124683911670016e+23,1.208214149979903665e+23,1.772146393150275348e+22,2.593923322798249869e+21,3.794812550879616041e+20,5.550911982435424666e+19,8.119368287766925312e+18,1.187615022864862208e+18
1.333333333333333245e-02,5.349018834693964830e+24,8.289010559107258185e+23,1.228590616789733092e+23,1.802880985596397250e+22,2.639270501971299664e+21,3.861303932027976417e+20,5.648235171756281856e+19,8.261749331590377472e+18,1.208442061428016384e+18
1.393939393939393895e-02,5.234434000333622678e+24,8.037118223291008628e+23,1.187550258641812922e+23,1.741008944347735707e+22,2.547995966420733133e+21,3.727476659759695135e+20,5.452355299823063859e+19,7.975183765530310656e+18,1.166524222223016960e+18
1.363636363636363570e-02,5.292407014919969272e+24,8.164124683911670016e+23,1.208214149979902658e+23,1.772146393150275348e+22,2.593923322798249869e+21,3.794812550879616041e+20,5.550911982435423027e+19,8.119368287766921216e+18,1.187615022864861696e+18
1.424242424242424220e-02,5.175093752025034646e+24,7.908038729138311224e+23,1.166609716139658062e+23,1.709486145748227798e+22,2.501514761919224873e+21,3.659335062661052498e+20,5.352622000933276058e+19,7.829279006704849920e+18,1.145181837169429760e+18
1.393939393939393895e-02,5.234434000333624826e+24,8.037118223291009970e+23,1.187550258641813090e+23,1.741008944347735707e+22,2.547995966420732609e+21,3.727476659759697756e+20,5.452355299823060582e+19,7.975183765530308608e+18,1.166524222223015936e+18
1.454545454545454544e-02,5.114380086890796159e+24,7.776935002400713406e+23,1.145403465394548805e+23,1.677595707946048474e+22,2.454506308478009082e+21,3.590426944832568033e+20,5.251769514337464320e+19,7.681738057285387264e+18,1.123600162888427136e+18
1.424242424242424220e-02,5.175093752025029278e+24,7.908038729138309882e+23,1.166609716139658062e+23,1.709486145748227378e+22,2.501514761919224873e+21,3.659335062661051843e+20,5.352622000933275238e+19,7.829279006704854016e+18,1.145181837169429376e+18
1.484848484848484869e-02,5.052286676867543743e+24,7.643857106783174488e+23,1.123942614150960518e+23,1.645355534394928923e+22,2.406997457235518947e+21,3.520791845529795297e+20,5.149855780033050214e+19,7.532645708628775936e+18,1.101791603475467264e+18
1.454545454545454544e-02,5.114380086890794012e+24,7.776935002400710722e+23,1.145403465394548638e+23,1.677595707946047426e+22,2.454506308478010655e+21,3.590426944832569344e+20,5.251769514337465139e+19,7.681738057285392384e+18,1.123600162888427136e+18
1.515151515151515194e-02,4.988807048147527715e+24,7.508856382792514562e+23,1.102238430103341357e+23,1.612783710062496658e+22,2.359015292953174213e+21,3.450469630540944507e+20,5.046939209003091558e+19,7.382087438201786368e+18,1.079768663266350976e+18
1.484848484848484869e-02,5.052286676867539448e+24,7.643857106783179857e+23,1.123942614150960183e+23,1.645355534394928293e+22,2.406997457235519472e+21,3.520791845529795953e+20,5.149855780033051034e+19,7.532645708628783104e+18,1.101791603475467264e+18
1.545454545454545518e-02,4.923934580376357390e+24,7.371985462124446294e+23,1.080302335880273802e+23,1.579898489919749541e+22,2.310587115515461501e+21,3.379500464508918825e+20,4.943078642497690010e+19,7.230149349930712064e+18,1.057543938108578432e+18
1.515151515151515194e-02,4.988807048147528789e+24,7.508856382792522615e+23,1.102238430103340015e+23,1.612783710062496658e+22,2.359015292953174213e+21,3.450469630540944507e+20,5.046939209003094016e+19,7.382087438201785344e+18,1.079768663266351360e+18
1.575757575757575843e-02,4.857662505832533478e+24,7.233298282396660301e+23,1.058145903883613100e+23,1.546718287270694722e+22,2.261740421274020086e+21,3.307924783070065459e+20,4.838333311068204237e+19,7.076918114198628352e+18,1.035130106581508224e+18
1.545454545454545518e-02,4.923934580376356317e+24,7.371985462124447636e+23,1.080302335880273131e+23,1.579898489919748492e+22,2.310587115515462287e+21,3.379500464508920136e+20,4.943078642497694106e+19,7.230149349930712064e+18,1.057543938108578432e+18
1.606060606060605994e-02,4.789983908588883097e+24,7.092850102231020224e+23,1.035780850979865740e+23,1.513261661927685436e+22,2.212502884248818024e+21,3.235783264830650450e+20,4.732762793385627648e+19,6.922480907535931392e+18,1.012539921172063744e+18
1.575757575757575843e-02,4.857662505832531330e+24,7.233298282396660301e+23,1.058145903883613268e+23,1.546718287270693673e+22,2.261740421274020086e+21,3.307924783070064804e+20,4.838333311068205056e+19,7.076918114198624256e+18,1.035130106581508096e+18
1.636363636363636492e-02,4.720891723655559722e+24,6.950697516687886071e+23,1.013219033041060705e+23,1.479547308237971364e+22,2.162902337199626256e+21,3.163116803202029322e+20,4.626426974874343834e+19,6.766925352050436096e+18,9.897861994127262720e+17
1.606060606060605994e-02,4.789983908588882024e+24,7.092850102231014855e+23,1.035780850979864901e+23,1.513261661927683758e+22,2.212502884248816714e+21,3.235783264830649139e+20,4.732762793385625190e+19,6.922480907535924224e+18,1.012539921172062592e+18
1.666666666666666644e-02,4.650378736104581202e+24,6.806898473055842069e+23,9.904724393322986078e+22,1.445594042967331019e+22,2.112966752581171806e+21,3.089966478115836396e+20,4.519386006192946381e+19,6.610339454643294208e+18,9.668818149886080000e+17
1.636363636363636492e-02,4.720891723655561332e+24,6.950697516687888755e+23,1.013219033041060705e+23,1.479547308237970316e+22,2.162902337199625994e+21,3.163116803202031288e+20,4.626426974874341376e+19,6.766925352050436096e+18,9.897861994127270400e+17
1.696969696969696795e-02,4.578437580175764680e+24,6.661512286999946923e+23,9.675531867430668626e+22,1.411420793046734733e+22,2.062724223395538928e+21,3.016373527640396268e+20,4.411700261593653248e+19,6.452811546057131008e+18,9.438396888203756800e+17
1.666666666666666644e-02,4.650378736104581202e+24,6.806898473055839385e+23,9.904724393322984400e+22,1.445594042967330809e+22,2.112966752581171806e+21,3.089966478115835085e+20,4.519386006192942285e+19,6.610339454643294208e+18,9.668818149886076160e+17
1.727272727272727293e-02,4.505060738363828067e+24,6.514599659072032353e+23,9.444735138593402520e+22,1.377046583188256719e+22,2.012202943955557679e+21,2.942379319519916196e+20,4.303430297192116224e+19,6.294430219802851328e+18,9.206727801298538240e+17
1.696969696969696795e-02,4.578437580175759311e+24,6.661512286999937527e+23,9.675531867430663592e+22,1.411420793046734314e+22,2.062724223395537617e+21,3.016373527640394301e+20,4.411700261593648333e+19,6.452811546057128960e+18,9.438396888203750400e+17
1.757575757575757444e-02,4.430240540486761710e+24,6.366222691586444309e+23,9.212457748734807114e+22,1.342490523376643840e+22,1.961431190573074350e+21,2.868025322657969930e+20,4.194636809179437466e+19,6.135284271011966976e+18,8.973940774951208960e+17
1.727272727272727293e-02,4.505060738363825920e+24,6.514599659072033695e+23,9.444735138593395809e+22,1.377046583188256299e+22,2.012202943955557155e+21,2.942379319519914885e+20,4.303430297192117862e+19,6.294430219802850304e+18,9.206727801298538240e+17
1.787878787878787942e-02,4.353969162735016582e+24,6.216444905864536649e+23,8.978824333287766779e+22,1.307771796243110219e+22,1.910437302186139976e+21,2.793353078566785188e+20,4.085380592008112538e+19,5.975462635260607488e+18,8.740165899018970880e+17
1.757575757575757444e-02,4.430240540486758488e+24,6.366222691586444309e+23,9.212457748734792014e+22,1.342490523376642582e+22,1.961431190573073826e+21,2.868025322657967309e+20,4.194636809179438285e+19,6.135284271011961856e+18,8.973940774951200000e+17
1.818181818181818094e-02,4.276238626701607791e+24,6.065331259851753222e+23,8.743960556954700690e+22,1.272909644328222274e+22,1.859249660939231822e+21,2.718404172804131717e+20,3.975722496583818445e+19,5.815054327412213760e+18,8.505533377980574720e+17
1.787878787878787942e-02,4.353969162735014971e+24,6.216444905864539333e+23,8.978824333287763424e+22,1.307771796243110848e+22,1.910437302186139976e+21,2.793353078566785188e+20,4.085380592008113357e+19,5.975462635260606464e+18,8.740165899018968320e+17
1.848484848484848592e-02,4.197040798392945492e+24,5.912948166110866561e+23,8.507993047750130899e+22,1.237923357240881630e+22,1.807896672730937557e+21,2.643220206419395215e+20,3.865723388494838989e+19,5.654148380525067264e+18,8.270173441580419840e+17
1.818181818181818094e-02,4.276238626701606717e+24,6.065331259851753222e+23,8.743960556954700690e+22,1.272909644328221435e+22,1.859249660939230773e+21,2.718404172804130734e+20,3.975722496583815168e+19,5.815054327412210688e+18,8.505533377980568320e+17
1.878787878787878743e-02,4.116367387220176852e+24,5.759363510195029237e+23,8.271049329292245939e+22,1.202832258720692856e+22,1.756406747743439815e+21,2.567842767430617989e+20,3.755444106310870630e+19,5.492833784871307264e+18,8.034216255639880960e+17
1.848484848484848592e-02,4.197040798392947103e+24,5.912948166110865219e+23,8.507993047750130899e+22,1.237923357240881211e+22,1.807896672730936771e+21,2.643220206419396198e+20,3.865723388494838989e+19,5.654148380525066240e+18,8.270173441580417280e+17
1.909090909090909241e-02,4.034209944971002014e+24,5.604646669404630218e+23,8.033257751309442456e+22,1.167655693611206653e+22,1.704808280968409645e+21,2.492313402354204017e+20,3.644945419982931149e+19,5.331199427113630720e+18,7.797791833103102720e+17
1.878787878787878743e-02,4.116367387220174705e+24,5.759363510195023868e+23,8.271049329292247617e+22,1.202832258720692018e+22,1.756406747743437193e+21,2.567842767430617661e+20,3.755444106310867354e+19,5.492833784871303168e+18,8.034216255639877120e+17
1.939393939393939392e-02,3.950559864761709060e+24,5.448868531931663303e+23,7.794747418327095915e+22,1.132413014751751596e+22,1.653129632743918666e+21,2.416673587808988365e+20,3.534287989375922995e+19,5.169334029685661696e+18,7.561029945384855040e+17
1.909090909090909241e-02,4.034209944970998793e+24,5.604646669404628205e+23,8.033257751309445811e+22,1.167655693611206862e+22,1.704808280968408859e+21,2.492313402354203361e+20,3.644945419982930330e+19,5.331199427113633792e+18,7.797791833103102720e+17
1.969696969696969543e-02,3.865408379969417758e+24,5.292101516395768384e+23,7.555648116498827418e+22,1.097123569795865353e+22,1.601399109317206475e+21,2.340964702216370258e+20,3.423532322965365146e+19,5.007326090422160384e+18,7.324060034087452160e+17
1.939393939393939392e-02,3.950559864761710134e+24,5.448868531931662632e+23,7.794747418327094238e+22,1.132413014751752434e+22,1.653129632743919452e+21,2.416673587808986726e+20,3.534287989375922995e+19,5.169334029685664768e+18,7.561029945384852480e+17
2.000000000000000042e-02,3.778746563144251859e+24,5.134419591775943226e+23,7.316090238546225817e+22,1.061806687964521038e+22,1.549644943448079335e+21,2.265227997618144543e+20,3.312738736729609830e+19,4.845263822484333568e+18,7.087011123153422080e+17
1.969696969696969543e-02,3.865408379969414537e+24,5.292101516395763015e+23,7.555648116498819868e+22,1.097123569795865772e+22,1.601399109317205688e+21,2.340964702216368292e+20,3.423532322965363507e+19,5.007326090422158336e+18,7.324060034087447040e+17
2.030303030303030193e-02,3.690565324901412013e+24,4.975898297742055619e+23,7.076204706769518828e+22,1.026481666742648255e+22,1.497895275067924546e+21,2.189504571633556849e+20,3.201967313268718797e+19,4.683235094626002944e+18,6.850011731520208640e+17
2.000000000000000042e-02,3.778746563144250248e+24,5.134419591775941883e+23,7.316090238546224139e+22,1.061806687964522086e+22,1.549644943448079335e+21,2.265227997618144215e+20,3.312738736729608192e+19,4.845263822484332544e+18,7.087011123153424640e+17
2.060606060606060691e-02,3.600855412792851358e+24,4.816614765390358957e+23,6.836122894091390707e+22,9.911677585276511715e+21,1.446178132009289253e+21,2.113835339577042534e+20,3.091277861180819046e+19,4.521327371845273088e+18,6.613189786342451200e+17
2.030303030303030193e-02,3.690565324901409865e+24,4.975898297742049579e+23,7.076204706769514634e+22,1.026481666742648675e+22,1.497895275067923497e+21,2.189504571633555866e+20,3.201967313268717158e+19,4.683235094625998848e+18,6.850011731520206080e+17
2.090909090909090842e-02,3.509607410158555913e+24,4.656647738387469938e+23,6.595976543095183586e+22,9.558841572389887672e+21,1.394521410821144707e+21,2.038261006758123930e+20,2.980729874726859981e+19,4.359627656466727936e+18,6.376672536847459840e+17
2.060606060606060691e-02,3.600855412792848137e+24,4.816614765390357615e+23,6.836122894091390707e+22,9.911677585276513812e+21,1.446178132009288991e+21,2.113835339577041551e+20,3.091277861180821504e+19,4.521327371845273088e+18,6.613189786342452480e+17
2.121212121212121340e-02,3.416811734957162957e+24,4.496077594526985245e+23,6.355897683017758199e+22,9.206499848980438974e+21,1.342952857684872790e+21,1.962822040984570102e+20,2.870382493814075802e+19,4.198222429698112512e+18,6.140586468888062720e+17
2.090909090909090842e-02,3.509607410158551618e+24,4.656647738387465912e+23,6.595976543095178553e+22,9.558841572389879284e+21,1.394521410821142610e+21,2.038261006758122291e+20,2.980729874726860800e+19,4.359627656466729472e+18,6.376672536847452160e+17
2.151515151515151492e-02,3.322458638575803048e+24,4.334986367703448929e+23,6.116018544656642998e+22,8.854842781878797206e+21,1.291500049446188614e+21,1.887558645290066903e+20,2.760294464328440218e+19,4.037197593705604096e+18,5.905057220257251840e+17
2.121212121212121340e-02,3.416811734957160273e+24,4.496077594526982561e+23,6.355897683017752327e+22,9.206499848980432683e+21,1.342952857684872528e+21,1.962822040984570429e+20,2.870382493814076621e+19,4.198222429698114560e+18,6.140586468888058880e+17
2.181818181818181990e-02,3.226538204619021782e+24,4.173457770308151343e+23,5.876471473150097359e+22,8.504059750027379081e+21,1.240190374778111787e+21,1.812510730907255439e+20,2.650524098846001971e+19,3.876638414250906624e+18,5.670209496827596800e+17
2.151515151515151492e-02,3.322458638575802511e+24,4.334986367703447587e+23,6.116018544656636287e+22,8.854842781878798254e+21,1.291500049446188089e+21,1.887558645290065592e+20,2.760294464328440218e+19,4.037197593705600512e+18,5.905057220257244160e+17
2.212121212121212141e-02,3.129040347676505897e+24,4.011577216051241162e+23,5.637388838587794352e+22,8.154339009973812462e+21,1.189051015490190180e+21,1.737717890506942710e+20,2.541129237752546099e+19,3.716629463933043712e+18,5.436166989578136960e+17
2.181818181818181990e-02,3.226538204619022319e+24,4.173457770308148658e+23,5.876471473150097359e+22,8.504059750027379081e+21,1.240190374778111263e+21,1.812510730907254129e+20,2.650524098845999923e+19,3.876638414250905088e+18,5.670209496827593600e+17
2.242424242424242292e-02,3.029954812069655588e+24,3.849431843215258818e+23,5.398902944409269882e+22,7.805867561468100084e+21,1.138108927999180931e+21,1.663219371724115804e+20,2.432167210801039770e+19,3.557254566077307904e+18,5.203052292570588160e+17
2.212121212121212141e-02,3.129040347676505897e+24,4.011577216051239820e+23,5.637388838587790996e+22,8.154339009973812462e+21,1.189051015490189656e+21,1.737717890506943037e+20,2.541129237752545280e+19,3.716629463933043712e+18,5.436166989578138240e+17
2.272727272727272790e-02,2.929271170576595546e+24,3.687110538344610451e+23,5.161145933545887446e+22,7.458831013270425436e+21,1.087390824976310338e+21,1.589054050991045673e+20,2.323694799135432294e+19,3.398596739312950272e+18,4.970986821935505920e+17
2.242424242424242292e-02,3.029954812069652904e+24,3.849431843215252778e+23,5.398902944409265688e+22,7.805867561468096938e+21,1.138108927999180014e+21,1.663219371724115476e+20,2.432167210801036493e+19,3.557254566077306368e+18,5.203052292570585600e+17
2.303030303030302942e-02,2.826978823135617746e+24,3.524703960376024278e+23,4.924249692261617290e+22,7.113413449280841056e+21,1.036923157186306245e+21,1.515260407697692754e+20,2.215768197809468211e+19,3.240738142880978432e+18,4.740090735928762880e+17
2.272727272727272790e-02,2.929271170576596083e+24,3.687110538344605082e+23,5.161145933545882413e+22,7.458831013270422290e+21,1.087390824976310338e+21,1.589054050991045673e+20,2.323694799135432294e+19,3.398596739312950272e+18,4.970986821935504000e+17
2.333333333333333440e-02,2.723066995526846606e+24,3.362304565215027234e+23,4.688345751646802176e+22,6.769797295104817365e+21,9.867320955332887839e+20,1.441876498699270390e+20,2.108442978828409242e+19,3.083760022712411648e+18,4.510482856117260800e+17
2.303030303030302942e-02,2.826978823135617209e+24,3.524703960376020251e+23,4.924249692261613935e+22,7.113413449280833716e+21,1.036923157186305196e+21,1.515260407697691443e+20,2.215768197809467392e+19,3.240738142880977408e+18,4.740090735928757760e+17
2.363636363636363591e-02,2.617524738031834456e+24,3.200006630763513973e+23,4.453565186718027481e+22,6.428163185172079968e+21,9.368435133285485773e+20,1.368939933190601114e+20,2.001774054741268480e+19,2.927742658316999680e+18,4.282280589751972480e+17
2.333333333333333440e-02,2.723066995526845533e+24,3.362304565215029918e+23,4.688345751646801337e+22,6.769797295104815268e+21,9.867320955332886528e+20,1.441876498699270226e+20,2.108442978828410061e+19,3.083760022712410624e+18,4.510482856117260800e+17
2.393939393939394089e-02,2.510340924071105029e+24,3.037906282403531997e+23,4.220038513076522189e+22,6.088689830529580663e+21,8.872829687952514744e+20,1.296487847966590566e+20,1.895815642810706330e+19,2.772765310521415168e+18,4.055599853385402240e+17
2.363636363636363591e-02,2.617524738031832309e+24,3.200006630763513302e+23,4.453565186718025803e+22,6.428163185172077871e+21,9.368435133285479219e+20,1.368939933190601114e+20,2.001774054741267661e+19,2.927742658316996608e+18,4.282280589751969920e+17
2.424242424242424240e-02,2.401504248819290114e+24,2.876101518942736839e+23,3.987895581076413324e+22,5.751553887433103770e+21,8.380756878249132032e+20,1.224556883087883633e+20,1.790621229787134157e+19,2.618906170095505408e+18,3.830554997789539200e+17
2.393939393939394089e-02,2.510340924071103955e+24,3.037906282403531325e+23,4.220038513076524705e+22,6.088689830529578566e+21,8.872829687952510812e+20,1.296487847966590403e+20,1.895815642810705920e+19,2.772765310521413632e+18,4.055599853385397760e+17
2.454545454545454392e-02,2.291003227797760042e+24,2.714692239026749797e+23,3.757265467453111219e+22,5.416929826865345987e+21,7.892465470004742062e+20,1.153183157970380882e+20,1.686243537313187021e+19,2.466242307304097280e+18,3.607258734229038720e+17
2.424242424242424240e-02,2.401504248819290114e+24,2.876101518942737510e+23,3.987895581076415001e+22,5.751553887433103770e+21,8.380756878249129411e+20,1.224556883087882650e+20,1.790621229787134157e+19,2.618906170095504384e+18,3.830554997789537920e+17
2.484848484848484890e-02,2.178826195444513125e+24,2.553780268023958030e+23,3.528276364361287179e+22,5.084989805112303026e+21,7.408200569006548582e+20,1.082402247917024870e+20,1.582734487984095642e+19,2.314849622421385216e+18,3.385822062143504640e+17
2.454545454545454392e-02,2.291003227797757895e+24,2.714692239026747448e+23,3.757265467453109541e+22,5.416929826865340744e+21,7.892465470004736819e+20,1.153183157970379407e+20,1.686243537313185587e+19,2.466242307304096768e+18,3.607258734229035520e+17
2.515151515151515041e-02,2.064961303661170230e+24,2.393469385388322718e+23,3.301055465770710991e+22,4.755903535533352026e+21,6.928203457001361244e+20,1.012249161109846426e+20,1.480145172088972902e+19,2.164802797243766528e+18,3.166354198291168640e+17
2.484848484848484890e-02,2.178826195444513393e+24,2.553780268023956353e+23,3.528276364361287598e+22,5.084989805112303026e+21,7.408200569006545961e+20,1.082402247917024543e+20,1.582734487984095232e+19,2.314849622421385216e+18,3.385822062143504640e+17
2.545454545454545539e-02,1.949396520336822173e+24,2.233865352505873001e+23,3.075728851167331169e+22,4.429838161664419561e+21,6.452711430799675884e+20,9.427583160799240192e+19,1.378525815057454899e+19,2.016175247636480512e+18,2.948962507405429760e+17
2.515151515151515041e-02,2.064961303661169156e+24,2.393469385388320704e+23,3.301055465770708055e+22,4.755903535533352026e+21,6.928203457001359933e+20,1.012249161109845606e+20,1.480145172088971878e+19,2.164802797243765248e+18,3.166354198291169920e+17
2.575757575757575690e-02,1.832119627848631403e+24,2.075075941030632264e+23,2.852421366505852109e+22,4.106958131797533131e+21,5.981957644624359588e+20,8.739635196725202125e+19,1.277925745635526861e+19,1.869039077148256512e+18,2.733752434414060160e+17
2.545454545454545539e-02,1.949396520336821636e+24,2.233865352505873001e+23,3.075728851167330330e+22,4.429838161664420086e+21,6.452711430799675884e+20,9.427583160799230362e+19,1.378525815057454080e+19,2.016175247636479232e+18,2.948962507405429120e+17
2.606060606060606188e-02,1.713118221538836596e+24,1.917210961715877946e+23,2.631256502359079204e+22,3.787425075184211067e+21,5.516170955844373053e+20,8.058979455242169549e+19,1.178393364813747405e+19,1.723465031727427072e+18,2.520827438269795840e+17
2.575757575757575690e-02,1.832119627848629256e+24,2.075075941030630921e+23,2.852421366505850431e+22,4.106958131797531034e+21,5.981957644624355656e+20,8.739635196725193933e+19,1.277925745635526451e+19,1.869039077148254976e+18,2.733752434414057600e+17
2.636363636363636340e-02,1.592379708168113459e+24,1.760382293746653248e+23,2.412356269208126882e+22,3.471397680014187037e+21,5.055575774231920640e+20,7.385941130684855091e+19,1.079976115530443981e+19,1.579522455571915776e+18,2.310288927439587200e+17
2.606060606060606188e-02,1.713118221538834717e+24,1.917210961715877275e+23,2.631256502359079204e+22,3.787425075184210543e+21,5.516170955844370432e+20,8.058979455242169549e+19,1.178393364813746586e+19,1.723465031727426048e+18,2.520827438269795520e+17
2.666666666666666491e-02,1.469891304344924245e+24,1.604703914579659745e+23,2.195841069816631578e+22,3.159031573325327892e+21,4.600391914879021220e+20,6.720838670856439398e+19,9.827204531718039552e+18,1.437279248144687616e+18,2.102236197098283200e+17
2.636363636363636340e-02,1.592379708168112116e+24,1.760382293746654254e+23,2.412356269208124785e+22,3.471397680014187037e+21,5.055575774231921951e+20,7.385941130684853453e+19,1.079976115530443981e+19,1.579522455571915520e+18,2.310288927439585280e+17
2.696969696969696989e-02,1.345640034930793183e+24,1.450291930296652451e+23,1.981829568630891112e+22,2.850479203005008183e+21,4.150834454907314504e+20,6.063983578127412429e+19,8.866718168901272576e+18,1.296801822385127680e+18,1.896766368071331840e+17
2.666666666666666491e-02,1.469891304344923440e+24,1.604703914579659074e+23,2.195841069816629900e+22,3.159031573325327368e+21,4.600391914879018598e+20,6.720838670856435302e+19,9.827204531718035456e+18,1.437279248144686848e+18,2.102236197098280960e+17
2.727272727272727140e-02,1.219612731421184328e+24,1.297264606477635803e+23,1.770438558146791421e+22,2.545889722047582962e+21,3.707113594101904179e+20,5.415680216283966669e+19,7.918746017607569408e+18,1.158155064145904896e+18,1.693974327569333120e+17
2.696969696969696989e-02,1.345640034930793451e+24,1.450291930296652283e+23,1.981829568630889854e+22,2.850479203005010280e+21,4.150834454907313193e+20,6.063983578127415706e+19,8.866718168901270528e+18,1.296801822385127168e+18,1.896766368071330560e+17
2.757575757575757638e-02,1.091796030301825772e+24,1.145742399600254716e+23,1.561782822183204448e+22,2.245408875237235229e+21,3.269434519597316833e+20,4.776225623271409254e+19,6.983721317975708672e+18,1.021402292883774976e+18,1.493952671755943040e+17
2.727272727272727140e-02,1.219612731421183254e+24,1.297264606477635300e+23,1.770438558146789743e+22,2.545889722047582962e+21,3.707113594101902868e+20,5.415680216283968307e+19,7.918746017607566336e+18,1.158155064145904896e+18,1.693974327569332800e+17
2.787878787878787790e-02,9.621763713802110794e+23,9.958479889718315477e+22,1.355974996000467268e+22,1.949178888430237254e+21,2.837997274740515799e+20,4.145909329973116928e+19,6.062066338461410304e+18,8.866052236317953280e+17,1.296791650189093920e+17
2.757575757575757638e-02,1.091796030301824833e+24,1.145742399600254549e+23,1.561782822183205077e+22,2.245408875237233132e+21,3.269434519597316833e+20,4.776225623271404339e+19,6.983721317975711744e+18,1.021402292883774592e+18,1.493952671755943680e+17
2.818181818181818288e-02,8.307399960920693901e+23,8.477063092006611950e+22,1.153125423201179088e+22,1.657338360615342440e+21,2.412996632252365537e+20,3.525013185160178483e+19,5.154192123729149952e+18,7.538239302792750080e+17,1.102579112173777760e+17
2.787878787878787790e-02,9.621763713802098715e+23,9.958479889718312121e+22,1.355974996000466639e+22,1.949178888430233846e+21,2.837997274740513833e+20,4.145909329973112832e+19,6.062066338461410304e+18,8.866052236317944320e+17,1.296791650189093280e+17
2.848484848484848439e-02,6.974729457826165466e+23,7.014445832132982997e+22,9.533420093496860082e+21,1.370022158936129405e+21,1.994621971805720084e+20,2.913811186741809152e+19,4.260498251680953856e+18,6.231168101847735040e+17,9.114004550632992000e+16
2.818181818181818288e-02,8.307399960920691216e+23,8.477063092006613628e+22,1.153125423201179088e+22,1.657338360615340605e+21,2.412996632252364554e+20,3.525013185160179302e+19,5.154192123729148928e+18,7.538239302792750080e+17,1.102579112173777600e+17
2.878787878787878937e-02,5.623610599622618372e+23,5.571923558245779636e+22,7.567300722450282578e+21,1.087361316863935906e+21,1.583057162133906719e+20,2.312569319440560538e+19,3.381372599790023680e+18,4.945405501462460160e+17,7.233385745439816000e+16
2.848484848484848439e-02,6.974729457826161440e+23,7.014445832132977125e+22,9.533420093496849596e+21,1.370022158936128356e+21,1.994621971805718774e+20,2.913811186741806285e+19,4.260498251680950784e+18,6.231168101847733760e+17,9.114004550632987200e+16
2.909090909090909088e-02,4.253899745366680787e+23,4.150815278673784157e+22,5.633921887812136731e+21,8.094829357154448179e+20,1.178480447779776266e+20,1.721545399011559219e+19,2.517191120900445184e+18,3.681500937514122880e+17,5.384738169369404000e+16
2.878787878787878937e-02,5.623610599622617030e+23,5.571923558245776281e+22,7.567300722450278384e+21,1.087361316863934857e+21,1.583057162133906719e+20,2.312569319440558899e+19,3.381372599790023168e+18,4.945405501462455680e+17,7.233385745439819200e+16
2.939393939393939240e-02,2.865451200107403763e+23,2.752463908890786503e+22,3.734280383272348287e+21,5.365100897140321812e+20,7.810643405907171738e+19,1.140988923118313882e+19,1.668317628645157632e+18,2.439986101301712960e+17,3.568839335486420800e+16
2.909090909090909088e-02,4.253899745366680116e+23,4.150815278673786674e+22,5.633921887812135682e+21,8.094829357154442936e+20,1.178480447779775775e+20,1.721545399011557581e+19,2.517191120900445696e+18,3.681500937514120960e+17,5.384738169369404800e+16
2.969696969696969738e-02,1.458117196664944019e+23,1.378236624219325176e+22,1.869342425580781437e+21,2.685617347995959296e+20,3.909755160606598758e+19,5.711409289726117888e+18,8.351035926271036160e+17,1.221374641298169120e+17,1.786440371004390800e+16
2.939393939393939240e-02,2.865451200107401414e+23,2.752463908890785245e+22,3.734280383272346190e+21,5.365100897140319191e+20,7.810643405907165184e+19,1.140988923118312038e+19,1.668317628645156864e+18,2.439986101301711360e+17,3.568839335486420000e+16
2.999999999999999889e-02,3.174787714449489789e+21,2.952521834588053176e+20,4.004201666631576781e+19,5.752621396993815552e+18,8.374714614953555200e+17,1.223385783943234560e+17,1.788794349976867400e+16,2.616187932546337000e+15,3.826560265437893125e+14
2.969696969696969738e-02,1.458117196664942677e+23,1.378236624219323708e+22,1.869342425580779864e+21,2.685617347995960279e+20,3.909755160606593843e+19,5.711409289726111744e+18,8.351035926271023360e+17,1.221374641298168320e+17,1.786440371004389600e+16
